0 117 126
500 77 94
1000 65 81
1500 56 77
2000 49 68
2500 42 60
3000 40 64
3500 38 69
4000 37 65
4500 36 68
5000 34 61
5500 33 60
6000 32 60
6500 31 58
7000 31 60
7500 31 62
8000 31 59
8500 31 53
9000 30 59
9500 30 57
10000 30 53
10500 29 53
11000 29 57
11500 29 51
12000 29 59
12500 29 53
13000 27 52
13500 27 55
14000 27 62
14500 26 54
15000 26 59
15500 25 59
16000 25 55
16500 25 54
17000 25 56
17500 25 53
18000 24 46
18500 24 59
19000 24 51
19500 24 46
20000 24 56
20500 24 58
21000 24 50
21500 24 49
22000 24 55
22500 24 60
23000 24 55
23500 24 49
24000 24 53
24500 24 52
25000 23 51
25500 23 48
26000 23 50
26500 22 57
27000 22 53
27500 22 58
28000 22 54
28500 22 48
29000 22 49
29500 22 56
30000 22 46
30500 22 54
31000 22 48
31500 22 48
32000 22 50
32500 22 51
33000 22 53
33500 22 51
34000 22 53
34500 22 49
35000 22 45
35500 22 51
36000 22 49
36500 22 48
37000 22 48
37500 22 50
38000 22 48
38500 22 48
39000 22 52
39500 22 49
40000 22 50
40500 22 48
41000 22 54
41500 22 48
42000 22 49
42500 22 53
43000 22 50
43500 22 49
44000 22 52
44500 22 52
45000 22 54
45500 22 54
46000 22 55
46500 21 53
47000 21 54
47500 21 54
48000 21 46
48500 21 47
49000 21 56
49500 21 55
50000 21 53
50500 21 48
51000 21 52
51500 21 51
52000 21 49
52500 21 51
53000 21 53
53500 21 47
54000 21 53
54500 21 49
55000 21 50
55500 21 53
56000 21 54
56500 21 50
57000 21 49
57500 21 54
58000 21 47
58500 21 53
59000 21 52
59500 21 46
60000 21 48
60500 21 52
61000 21 54
61500 21 52
62000 21 52
62500 21 45
63000 21 52
63500 20 50
64000 20 46
64500 20 52
65000 20 52
65500 19 54
66000 19 46
66500 19 56
67000 19 55
67500 19 53
68000 19 48
68500 18 44
69000 18 56
69500 18 45
70000 18 47
70500 18 49
71000 18 50
71500 18 50
72000 18 48
72500 18 46
73000 18 51
73500 18 43
74000 18 53
74500 18 49
75000 18 50
75500 18 49
76000 18 52
76500 18 50
77000 18 44
77500 18 44
78000 18 49
78500 18 49
79000 18 55
79500 18 48
80000 18 45
80500 18 50
81000 18 49
81500 18 51
82000 18 49
82500 18 46
83000 18 46
83500 18 50
84000 18 50
84500 18 53
85000 18 50
85500 18 48
86000 18 43
86500 18 53
87000 18 52
87500 18 48
88000 18 52
88500 18 48
89000 18 51
89500 18 48
90000 18 51
90500 18 46
91000 18 48
91500 18 45
92000 18 46
92500 18 41
93000 18 49
93500 18 52
94000 18 43
94500 18 44
95000 18 46
95500 18 44
96000 18 44
96500 18 45
97000 18 44
97500 18 51
98000 18 46
98500 18 46
99000 18 48
99500 18 45
100000 18 46
100500 18 48
101000 18 48
101500 18 56
102000 18 48
102500 18 51
103000 18 52
103500 18 48
104000 18 55
104500 18 46
105000 18 54
105500 18 47
106000 18 48
106500 18 52
107000 18 46
107500 18 49
108000 18 47
108500 18 46
109000 18 49
109500 18 46
110000 18 52
110500 18 50
111000 18 53
111500 18 50
112000 18 46
112500 18 53
113000 18 51
113500 18 49
114000 18 48
114500 18 54
115000 18 49
115500 18 48
116000 18 53
116500 18 47
117000 18 48
117500 18 54
118000 18 42
118500 18 49
119000 18 51
119500 18 47
120000 18 51
120500 18 49
121000 18 47
121500 18 45
122000 18 48
122500 18 52
123000 18 43
123500 18 53
124000 18 53
124500 18 49
125000 17 50
125500 17 48
126000 17 55
126500 17 45
127000 17 45
127500 17 58
128000 17 45
128500 17 47
129000 17 48
129500 17 50
130000 17 52
130500 17 50
131000 17 54
131500 17 48
132000 17 47
132500 17 48
133000 17 51
133500 17 51
134000 17 43
134500 17 44
135000 17 50
135500 17 44
136000 17 50
136500 17 58
137000 17 39
137500 17 46
138000 17 45
138500 17 50
139000 17 46
139500 17 48
140000 17 44
140500 17 50
141000 17 47
141500 17 48
142000 17 56
142500 17 48
143000 17 48
143500 17 51
144000 17 49
144500 17 48
145000 17 46
145500 17 51
146000 17 48
146500 17 42
147000 17 45
147500 17 53
148000 17 48
148500 17 51
149000 17 51
149500 17 46
150000 17 50
150500 17 49
151000 17 48
151500 17 48
152000 17 45
152500 17 50
153000 17 47
153500 17 45
154000 17 51
154500 17 48
155000 17 49
155500 17 48
156000 17 48
156500 17 44
157000 17 49
157500 17 48
158000 17 50
158500 17 46
159000 17 54
159500 17 50
160000 17 42
160500 17 44
161000 17 48
161500 17 43
162000 17 52
162500 17 44
163000 17 56
163500 17 44
164000 17 52
164500 17 48
165000 17 45
165500 17 53
166000 17 42
166500 17 48
167000 17 50
167500 17 46
168000 17 46
168500 17 45
169000 17 47
169500 17 49
170000 17 47
170500 17 47
171000 17 51
171500 17 45
172000 17 51
172500 17 55
173000 17 50
173500 17 49
174000 17 50
174500 17 46
175000 17 48
175500 17 43
176000 17 53
176500 17 45
177000 17 41
177500 17 45
178000 17 48
178500 17 45
179000 17 51
179500 17 50
180000 17 46
180500 17 47
181000 17 50
181500 17 54
182000 17 50
182500 17 44
183000 17 44
183500 17 46
184000 17 48
184500 17 42
185000 17 51
185500 17 51
186000 17 47
186500 17 45
187000 17 47
187500 17 51
188000 17 48
188500 17 51
189000 17 47
189500 17 47
190000 17 44
190500 17 52
191000 17 48
191500 17 51
192000 17 51
192500 17 52
193000 17 48
193500 17 51
194000 17 45
194500 17 46
195000 17 44
195500 17 45
196000 17 43
196500 17 51
197000 17 41
197500 17 48
198000 17 44
198500 17 46
199000 17 48
199500 17 54
200000 17 50
200500 17 44
201000 17 51
201500 17 50
202000 17 46
202500 17 46
203000 17 46
203500 17 49
204000 17 45
204500 17 47
205000 17 49
205500 17 50
206000 17 46
206500 17 51
207000 17 51
207500 17 43
208000 17 50
208500 17 50
209000 17 44
209500 17 48
210000 17 47
210500 17 54
211000 17 43
211500 17 50
212000 17 51
212500 17 52
213000 17 48
213500 17 47
214000 17 48
214500 17 48
215000 17 51
215500 17 47
216000 17 46
216500 17 44
217000 17 46
217500 17 48
218000 17 50
218500 17 46
219000 17 49
219500 17 43
220000 17 51
220500 17 46
221000 17 50
221500 17 47
222000 17 45
222500 17 49
223000 17 46
223500 17 47
224000 17 53
224500 17 41
225000 17 49
225500 17 54
226000 17 47
226500 17 47
227000 17 41
227500 17 43
228000 17 48
228500 17 49
229000 17 47
229500 17 44
230000 17 46
230500 17 44
231000 17 48
231500 17 48
232000 17 43
232500 17 50
233000 17 50
233500 17 49
234000 17 48
234500 17 44
235000 17 46
235500 17 52
236000 17 56
236500 17 43
237000 17 47
237500 17 50
238000 17 45
238500 17 51
239000 17 46
239500 17 50
240000 17 50
240500 17 45
241000 17 52
241500 17 48
242000 17 50
242500 17 49
243000 17 50
243500 17 49
244000 17 56
244500 17 45
245000 17 49
245500 17 45
246000 17 42
246500 17 50
247000 17 50
247500 17 48
248000 17 51
248500 17 49
249000 17 49
249500 17 44
250000 17 50
250500 17 44
251000 17 48
251500 17 46
252000 17 47
252500 17 48
253000 17 48
253500 17 49
254000 17 48
254500 17 47
255000 17 53
255500 17 52
256000 17 45
256500 17 52
257000 17 51
257500 17 44
258000 17 46
258500 17 51
259000 17 47
259500 17 55
260000 17 43
260500 17 53
261000 17 44
261500 17 55
262000 17 45
262500 17 47
263000 17 44
263500 17 46
264000 17 45
264500 17 40
265000 17 44
265500 17 47
266000 17 50
266500 17 50
267000 17 50
267500 17 50
268000 17 47
268500 17 48
269000 17 46
269500 17 39
270000 17 48
270500 17 47
271000 17 48
271500 17 47
272000 17 46
272500 17 49
273000 17 52
273500 17 43
274000 17 45
274500 17 50
275000 17 49
275500 17 53
276000 17 50
276500 17 52
277000 17 47
277500 17 49
278000 17 51
278500 17 49
279000 17 44
279500 17 49
280000 17 53
280500 17 52
281000 17 48
281500 17 49
282000 17 45
282500 17 47
283000 17 48
283500 17 43
284000 17 45
284500 17 44
285000 17 51
285500 17 44
286000 17 49
286500 17 46
287000 17 51
287500 17 51
288000 17 44
288500 17 51
289000 17 47
289500 17 45
290000 17 49
290500 17 46
291000 17 44
291500 17 48
292000 17 47
292500 17 50
293000 17 52
293500 17 45
294000 17 44
294500 17 48
295000 17 50
295500 17 50
296000 17 48
296500 17 52
297000 17 44
297500 17 48
298000 17 48
298500 17 46
299000 17 49
299500 17 51
300000 17 49
300500 17 49
301000 17 49
301500 17 48
302000 17 51
302500 17 43
303000 17 53
303500 17 51
304000 17 43
304500 17 45
305000 17 50
305500 17 50
306000 17 48
306500 17 50
307000 17 43
307500 17 44
308000 17 44
308500 17 44
309000 17 44
309500 17 46
310000 17 48
310500 17 46
311000 17 46
311500 17 49
312000 17 54
312500 17 45
313000 17 51
313500 17 50
314000 17 42
314500 17 46
315000 17 53
315500 17 51
316000 17 48
316500 17 47
317000 17 49
317500 17 49
318000 17 52
318500 17 49
319000 17 48
319500 17 46
320000 17 49
320500 17 45
321000 17 46
321500 17 54
322000 17 52
322500 17 41
323000 17 45
323500 17 47
324000 17 49
324500 17 46
325000 17 48
325500 17 51
326000 17 51
326500 17 51
327000 17 48
327500 17 52
328000 17 43
328500 17 41
329000 17 48
329500 17 47
330000 17 43
330500 17 51
331000 17 44
331500 17 47
332000 17 49
332500 17 48
333000 17 47
333500 17 45
334000 17 50
334500 17 49
335000 17 49
335500 17 50
336000 17 51
336500 17 53
337000 17 54
337500 17 51
338000 17 48
338500 17 48
339000 17 43
339500 17 49
340000 17 49
340500 17 51
341000 17 49
341500 17 51
342000 17 48
342500 17 50
343000 17 50
343500 17 45
344000 17 54
344500 17 55
345000 17 55
345500 17 47
346000 17 48
346500 17 51
347000 17 46
347500 17 50
348000 17 48
348500 17 52
349000 17 49
349500 17 46
350000 17 53
350500 17 45
351000 17 50
351500 17 46
352000 17 46
352500 17 43
353000 17 48
353500 17 51
354000 17 48
354500 17 50
355000 17 57
355500 17 42
356000 17 47
356500 17 45
357000 17 40
357500 17 47
358000 17 47
358500 17 49
359000 17 50
359500 17 44
360000 17 47
360500 17 49
361000 17 45
361500 17 52
362000 17 54
362500 17 49
363000 17 47
363500 17 47
364000 17 51
364500 17 48
365000 17 50
365500 17 52
366000 17 53
366500 17 48
367000 17 42
367500 17 57
368000 17 46
368500 17 50
369000 17 48
369500 17 48
370000 17 46
370500 17 43
371000 17 53
371500 17 49
372000 17 44
372500 17 57
373000 17 47
373500 17 47
374000 17 46
374500 17 44
375000 17 43
375500 17 50
376000 17 53
376500 17 45
377000 17 41
377500 17 47
378000 17 58
378500 17 45
379000 17 54
379500 17 43
380000 17 44
380500 17 50
381000 17 51
381500 17 45
382000 17 48
382500 17 54
383000 17 47
383500 17 46
384000 17 48
384500 17 48
385000 17 51
385500 17 45
386000 17 48
386500 17 48
387000 17 46
387500 17 48
388000 17 48
388500 17 45
389000 17 48
389500 17 50
390000 17 52
390500 17 50
391000 17 51
391500 17 43
392000 17 48
392500 17 46
393000 17 50
393500 17 53
394000 17 49
394500 17 52
395000 17 45
395500 17 49
396000 17 45
396500 17 49
397000 17 47
397500 17 50
398000 17 47
398500 17 43
399000 17 47
399500 17 49
400000 17 52
400500 17 48
401000 17 43
401500 17 44
402000 17 46
402500 17 44
403000 17 48
403500 17 53
404000 17 52
404500 17 45
405000 17 52
405500 17 40
406000 17 45
406500 17 48
407000 17 46
407500 17 45
408000 17 47
408500 17 58
409000 17 47
409500 17 46
410000 17 47
410500 17 46
411000 17 51
411500 17 43
412000 17 44
412500 17 55
413000 17 53
413500 17 52
414000 17 46
414500 17 51
415000 17 47
415500 17 47
416000 17 47
416500 17 46
417000 17 39
417500 17 42
418000 17 49
418500 17 49
419000 17 40
419500 17 41
420000 17 47
420500 17 48
421000 17 47
421500 17 52
422000 17 51
422500 17 45
423000 17 48
423500 17 42
424000 17 49
424500 17 48
425000 17 50
425500 17 45
426000 17 43
426500 17 47
427000 17 45
427500 17 46
428000 17 53
428500 17 49
429000 17 43
429500 17 44
430000 17 46
430500 17 52
431000 17 46
431500 17 51
432000 17 42
432500 17 42
433000 17 48
433500 17 51
434000 17 48
434500 17 43
435000 17 47
435500 17 47
436000 17 43
436500 17 49
437000 17 50
437500 17 43
438000 17 46
438500 17 49
439000 17 49
439500 17 49
440000 17 50
440500 17 49
441000 17 49
441500 17 52
442000 17 48
442500 17 50
443000 17 59
443500 17 47
444000 17 45
444500 17 46
445000 17 53
445500 17 45
446000 17 45
446500 17 46
447000 17 45
447500 17 47
448000 17 46
448500 17 43
449000 17 52
449500 17 39
450000 17 44
450500 17 46
451000 17 42
451500 17 38
452000 17 51
452500 17 49
453000 17 46
453500 17 42
454000 17 51
454500 17 49
455000 17 49
455500 17 50
456000 17 49
456500 17 51
457000 17 42
457500 17 44
458000 17 45
458500 17 50
459000 17 50
459500 17 47
460000 17 54
460500 17 48
461000 17 49
461500 17 49
462000 17 48
462500 17 45
463000 17 42
463500 17 51
464000 17 51
464500 17 45
465000 17 47
465500 17 47
466000 17 47
466500 17 50
467000 17 49
467500 17 46
468000 17 46
468500 17 49
469000 17 49
469500 17 47
470000 17 47
470500 17 46
471000 17 46
471500 17 48
472000 17 49
472500 17 48
473000 17 44
473500 17 49
474000 17 50
474500 17 56
475000 17 51
475500 17 51
476000 17 45
476500 17 51
477000 17 43
477500 17 51
478000 17 52
478500 17 52
479000 17 48
479500 17 51
480000 17 46
480500 17 50
481000 17 54
481500 17 50
482000 17 48
482500 17 51
483000 17 49
483500 17 46
484000 17 44
484500 17 50
485000 17 48
485500 17 43
486000 17 50
486500 17 45
487000 17 44
487500 17 43
488000 17 52
488500 17 49
489000 17 44
489500 17 44
490000 17 49
490500 17 46
491000 17 44
491500 17 51
492000 17 53
492500 17 48
493000 17 45
493500 17 49
494000 17 51
494500 17 53
495000 17 47
495500 17 50
496000 17 44
496500 17 41
497000 17 38
497500 17 44
498000 17 45
498500 17 49
499000 17 48
499500 17 48
500000 17 46
500500 17 39
501000 17 49
501500 17 42
502000 17 50
502500 17 45
503000 17 42
503500 17 46
504000 17 46
504500 17 48
505000 17 47
505500 17 49
506000 17 50
506500 17 49
507000 17 51
507500 17 50
508000 17 46
508500 17 52
509000 17 46
509500 17 46
510000 17 49
510500 17 48
511000 17 50
511500 17 46
512000 17 48
512500 17 45
513000 17 57
513500 17 47
514000 17 42
514500 17 47
515000 17 54
515500 17 40
516000 17 49
516500 17 48
517000 17 46
517500 17 51
518000 17 48
518500 17 43
519000 17 47
519500 17 49
520000 17 44
520500 17 47
521000 17 44
521500 17 42
522000 17 46
522500 17 53
523000 17 46
523500 17 40
524000 17 52
524500 17 52
525000 17 49
525500 17 51
526000 17 42
526500 17 51
527000 17 45
527500 17 52
528000 17 47
528500 17 48
529000 17 50
529500 17 47
530000 17 45
530500 17 49
531000 17 45
531500 17 49
532000 17 54
532500 17 43
533000 17 45
533500 17 40
534000 17 51
534500 17 43
535000 17 45
535500 17 47
536000 17 48
536500 17 52
537000 17 47
537500 17 57
538000 17 46
538500 17 44
539000 17 46
539500 17 47
540000 17 45
540500 17 47
541000 17 47
541500 17 49
542000 17 47
542500 17 47
543000 17 48
543500 17 49
544000 17 47
544500 17 41
545000 17 53
545500 17 47
546000 17 47
546500 17 48
547000 17 42
547500 17 46
548000 17 44
548500 17 48
549000 17 49
549500 17 49
550000 17 49
550500 17 49
551000 17 44
551500 17 47
552000 17 49
552500 17 45
553000 17 50
553500 17 43
554000 17 50
554500 17 46
555000 17 47
555500 17 46
556000 17 48
556500 17 47
557000 17 42
557500 17 50
558000 17 46
558500 17 48
559000 17 47
559500 17 45
560000 17 52
560500 17 42
561000 17 49
561500 17 52
562000 17 46
562500 17 43
563000 17 52
563500 17 50
564000 17 41
564500 17 47
565000 17 54
565500 17 52
566000 17 50
566500 17 54
567000 17 46
567500 17 52
568000 17 46
568500 17 50
569000 17 48
569500 17 45
570000 17 44
570500 17 41
571000 17 49
571500 17 46
572000 17 54
572500 17 54
573000 17 44
573500 17 46
574000 17 52
574500 17 54
575000 17 46
575500 17 50
576000 17 52
576500 17 44
577000 17 43
577500 17 47
578000 17 47
578500 17 46
579000 17 49
579500 17 50
580000 17 52
580500 17 44
581000 17 46
581500 17 48
582000 17 47
582500 17 36
583000 17 42
583500 17 48
584000 17 51
584500 17 46
585000 17 56
585500 17 46
586000 17 53
586500 17 53
587000 17 48
587500 17 45
588000 17 48
588500 17 50
589000 17 48
589500 17 44
590000 17 47
590500 17 42
591000 17 42
591500 17 54
592000 17 43
592500 17 44
593000 17 50
593500 17 49
594000 17 48
594500 17 50
595000 17 45
595500 17 43
596000 17 46
596500 17 42
597000 17 47
597500 17 43
598000 17 44
598500 17 49
599000 17 47
599500 17 47
600000 17 54
600500 17 48
601000 17 43
601500 17 44
602000 17 44
602500 17 47
603000 17 45
603500 17 50
604000 17 46
604500 17 49
605000 17 54
605500 17 54
606000 17 48
606500 17 49
607000 17 49
607500 17 43
608000 17 45
608500 17 49
609000 17 45
609500 17 50
610000 17 47
610500 17 48
611000 17 50
611500 17 45
612000 17 47
612500 17 48
613000 17 47
613500 17 50
614000 17 50
614500 17 43
615000 17 41
615500 17 42
616000 17 49
616500 17 50
617000 17 48
617500 17 47
618000 17 49
618500 17 51
619000 17 48
619500 17 43
620000 17 47
620500 17 52
621000 17 48
621500 17 48
622000 17 41
622500 17 46
623000 17 49
623500 17 49
624000 17 53
624500 17 48
625000 17 44
625500 17 40
626000 17 48
626500 17 47
627000 17 47
627500 17 51
628000 17 46
628500 17 48
629000 17 44
629500 17 53
630000 17 50
630500 17 50
631000 17 48
631500 17 53
632000 17 50
632500 17 45
633000 17 54
633500 17 47
634000 17 57
634500 17 47
635000 17 51
635500 17 50
636000 17 46
636500 17 48
637000 17 49
637500 17 49
638000 17 47
638500 17 44
639000 17 42
639500 17 46
640000 17 46
640500 17 48
641000 17 49
641500 17 49
642000 17 48
642500 17 51
643000 17 47
643500 17 45
644000 17 53
644500 17 41
645000 17 48
645500 17 44
646000 17 43
646500 17 51
647000 17 45
647500 17 46
648000 17 54
648500 17 52
649000 17 50
649500 17 40
650000 17 56
650500 17 47
651000 17 45
651500 17 52
652000 17 43
652500 17 49
653000 17 51
653500 17 50
654000 17 48
654500 17 49
655000 17 52
655500 17 44
656000 17 50
656500 17 51
657000 17 42
657500 17 47
658000 17 45
658500 17 48
659000 17 46
659500 17 46
660000 17 50
660500 17 51
661000 17 51
661500 17 47
662000 17 54
662500 17 45
663000 17 52
663500 17 52
664000 17 42
664500 17 56
665000 17 53
665500 17 54
666000 17 49
666500 17 45
667000 17 48
667500 17 47
668000 17 50
668500 17 44
669000 17 47
669500 17 49
670000 17 53
670500 17 50
671000 17 49
671500 17 40
672000 17 46
672500 17 51
673000 17 51
673500 17 46
674000 17 49
674500 17 43
675000 17 49
675500 17 44
676000 17 43
676500 17 48
677000 17 50
677500 17 46
678000 17 50
678500 17 53
679000 17 48
679500 17 52
680000 17 46
680500 17 46
681000 17 55
681500 17 49
682000 17 42
682500 17 53
683000 17 43
683500 17 50
684000 17 43
684500 17 47
685000 17 51
685500 17 46
686000 17 55
686500 17 48
687000 17 52
687500 17 53
688000 17 49
688500 17 48
689000 17 43
689500 17 49
690000 17 51
690500 17 50
691000 17 47
691500 17 51
692000 17 48
692500 17 47
693000 17 52
693500 17 51
694000 17 52
694500 17 43
695000 17 51
695500 17 50
696000 17 49
696500 17 42
697000 17 53
697500 17 49
698000 17 45
698500 17 46
699000 17 43
699500 17 44
700000 17 46
700500 17 43
701000 17 55
701500 17 43
702000 17 43
702500 17 46
703000 17 51
703500 17 45
704000 17 45
704500 17 51
705000 17 55
705500 17 53
706000 17 49
706500 17 47
707000 17 50
707500 17 40
708000 17 48
708500 17 49
709000 17 47
709500 17 50
710000 17 47
710500 17 51
711000 17 47
711500 17 48
712000 17 46
712500 17 44
713000 17 50
713500 17 50
714000 17 48
714500 17 49
715000 17 46
715500 17 55
716000 17 45
716500 17 48
717000 17 48
717500 17 46
718000 17 49
718500 17 49
719000 17 50
719500 17 48
720000 17 55
720500 17 46
721000 17 54
721500 17 48
722000 16 55
722500 16 45
723000 16 47
723500 16 52
724000 16 45
724500 16 44
725000 16 57
725500 16 46
726000 16 47
726500 16 47
727000 16 50
727500 16 47
728000 16 49
728500 16 50
729000 16 47
729500 16 51
730000 16 53
730500 16 52
731000 16 41
731500 16 47
732000 16 44
732500 16 51
733000 16 47
733500 16 48
734000 16 47
734500 16 50
735000 16 44
735500 16 45
736000 16 43
736500 16 43
737000 16 45
737500 16 51
738000 16 48
738500 16 48
739000 16 51
739500 16 45
740000 16 43
740500 16 46
741000 16 45
741500 16 49
742000 16 41
742500 16 44
743000 16 51
743500 16 49
744000 16 48
744500 16 44
745000 16 42
745500 16 46
746000 16 53
746500 16 47
747000 16 48
747500 16 47
748000 16 55
748500 16 40
749000 16 47
749500 16 43
750000 16 40
750500 16 48
751000 16 49
751500 16 49
752000 16 53
752500 16 46
753000 16 41
753500 16 50
754000 16 42
754500 16 46
755000 16 43
755500 16 47
756000 16 47
756500 16 44
757000 16 45
757500 16 44
758000 16 41
758500 16 47
759000 16 52
759500 16 56
760000 16 50
760500 16 49
761000 16 43
761500 16 51
762000 16 51
762500 16 52
763000 16 51
763500 16 47
764000 16 46
764500 16 41
765000 16 46
765500 16 52
766000 16 46
766500 16 51
767000 16 49
767500 16 52
768000 16 48
768500 16 41
769000 16 49
769500 16 45
770000 16 44
770500 16 52
771000 16 51
771500 16 50
772000 16 42
772500 16 47
773000 16 50
773500 16 42
774000 16 53
774500 16 41
775000 16 41
775500 16 49
776000 16 53
776500 16 47
777000 16 49
777500 16 46
778000 16 50
778500 16 44
779000 16 47
779500 16 44
780000 16 50
780500 16 40
781000 16 38
781500 16 50
782000 16 50
782500 16 40
783000 16 44
783500 16 50
784000 16 43
784500 16 43
785000 16 55
785500 16 42
786000 16 48
786500 16 48
787000 16 42
787500 16 40
788000 16 47
788500 16 44
789000 16 46
789500 16 44
790000 16 49
790500 16 45
791000 16 47
791500 16 44
792000 16 39
792500 16 52
793000 16 47
793500 16 49
794000 16 52
794500 16 48
795000 16 47
795500 16 54
796000 16 48
796500 16 45
797000 16 42
797500 16 46
798000 16 48
798500 16 47
799000 16 42
799500 16 52
800000 16 45
800500 16 45
801000 16 43
801500 16 45
802000 16 51
802500 16 45
803000 16 50
803500 16 50
804000 16 41
804500 16 47
805000 16 45
805500 16 44
806000 16 50
806500 16 43
807000 16 47
807500 16 47
808000 16 40
808500 16 52
809000 16 48
809500 16 42
810000 16 44
810500 16 47
811000 16 45
811500 16 49
812000 16 45
812500 16 43
813000 16 54
813500 16 46
814000 16 53
814500 16 43
815000 16 47
815500 16 49
816000 16 44
816500 16 47
817000 16 48
817500 16 41
818000 16 49
818500 16 51
819000 16 45
819500 16 50
820000 16 49
820500 16 45
821000 16 40
821500 16 49
822000 16 45
822500 16 51
823000 16 44
823500 16 46
824000 16 51
824500 16 44
825000 16 44
825500 16 45
826000 16 51
826500 16 47
827000 16 46
827500 16 47
828000 16 47
828500 16 48
829000 16 43
829500 16 47
830000 16 48
830500 16 53
831000 16 46
831500 16 46
832000 16 48
832500 16 45
833000 16 48
833500 16 55
834000 16 44
834500 16 44
835000 16 47
835500 16 46
836000 16 42
836500 16 48
837000 16 49
837500 16 42
838000 16 52
838500 16 47
839000 16 47
839500 16 47
840000 16 48
840500 16 45
841000 16 43
841500 16 45
842000 16 48
842500 16 50
843000 16 47
843500 16 50
844000 16 48
844500 16 44
845000 16 47
845500 16 45
846000 16 45
846500 16 51
847000 16 45
847500 16 47
848000 16 44
848500 16 45
849000 16 41
849500 16 49
850000 16 48
850500 16 48
851000 16 48
851500 16 47
852000 16 38
852500 16 45
853000 16 48
853500 16 48
854000 16 40
854500 16 44
855000 16 45
855500 16 45
856000 16 44
856500 16 55
857000 16 52
857500 16 39
858000 16 51
858500 16 50
859000 16 50
859500 16 48
860000 16 50
860500 16 55
861000 16 52
861500 16 43
862000 16 46
862500 16 50
863000 16 46
863500 16 47
864000 16 44
864500 16 45
865000 16 56
865500 16 50
866000 16 57
866500 16 48
867000 16 44
867500 16 51
868000 16 44
868500 16 48
869000 16 51
869500 16 44
870000 16 44
870500 16 52
871000 16 46
871500 16 42
872000 16 48
872500 16 46
873000 16 47
873500 16 44
874000 16 48
874500 16 44
875000 16 48
875500 16 49
876000 16 44
876500 16 54
877000 16 54
877500 16 47
878000 16 49
878500 16 52
879000 16 51
879500 16 47
880000 16 42
880500 16 47
881000 16 43
881500 16 42
882000 16 51
882500 16 51
883000 16 42
883500 16 49
884000 16 53
884500 16 48
885000 16 50
885500 16 44
886000 16 45
886500 16 44
887000 16 49
887500 16 42
888000 16 45
888500 16 46
889000 16 49
889500 16 44
890000 16 48
890500 16 48
891000 16 42
891500 16 49
892000 16 45
892500 16 48
893000 16 53
893500 16 46
894000 16 43
894500 16 54
895000 16 43
895500 16 44
896000 16 46
896500 16 45
897000 16 49
897500 16 44
898000 16 45
898500 16 49
899000 16 45
899500 16 51
900000 16 51
900500 16 50
901000 16 46
901500 16 51
902000 16 45
902500 16 42
903000 16 49
903500 16 49
904000 16 46
904500 16 47
905000 16 49
905500 16 45
906000 16 43
906500 16 48
907000 16 47
907500 16 43
908000 16 46
908500 16 58
909000 16 45
909500 16 48
910000 16 45
910500 16 55
911000 16 50
911500 16 48
912000 16 46
912500 16 47
913000 16 47
913500 16 50
914000 16 55
914500 16 50
915000 16 45
915500 16 50
916000 16 46
916500 16 47
917000 16 51
917500 16 50
918000 16 52
918500 16 45
919000 16 45
919500 16 51
920000 16 45
920500 16 48
921000 16 50
921500 16 51
922000 16 46
922500 16 44
923000 16 51
923500 16 47
924000 16 53
924500 16 42
925000 16 39
925500 16 45
926000 16 48
926500 16 41
927000 16 45
927500 16 45
928000 16 42
928500 16 42
929000 16 48
929500 16 44
930000 16 38
930500 16 51
931000 16 42
931500 16 52
932000 16 38
932500 16 46
933000 16 46
933500 16 52
934000 16 48
934500 16 54
935000 16 48
935500 16 45
936000 16 48
936500 16 50
937000 15 47
937500 15 38
938000 15 46
938500 15 40
939000 15 44
939500 15 45
940000 15 45
940500 15 43
941000 15 46
941500 15 48
942000 15 42
942500 15 50
943000 15 49
943500 15 47
944000 15 44
944500 15 46
945000 15 49
945500 15 49
946000 15 43
946500 15 47
947000 15 45
947500 15 50
948000 15 53
948500 15 57
949000 15 45
949500 15 51
950000 15 40
950500 15 48
951000 15 47
951500 15 48
952000 15 47
952500 15 54
953000 15 45
953500 15 47
954000 15 45
954500 15 48
955000 15 49
955500 15 43
956000 15 45
956500 15 48
957000 15 49
957500 15 46
958000 15 49
958500 15 50
959000 15 52
959500 15 48
960000 15 52
960500 15 47
961000 15 47
961500 15 51
962000 15 48
962500 15 55
963000 15 48
963500 15 49
964000 15 41
964500 15 45
965000 15 43
965500 15 43
966000 15 48
966500 15 48
967000 15 45
967500 15 46
968000 15 46
968500 15 49
969000 15 44
969500 15 47
970000 15 43
970500 15 42
971000 15 45
971500 15 47
972000 15 41
972500 15 49
973000 15 50
973500 15 45
974000 15 42
974500 15 48
975000 15 37
975500 15 47
976000 15 48
976500 15 47
977000 15 47
977500 15 47
978000 15 45
978500 15 49
979000 15 47
979500 15 48
980000 15 50
980500 15 48
981000 15 53
981500 15 43
982000 15 46
982500 15 45
983000 15 49
983500 15 49
984000 15 51
984500 15 48
985000 15 47
985500 15 42
986000 15 52
986500 15 48
987000 15 47
987500 15 43
988000 15 42
988500 15 52
989000 15 47
989500 15 48
990000 15 48
990500 15 46
991000 15 47
991500 15 37
992000 15 48
992500 15 44
993000 15 52
993500 15 44
994000 15 47
994500 15 49
995000 15 48
995500 15 45
996000 15 51
996500 15 50
997000 15 42
997500 15 45
998000 15 51
998500 15 50
999000 15 45
999500 15 48
1000000 15 47
1000500 15 44
1001000 15 46
1001500 15 50
1002000 15 43
1002500 15 48
1003000 15 41
1003500 15 45
1004000 15 49
1004500 15 49
1005000 15 44
1005500 15 44
1006000 15 51
1006500 15 55
1007000 15 46
1007500 15 45
1008000 15 41
1008500 15 50
1009000 15 44
1009500 15 50
1010000 15 51
1010500 15 45
1011000 15 48
1011500 15 44
1012000 15 44
1012500 15 41
1013000 15 42
1013500 15 45
1014000 15 44
1014500 15 44
1015000 15 48
1015500 15 46
1016000 15 46
1016500 15 46
1017000 15 47
1017500 15 50
1018000 15 48
1018500 15 46
1019000 15 42
1019500 15 47
1020000 15 45
1020500 15 44
1021000 15 41
1021500 15 49
1022000 15 48
1022500 15 46
1023000 15 44
1023500 15 47
1024000 15 48
1024500 15 48
1025000 15 48
1025500 15 40
1026000 15 47
1026500 15 40
1027000 15 44
1027500 15 47
1028000 15 46
1028500 15 48
1029000 15 46
1029500 15 46
1030000 15 45
1030500 15 43
1031000 15 52
1031500 15 44
1032000 15 51
1032500 15 47
1033000 15 44
1033500 15 56
1034000 15 45
1034500 15 51
1035000 15 47
1035500 15 49
1036000 15 47
1036500 15 43
1037000 15 48
1037500 15 47
1038000 15 48
1038500 15 45
1039000 15 45
1039500 15 50
1040000 15 40
1040500 15 49
1041000 15 48
1041500 15 48
1042000 15 49
1042500 15 46
1043000 15 43
1043500 15 46
1044000 15 47
1044500 15 45
1045000 15 53
1045500 15 47
1046000 15 47
1046500 15 53
1047000 15 47
1047500 15 48
1048000 15 47
1048500 15 50
1049000 15 49
1049500 15 48
1050000 15 44
1050500 15 49
1051000 15 52
1051500 15 50
1052000 15 47
1052500 15 47
1053000 15 48
1053500 15 53
1054000 15 52
1054500 15 52
1055000 15 46
1055500 15 46
1056000 15 46
1056500 15 53
1057000 15 50
1057500 15 51
1058000 15 42
1058500 15 46
1059000 15 46
1059500 15 45
1060000 15 51
1060500 15 50
1061000 15 49
1061500 15 49
1062000 15 50
1062500 15 48
1063000 15 43
1063500 15 49
1064000 15 48
1064500 15 45
1065000 15 47
1065500 15 48
1066000 15 48
1066500 15 49
1067000 15 50
1067500 15 53
1068000 15 54
1068500 15 48
1069000 15 50
1069500 15 49
1070000 15 48
1070500 15 50
1071000 15 55
1071500 15 52
1072000 15 47
1072500 15 46
1073000 15 44
1073500 15 47
1074000 15 43
1074500 15 50
1075000 15 47
1075500 15 38
1076000 15 50
1076500 15 52
1077000 15 48
1077500 15 59
1078000 15 48
1078500 15 45
1079000 15 45
1079500 15 52
1080000 15 45
1080500 15 44
1081000 15 41
1081500 15 45
1082000 15 48
1082500 15 46
1083000 15 46
1083500 15 54
1084000 15 44
1084500 15 46
1085000 15 48
1085500 15 52
1086000 15 45
1086500 15 40
1087000 15 45
1087500 15 51
1088000 15 47
1088500 15 45
1089000 15 48
1089500 15 50
1090000 15 47
1090500 15 47
1091000 15 44
1091500 15 49
1092000 15 47
1092500 15 51
1093000 15 50
1093500 15 50
1094000 15 46
1094500 15 47
1095000 15 45
1095500 15 51
1096000 15 51
1096500 15 53
1097000 15 47
1097500 15 49
1098000 15 46
1098500 15 49
1099000 15 46
1099500 15 50
1100000 15 50
1100500 15 50
1101000 15 54
1101500 15 50
1102000 15 52
1102500 15 46
1103000 15 41
1103500 15 55
1104000 15 45
1104500 15 48
1105000 15 51
1105500 15 43
1106000 15 48
1106500 15 43
1107000 15 44
1107500 15 49
1108000 15 47
1108500 15 48
1109000 15 46
1109500 15 51
1110000 15 48
1110500 15 49
1111000 15 54
1111500 15 48
1112000 15 51
1112500 15 45
1113000 15 50
1113500 15 48
1114000 15 47
1114500 15 48
1115000 15 50
1115500 15 45
1116000 15 54
1116500 15 54
1117000 15 45
1117500 15 51
1118000 15 49
1118500 15 45
1119000 15 44
1119500 15 44
1120000 15 50
1120500 15 45
1121000 15 45
1121500 15 43
1122000 15 48
1122500 15 49
1123000 15 49
1123500 15 43
1124000 15 54
1124500 15 42
1125000 15 50
1125500 15 52
1126000 15 53
1126500 15 48
1127000 15 47
1127500 15 51
1128000 15 46
1128500 15 44
1129000 15 43
1129500 15 44
1130000 15 46
1130500 15 48
1131000 15 46
1131500 15 53
1132000 15 48
1132500 15 50
1133000 15 51
1133500 15 52
1134000 15 44
1134500 15 47
1135000 15 41
1135500 15 46
1136000 15 47
1136500 15 42
1137000 15 46
1137500 15 48
1138000 15 48
1138500 15 46
1139000 15 54
1139500 15 47
1140000 15 45
1140500 15 50
1141000 15 48
1141500 15 49
1142000 15 47
1142500 15 48
1143000 15 46
1143500 15 46
1144000 15 52
1144500 15 45
1145000 15 54
1145500 15 52
1146000 15 53
1146500 15 47
1147000 15 45
1147500 15 46
1148000 15 42
1148500 15 48
1149000 15 44
1149500 15 48
1150000 15 42
1150500 15 43
1151000 15 50
1151500 15 45
1152000 15 51
1152500 15 48
1153000 15 45
1153500 15 57
1154000 15 49
1154500 15 45
1155000 15 49
1155500 15 46
1156000 15 50
1156500 15 52
1157000 15 49
1157500 15 52
1158000 15 50
1158500 15 50
1159000 15 43
1159500 15 45
1160000 15 45
1160500 15 44
1161000 15 47
1161500 15 47
1162000 15 44
1162500 15 45
1163000 15 40
1163500 15 44
1164000 15 47
1164500 15 48
1165000 15 51
1165500 15 49
1166000 15 54
1166500 15 46
1167000 15 46
1167500 15 41
1168000 15 45
1168500 15 49
1169000 15 42
1169500 15 42
1170000 15 46
1170500 15 45
1171000 15 49
1171500 15 47
1172000 15 56
1172500 15 45
1173000 15 51
1173500 15 44
1174000 15 50
1174500 15 50
1175000 15 48
1175500 15 49
1176000 15 44
1176500 15 49
1177000 15 52
1177500 15 42
1178000 15 48
1178500 15 39
1179000 15 44
1179500 15 45
1180000 15 51
1180500 15 52
1181000 15 51
1181500 15 54
1182000 15 44
1182500 15 50
1183000 15 53
1183500 15 49
1184000 15 52
1184500 15 41
1185000 15 51
1185500 15 51
1186000 15 46
1186500 15 47
1187000 15 48
1187500 15 46
1188000 15 52
1188500 15 53
1189000 15 44
1189500 15 47
1190000 15 50
1190500 15 46
1191000 15 50
1191500 15 47
1192000 15 47
1192500 15 47
1193000 15 51
1193500 15 41
1194000 15 50
1194500 15 44
1195000 15 48
1195500 15 42
1196000 15 46
1196500 15 47
1197000 15 45
1197500 15 46
1198000 15 49
1198500 15 47
1199000 15 50
1199500 15 47
1200000 15 47
1200500 15 50
1201000 15 49
1201500 15 44
1202000 15 50
1202500 15 47
1203000 15 50
1203500 15 48
1204000 15 51
1204500 15 45
1205000 15 52
1205500 15 51
1206000 15 51
1206500 15 41
1207000 15 54
1207500 15 42
1208000 15 48
1208500 15 50
1209000 15 50
1209500 15 50
1210000 15 56
1210500 15 50
1211000 15 44
1211500 15 48
1212000 15 47
1212500 15 44
1213000 15 50
1213500 15 55
1214000 15 38
1214500 15 51
1215000 15 44
1215500 15 46
1216000 15 49
1216500 15 48
1217000 15 46
1217500 15 44
1218000 15 44
1218500 15 54
1219000 15 49
1219500 15 41
1220000 15 45
1220500 15 50
1221000 15 54
1221500 15 48
1222000 15 51
1222500 15 48
1223000 15 47
1223500 15 47
1224000 15 49
1224500 15 55
1225000 15 47
1225500 15 47
1226000 15 46
1226500 15 46
1227000 15 49
1227500 15 51
1228000 15 47
1228500 15 44
1229000 15 42
1229500 15 44
1230000 15 48
1230500 15 48
1231000 15 53
1231500 15 47
1232000 15 48
1232500 15 47
1233000 15 51
1233500 15 52
1234000 15 49
1234500 15 46
1235000 15 46
1235500 15 48
1236000 15 54
1236500 15 49
1237000 15 41
1237500 15 52
1238000 15 48
1238500 15 43
1239000 15 53
1239500 15 49
1240000 15 49
1240500 15 48
1241000 15 48
1241500 15 49
1242000 15 50
1242500 15 53
1243000 15 48
1243500 15 42
1244000 15 53
1244500 15 46
1245000 15 48
1245500 15 43
1246000 15 47
1246500 15 53
1247000 15 48
1247500 15 48
1248000 15 50
1248500 15 47
1249000 15 43
1249500 15 54
1250000 15 46
1250500 15 47
1251000 15 45
1251500 15 50
1252000 15 46
1252500 15 48
1253000 15 51
1253500 15 47
1254000 15 41
1254500 15 52
1255000 15 50
1255500 15 49
1256000 15 48
1256500 15 48
1257000 15 51
1257500 15 49
1258000 15 44
1258500 15 47
1259000 15 48
1259500 15 47
1260000 15 53
1260500 15 47
1261000 15 45
1261500 15 46
1262000 15 50
1262500 15 49
1263000 15 47
1263500 15 47
1264000 15 47
1264500 15 50
1265000 15 46
1265500 15 46
1266000 15 42
1266500 15 45
1267000 15 49
1267500 15 48
1268000 15 47
1268500 15 49
1269000 15 52
1269500 15 54
1270000 15 43
1270500 15 47
1271000 15 45
1271500 15 55
1272000 15 44
1272500 15 54
1273000 15 49
1273500 15 52
1274000 15 48
1274500 15 48
1275000 15 44
1275500 15 53
1276000 15 47
1276500 15 43
1277000 15 45
1277500 15 44
1278000 15 42
1278500 15 49
1279000 15 43
1279500 15 52
1280000 15 50
1280500 15 47
1281000 15 48
1281500 15 49
1282000 15 47
1282500 15 51
1283000 15 46
1283500 15 48
1284000 15 41
1284500 15 49
1285000 15 50
1285500 15 39
1286000 15 49
1286500 15 47
1287000 15 51
1287500 15 53
1288000 15 50
1288500 15 47
1289000 15 48
1289500 15 40
1290000 15 47
1290500 15 51
1291000 15 53
1291500 15 44
1292000 15 44
1292500 15 46
1293000 15 49
1293500 15 50
1294000 15 48
1294500 15 45
1295000 15 49
1295500 15 43
1296000 15 47
1296500 15 48
1297000 15 45
1297500 15 46
1298000 15 47
1298500 15 50
1299000 15 52
1299500 15 42
1300000 15 44
1300500 15 48
1301000 15 47
1301500 15 46
1302000 15 44
1302500 15 48
1303000 15 48
1303500 15 43
1304000 15 51
1304500 15 47
1305000 15 49
1305500 15 49
1306000 15 43
1306500 15 44
1307000 15 50
1307500 15 50
1308000 15 41
1308500 15 42
1309000 15 48
1309500 15 49
1310000 15 48
1310500 15 48
1311000 15 47
1311500 15 51
1312000 15 46
1312500 15 47
1313000 15 45
1313500 15 47
1314000 15 51
1314500 15 47
1315000 15 48
1315500 15 50
1316000 15 46
1316500 15 48
1317000 15 47
1317500 15 56
1318000 15 52
1318500 15 49
1319000 15 42
1319500 15 54
1320000 15 48
1320500 15 50
1321000 15 46
1321500 15 48
1322000 15 47
1322500 15 52
1323000 15 43
1323500 15 46
1324000 15 46
1324500 15 46
1325000 15 46
1325500 15 48
1326000 15 53
1326500 15 45
1327000 15 51
1327500 15 48
1328000 15 52
1328500 15 41
1329000 15 50
1329500 15 48
1330000 15 49
1330500 15 47
1331000 15 45
1331500 15 50
1332000 15 47
1332500 15 47
1333000 15 47
1333500 15 50
1334000 15 52
1334500 15 50
1335000 15 50
1335500 15 49
1336000 15 52
1336500 15 49
1337000 15 52
1337500 15 42
1338000 15 46
1338500 15 46
1339000 15 45
1339500 15 54
1340000 15 48
1340500 15 50
1341000 15 44
1341500 15 46
1342000 15 44
1342500 15 47
1343000 15 47
1343500 15 46
1344000 15 48
1344500 15 46
1345000 15 49
1345500 15 50
1346000 15 49
1346500 15 45
1347000 15 42
1347500 15 44
1348000 15 47
1348500 15 45
1349000 15 50
1349500 15 45
1350000 15 40
1350500 15 49
1351000 15 48
1351500 15 46
1352000 15 49
1352500 15 44
1353000 15 51
1353500 15 44
1354000 15 51
1354500 15 48
1355000 15 50
1355500 15 48
1356000 15 41
1356500 15 46
1357000 15 46
1357500 15 48
1358000 15 48
1358500 15 42
1359000 15 47
1359500 15 47
1360000 15 43
1360500 15 47
1361000 15 42
1361500 15 44
1362000 15 47
1362500 15 49
1363000 15 42
1363500 15 47
1364000 15 51
1364500 15 44
1365000 15 47
1365500 15 51
1366000 15 45
1366500 15 46
1367000 15 46
1367500 15 42
1368000 15 48
1368500 15 53
1369000 15 48
1369500 15 51
1370000 15 49
1370500 15 45
1371000 15 45
1371500 15 50
1372000 15 47
1372500 15 47
1373000 15 47
1373500 15 47
1374000 15 49
1374500 15 47
1375000 15 44
1375500 15 40
1376000 15 51
1376500 15 44
1377000 15 52
1377500 15 49
1378000 15 49
1378500 15 50
1379000 15 47
1379500 15 46
1380000 15 46
1380500 15 45
1381000 15 50
1381500 15 49
1382000 15 45
1382500 15 41
1383000 15 49
1383500 15 55
1384000 15 53
1384500 15 50
1385000 15 48
1385500 15 49
1386000 15 52
1386500 15 49
1387000 15 49
1387500 15 49
1388000 15 48
1388500 15 49
1389000 15 56
1389500 15 50
1390000 15 43
1390500 15 48
1391000 15 43
1391500 15 48
1392000 15 55
1392500 15 41
1393000 15 51
1393500 15 48
1394000 15 50
1394500 15 54
1395000 15 47
1395500 15 43
1396000 15 43
1396500 15 52
1397000 15 41
1397500 15 52
1398000 15 50
e
