0 143 149
500 138 148
1000 138 149
1500 137 149
2000 137 149
2500 135 148
3000 135 148
3500 135 149
4000 135 149
4500 135 148
5000 135 149
5500 135 148
6000 135 148
6500 135 149
7000 135 148
7500 135 149
8000 135 149
8500 135 148
9000 135 148
9500 135 148
10000 135 149
10500 135 149
11000 135 148
11500 135 149
12000 135 149
12500 135 149
13000 135 149
13500 135 148
14000 135 148
14500 135 149
15000 135 148
15500 135 149
16000 135 149
16500 135 149
17000 135 149
17500 135 148
18000 135 148
18500 135 149
19000 135 149
19500 135 148
20000 135 148
20500 135 149
21000 135 149
21500 135 149
22000 135 148
22500 135 149
23000 135 148
23500 135 148
24000 135 149
24500 135 149
25000 135 148
25500 135 149
26000 135 149
26500 135 148
27000 135 148
27500 135 148
28000 135 149
28500 135 148
29000 135 148
29500 135 148
30000 135 148
30500 135 148
31000 135 149
31500 135 148
32000 135 148
32500 135 148
33000 133 149
33500 133 148
34000 133 149
34500 133 148
35000 133 149
35500 133 148
36000 133 148
36500 133 148
37000 133 149
37500 133 148
38000 133 148
38500 133 149
39000 133 149
39500 133 148
40000 133 149
40500 133 148
41000 133 148
41500 133 148
42000 133 149
42500 133 149
43000 133 149
43500 133 149
44000 133 149
44500 133 149
45000 133 148
45500 133 148
46000 133 148
46500 133 149
47000 133 148
47500 133 148
48000 133 148
48500 133 148
49000 133 148
49500 133 149
50000 133 149
50500 133 149
51000 133 148
51500 133 148
52000 133 148
52500 133 149
53000 133 148
53500 133 148
54000 133 148
54500 133 149
55000 133 148
55500 133 148
56000 133 148
56500 133 149
57000 133 148
57500 133 149
58000 133 148
58500 133 148
59000 133 148
59500 133 148
60000 133 148
60500 133 148
61000 133 149
61500 133 148
62000 133 148
62500 133 149
63000 133 148
63500 133 149
64000 133 149
64500 133 149
65000 133 148
65500 133 149
66000 133 149
66500 133 149
67000 133 148
67500 133 149
68000 133 148
68500 133 148
69000 133 148
69500 133 149
70000 133 148
70500 133 149
71000 133 149
71500 133 148
72000 133 149
72500 133 148
73000 133 148
73500 133 149
74000 133 149
74500 133 149
75000 133 148
75500 133 149
76000 133 149
76500 133 148
77000 133 148
77500 133 148
78000 133 149
78500 133 149
79000 133 148
79500 133 149
80000 133 149
80500 133 149
81000 133 149
81500 133 148
82000 133 149
82500 133 148
83000 133 149
83500 133 149
84000 133 149
84500 133 149
85000 133 148
85500 133 148
86000 133 148
86500 133 149
87000 133 149
87500 133 148
88000 133 148
88500 133 149
89000 133 149
89500 133 148
90000 133 148
90500 133 149
91000 133 149
91500 133 148
92000 133 149
92500 133 149
93000 133 148
93500 133 148
94000 133 149
94500 133 149
95000 133 148
95500 133 148
96000 133 148
96500 133 148
97000 133 149
97500 133 148
98000 133 148
98500 133 149
99000 133 148
99500 133 149
100000 133 148
100500 133 149
101000 133 148
101500 133 148
102000 133 148
102500 133 148
103000 133 148
103500 133 148
104000 133 148
104500 133 148
105000 133 149
105500 133 149
106000 133 149
106500 133 149
107000 133 149
107500 133 148
108000 133 149
108500 133 148
109000 133 148
109500 133 148
110000 133 148
110500 133 149
111000 133 149
111500 133 149
112000 133 148
112500 133 149
113000 133 149
113500 133 148
114000 133 148
114500 133 148
115000 133 148
115500 133 148
116000 133 149
116500 133 149
117000 133 148
117500 133 148
118000 133 148
118500 133 148
119000 133 149
119500 133 148
120000 133 149
120500 133 148
121000 133 149
121500 133 148
122000 133 149
122500 133 148
123000 133 149
123500 133 148
124000 133 148
124500 133 148
125000 133 148
125500 133 148
126000 133 148
126500 133 149
127000 133 149
127500 133 148
128000 133 148
128500 133 148
129000 133 148
129500 133 148
130000 133 148
130500 133 149
131000 133 149
131500 133 149
132000 133 148
132500 133 148
133000 133 148
133500 133 148
134000 133 149
134500 133 148
135000 133 148
135500 133 149
136000 133 149
136500 133 149
137000 133 148
137500 133 148
138000 133 148
138500 133 149
139000 133 149
139500 133 149
140000 133 149
140500 133 148
141000 133 148
141500 133 149
142000 133 148
142500 133 148
143000 133 149
143500 133 149
144000 133 148
144500 133 148
145000 133 149
145500 133 148
146000 133 148
146500 133 148
147000 133 149
147500 133 148
148000 133 148
148500 133 149
149000 133 148
149500 133 149
150000 133 148
150500 133 149
151000 133 148
151500 133 148
152000 133 148
152500 133 148
153000 133 148
153500 133 149
154000 133 148
154500 133 148
155000 133 148
155500 133 148
156000 133 149
156500 133 148
157000 133 149
157500 133 148
158000 133 148
158500 133 149
159000 133 148
159500 133 148
160000 133 148
160500 133 149
161000 133 148
161500 133 148
162000 133 149
162500 133 148
163000 133 149
163500 133 148
164000 133 149
164500 133 149
165000 133 149
165500 133 148
166000 133 148
166500 133 148
167000 133 148
167500 133 149
168000 133 148
168500 133 149
169000 133 149
169500 133 149
170000 133 149
170500 133 148
171000 133 149
171500 133 148
172000 133 148
172500 133 149
173000 133 148
173500 133 149
174000 133 149
174500 133 148
175000 133 149
175500 133 149
176000 133 148
176500 133 148
177000 133 148
177500 133 148
178000 133 148
178500 133 148
179000 133 149
179500 133 149
180000 133 149
180500 133 148
181000 133 148
181500 133 148
182000 133 149
182500 133 148
183000 133 148
183500 133 148
184000 133 149
184500 133 149
185000 133 149
185500 133 149
186000 133 148
186500 133 149
187000 133 149
187500 133 148
188000 133 149
188500 133 149
189000 133 149
189500 133 149
190000 133 148
190500 133 149
191000 133 149
191500 133 149
192000 133 149
192500 133 149
193000 133 149
193500 133 149
194000 133 148
194500 133 148
195000 133 149
195500 133 148
196000 133 149
196500 133 148
197000 133 149
197500 133 148
198000 133 148
198500 133 149
199000 133 149
199500 133 149
200000 133 148
200500 133 149
201000 133 148
201500 133 148
202000 133 149
202500 133 148
203000 133 149
203500 133 149
204000 133 149
204500 133 149
205000 133 148
205500 133 148
206000 133 149
206500 133 149
207000 133 149
207500 133 149
208000 133 149
208500 133 149
209000 133 148
209500 133 149
210000 133 149
210500 133 149
211000 133 148
211500 133 149
212000 133 148
212500 133 148
213000 133 148
213500 133 148
214000 133 149
214500 133 148
215000 133 149
215500 133 148
216000 133 149
216500 133 148
217000 133 148
217500 133 149
218000 133 149
218500 133 149
219000 133 148
219500 133 149
220000 133 149
220500 133 148
221000 133 149
221500 133 148
222000 133 148
222500 133 148
223000 133 149
223500 133 148
224000 133 149
224500 133 148
225000 133 148
225500 133 148
226000 133 149
226500 133 149
227000 133 149
227500 133 149
228000 133 148
228500 133 149
229000 133 148
229500 133 149
230000 133 148
230500 133 149
231000 133 149
231500 133 148
232000 133 149
232500 133 149
233000 133 149
233500 133 148
234000 133 148
234500 133 148
235000 133 149
235500 133 148
236000 133 149
236500 133 149
237000 133 149
237500 133 148
238000 133 148
238500 133 148
239000 133 149
239500 133 149
240000 133 149
240500 133 148
241000 133 148
241500 133 149
242000 133 148
242500 133 149
243000 133 148
243500 133 148
244000 133 148
244500 133 148
245000 133 148
245500 133 148
246000 133 149
246500 133 149
247000 133 149
247500 133 148
248000 133 149
248500 133 148
249000 133 148
249500 133 148
250000 133 149
250500 133 149
251000 133 148
251500 133 148
252000 133 148
252500 133 148
253000 133 149
253500 133 149
254000 133 148
254500 133 149
255000 133 149
255500 133 148
256000 133 148
256500 133 148
257000 133 148
257500 133 148
258000 133 148
258500 133 149
259000 133 149
259500 133 148
260000 133 149
260500 133 148
261000 133 149
261500 133 149
262000 133 149
262500 133 148
263000 133 148
263500 133 149
264000 133 148
264500 133 148
265000 133 149
265500 133 149
266000 133 148
266500 133 148
267000 133 148
267500 133 149
268000 133 149
268500 133 149
269000 133 149
269500 133 148
270000 133 148
270500 133 149
271000 133 148
271500 133 148
272000 133 149
272500 133 148
273000 133 148
273500 133 148
274000 133 149
274500 133 149
275000 133 148
275500 133 148
276000 133 148
276500 133 148
277000 133 148
277500 133 148
278000 133 149
278500 133 149
279000 133 148
279500 133 149
280000 133 149
280500 133 149
281000 133 148
281500 133 148
282000 133 149
282500 133 149
283000 133 149
283500 133 148
284000 133 148
284500 133 148
285000 133 148
285500 133 148
286000 133 148
286500 133 148
287000 133 149
287500 133 149
288000 133 149
288500 133 149
289000 133 148
289500 133 148
290000 133 148
290500 133 148
291000 133 149
291500 133 148
292000 133 149
292500 133 149
293000 133 149
293500 133 149
294000 133 149
294500 133 148
295000 133 149
295500 133 149
296000 133 149
296500 133 148
297000 133 148
297500 133 149
298000 133 149
298500 133 148
299000 133 149
299500 133 148
300000 133 148
300500 133 149
301000 133 149
301500 133 149
302000 133 148
302500 133 149
303000 133 148
303500 133 149
304000 133 148
304500 133 149
305000 133 149
305500 133 148
306000 133 148
306500 133 149
307000 133 149
307500 133 148
308000 133 149
308500 133 148
309000 133 149
309500 133 148
310000 133 149
310500 133 149
311000 133 149
311500 133 149
312000 133 148
312500 133 148
313000 133 149
313500 133 149
314000 133 149
314500 133 148
315000 133 148
315500 133 149
316000 133 149
316500 133 149
317000 133 149
317500 133 148
318000 133 148
318500 133 149
319000 133 148
319500 133 148
320000 133 148
320500 133 149
321000 133 149
321500 133 149
322000 133 148
322500 133 148
323000 133 148
323500 133 148
324000 133 149
324500 133 149
325000 133 148
325500 133 149
326000 133 148
326500 133 148
327000 133 148
327500 133 148
328000 133 148
328500 133 148
329000 133 149
329500 133 148
330000 133 148
330500 133 149
331000 133 149
331500 133 148
332000 133 148
332500 133 148
333000 133 148
333500 133 148
334000 133 148
334500 133 149
335000 133 148
335500 133 149
336000 133 149
336500 133 149
337000 133 148
337500 133 149
338000 133 149
338500 133 148
339000 133 149
339500 133 149
340000 133 148
340500 133 149
341000 133 149
341500 133 149
342000 133 149
342500 133 149
343000 133 148
343500 133 148
344000 133 148
344500 133 149
345000 133 148
345500 133 148
346000 133 149
346500 133 149
347000 133 148
347500 133 149
348000 133 148
348500 133 148
349000 133 148
349500 133 149
350000 133 149
350500 133 149
351000 133 148
351500 133 148
352000 133 149
352500 133 148
353000 133 148
353500 133 148
354000 133 148
354500 133 149
355000 133 149
355500 133 148
356000 133 149
356500 133 148
357000 133 148
357500 133 148
358000 133 148
358500 133 149
359000 133 148
359500 133 149
360000 133 149
360500 133 149
361000 133 148
361500 133 148
362000 133 149
362500 133 148
363000 133 148
363500 133 148
364000 133 148
364500 133 148
365000 133 148
365500 133 149
366000 133 149
366500 133 149
367000 133 148
367500 133 149
368000 133 148
368500 133 149
369000 133 148
369500 133 149
370000 133 149
370500 133 149
371000 133 148
371500 133 148
372000 133 148
372500 133 149
373000 133 148
373500 133 149
374000 133 149
374500 133 149
375000 133 149
375500 133 149
376000 133 148
376500 133 148
377000 133 149
377500 133 149
378000 133 149
378500 133 148
379000 133 149
379500 133 149
380000 133 149
380500 133 149
381000 133 149
381500 133 148
382000 133 148
382500 133 149
383000 133 148
383500 133 148
384000 133 148
384500 133 148
385000 133 148
385500 133 148
386000 133 148
386500 133 148
387000 133 148
387500 133 149
388000 133 148
388500 133 148
389000 133 148
389500 133 149
390000 133 149
390500 133 149
391000 133 148
391500 133 148
392000 133 148
392500 133 148
393000 133 149
393500 133 149
394000 133 148
394500 133 148
395000 133 149
395500 133 149
396000 133 148
396500 133 148
397000 133 148
397500 133 148
398000 133 148
398500 133 149
399000 133 148
399500 133 149
400000 133 149
400500 133 148
401000 133 148
401500 133 148
402000 133 149
402500 133 148
403000 133 149
403500 133 149
404000 133 148
404500 133 149
405000 133 148
405500 133 148
406000 133 149
406500 133 148
407000 133 149
407500 133 149
408000 133 149
408500 133 149
409000 133 148
409500 133 149
410000 133 149
410500 133 148
411000 133 149
411500 133 149
412000 133 149
412500 133 149
413000 133 149
413500 133 148
414000 133 148
414500 133 148
415000 133 149
415500 133 149
416000 133 148
416500 133 149
417000 133 149
417500 133 149
418000 133 149
418500 133 148
419000 133 148
419500 133 149
420000 133 149
420500 133 149
421000 133 149
421500 133 148
422000 133 148
422500 133 149
423000 133 149
423500 133 148
424000 133 149
424500 133 148
425000 133 149
425500 133 148
426000 133 149
426500 133 149
427000 133 148
427500 133 149
428000 133 149
428500 133 148
429000 133 148
429500 133 148
430000 133 149
430500 133 148
431000 133 148
431500 133 149
432000 133 149
432500 133 149
433000 133 148
433500 133 149
434000 133 148
434500 133 149
435000 133 149
435500 133 149
436000 133 149
436500 133 148
437000 133 148
437500 133 148
438000 133 148
438500 133 148
439000 133 148
439500 133 149
440000 133 148
440500 133 149
441000 133 148
441500 133 149
442000 133 148
442500 133 148
443000 133 148
443500 133 148
444000 133 148
444500 133 149
445000 133 149
445500 133 148
446000 133 148
446500 133 149
447000 133 148
447500 133 148
448000 133 148
448500 133 148
449000 133 148
449500 133 149
450000 133 149
450500 133 148
451000 133 148
451500 133 149
452000 133 149
452500 133 149
453000 133 148
453500 133 149
454000 133 149
454500 133 148
455000 133 148
455500 133 148
456000 133 149
456500 133 149
457000 133 148
457500 133 149
458000 133 148
458500 133 148
459000 133 148
459500 133 148
460000 133 148
460500 133 148
461000 133 149
461500 133 149
462000 133 148
462500 133 148
463000 133 148
463500 133 149
464000 133 149
464500 133 149
465000 133 148
465500 133 148
466000 133 149
466500 133 148
467000 133 149
467500 133 149
468000 133 149
468500 133 148
469000 133 148
469500 133 149
470000 133 149
470500 133 148
471000 133 149
471500 133 149
472000 133 148
472500 133 148
473000 133 149
473500 133 148
474000 133 148
474500 133 148
475000 133 148
475500 133 149
476000 133 148
476500 133 149
477000 133 148
477500 133 148
478000 133 148
478500 133 149
479000 133 149
479500 133 148
480000 133 148
480500 133 148
481000 133 148
481500 133 149
482000 133 149
482500 133 148
483000 133 149
483500 133 149
484000 133 149
484500 133 148
485000 133 149
485500 133 149
486000 133 148
486500 133 149
487000 133 149
487500 133 148
488000 133 148
488500 133 149
489000 133 148
489500 133 148
490000 133 149
490500 133 148
491000 133 148
491500 133 148
492000 133 148
492500 133 149
493000 133 149
493500 133 149
494000 133 149
494500 133 148
495000 133 148
495500 133 149
496000 133 149
496500 133 148
497000 133 148
497500 133 148
498000 133 148
498500 133 149
499000 133 148
499500 133 148
500000 133 149
500500 133 148
501000 133 149
501500 133 149
502000 133 149
502500 133 149
503000 133 148
503500 133 148
504000 133 149
504500 133 148
505000 133 148
505500 133 148
506000 133 148
506500 133 149
507000 133 148
507500 133 149
508000 133 149
508500 133 149
509000 133 148
509500 133 149
510000 133 148
510500 133 149
511000 133 149
511500 133 148
512000 133 148
512500 133 148
513000 133 148
513500 133 148
514000 133 149
514500 133 149
515000 133 148
515500 133 148
516000 133 149
516500 133 148
517000 133 149
517500 133 149
518000 133 149
518500 133 148
519000 133 148
519500 133 148
520000 133 148
520500 133 149
521000 133 148
521500 133 149
522000 133 148
522500 133 148
523000 133 149
523500 133 148
524000 133 148
524500 133 148
525000 133 148
525500 133 148
526000 133 149
526500 133 148
527000 133 149
527500 133 149
528000 133 148
528500 133 149
529000 133 148
529500 133 148
530000 133 148
530500 133 148
531000 133 148
531500 133 148
532000 133 148
532500 133 148
533000 133 149
533500 133 149
534000 133 149
534500 133 148
535000 133 148
535500 133 148
536000 133 148
536500 133 148
537000 133 149
537500 133 149
538000 133 149
538500 133 149
539000 133 148
539500 133 149
540000 133 148
540500 133 148
541000 133 149
541500 133 149
542000 133 148
542500 133 148
543000 133 149
543500 133 149
544000 133 148
544500 133 148
545000 133 149
545500 133 149
546000 133 148
546500 133 149
547000 133 149
547500 133 148
548000 133 149
548500 133 148
549000 133 148
549500 133 148
550000 133 149
550500 133 149
551000 133 149
551500 133 148
552000 133 148
552500 133 148
553000 133 148
553500 133 148
554000 133 148
554500 133 149
555000 133 149
555500 133 148
556000 133 149
556500 133 149
557000 133 148
557500 133 149
558000 133 148
558500 133 149
559000 133 148
559500 133 148
560000 133 149
560500 133 148
561000 133 148
561500 133 149
562000 133 148
562500 133 149
563000 133 148
563500 133 148
564000 133 149
564500 133 149
565000 133 148
565500 133 148
566000 133 149
566500 133 149
567000 133 148
567500 133 149
568000 133 149
568500 133 148
569000 133 148
569500 133 148
570000 133 149
570500 133 149
571000 133 148
571500 133 149
572000 133 149
572500 133 148
573000 133 148
573500 133 149
574000 133 148
574500 133 148
575000 133 149
575500 133 149
576000 133 149
576500 133 148
577000 133 148
577500 133 148
578000 133 148
578500 133 149
579000 133 149
579500 133 149
580000 133 148
580500 133 148
581000 133 148
581500 133 149
582000 133 148
582500 133 149
583000 133 148
583500 131 148
584000 131 148
584500 131 148
585000 131 149
585500 131 148
586000 131 148
586500 131 148
587000 131 149
587500 131 149
588000 131 148
588500 131 148
589000 131 149
589500 131 149
590000 131 148
590500 131 148
591000 131 148
591500 131 148
592000 131 148
592500 131 149
593000 131 149
593500 131 148
594000 131 149
594500 131 148
595000 131 149
595500 131 149
596000 131 149
596500 131 149
597000 131 148
597500 131 148
598000 131 148
598500 131 149
599000 131 149
599500 131 149
600000 131 149
600500 131 148
601000 131 149
601500 131 148
602000 131 148
602500 131 148
603000 131 149
603500 131 149
604000 131 148
604500 131 149
605000 131 149
605500 131 149
606000 131 149
606500 131 149
607000 131 148
607500 131 149
608000 131 149
608500 131 149
609000 131 149
609500 131 148
610000 131 149
610500 131 149
611000 131 148
611500 131 148
612000 131 149
612500 131 148
613000 131 149
613500 131 149
614000 131 149
614500 131 149
615000 131 149
615500 131 149
616000 131 148
616500 131 148
617000 131 149
617500 131 149
618000 131 148
618500 131 148
619000 131 148
619500 131 149
620000 131 148
620500 131 149
621000 131 149
621500 131 148
622000 131 149
622500 131 149
623000 131 149
623500 131 148
624000 131 149
624500 131 148
625000 131 149
625500 131 148
626000 131 148
626500 131 149
627000 131 148
627500 131 149
628000 131 148
628500 131 148
629000 131 148
629500 131 148
630000 131 149
630500 131 149
631000 131 148
631500 131 149
632000 131 149
632500 131 148
633000 131 148
633500 131 149
634000 131 148
634500 131 148
635000 131 148
635500 131 149
636000 131 149
636500 131 148
637000 131 148
637500 131 148
638000 131 148
638500 131 149
639000 131 148
639500 131 149
640000 131 148
640500 131 148
641000 131 149
641500 131 148
642000 131 149
642500 131 148
643000 131 148
643500 131 148
644000 131 149
644500 131 148
645000 131 148
645500 131 149
646000 131 148
646500 131 148
647000 131 149
647500 131 148
648000 131 148
648500 131 148
649000 131 149
649500 131 148
650000 131 148
650500 131 149
651000 131 149
651500 131 149
652000 131 148
652500 131 149
653000 131 148
653500 131 149
654000 131 148
654500 131 149
655000 131 149
655500 131 149
656000 131 148
656500 131 149
657000 131 148
657500 131 148
658000 131 148
658500 131 149
659000 131 148
659500 131 149
660000 131 149
660500 131 148
661000 131 149
661500 131 149
662000 131 149
662500 131 149
663000 131 149
663500 131 149
664000 131 148
664500 131 148
665000 131 149
665500 131 148
666000 131 149
666500 131 149
667000 131 149
667500 131 149
668000 131 148
668500 131 149
669000 131 148
669500 131 148
670000 131 149
670500 131 148
671000 131 149
671500 131 148
672000 131 148
672500 131 149
673000 131 148
673500 131 148
674000 131 149
674500 131 149
675000 131 149
675500 131 149
676000 131 149
676500 131 149
677000 131 148
677500 131 148
678000 131 148
678500 131 149
679000 131 148
679500 131 148
680000 131 148
680500 131 149
681000 131 148
681500 131 149
682000 131 148
682500 131 149
683000 131 148
683500 131 149
684000 131 149
684500 131 148
685000 131 148
685500 131 148
686000 131 148
686500 131 148
687000 131 148
687500 131 148
688000 131 148
688500 131 149
689000 131 148
689500 131 149
690000 131 149
690500 131 148
691000 131 149
691500 131 149
692000 131 149
692500 131 149
693000 131 148
693500 131 148
694000 131 148
694500 131 149
695000 131 149
695500 131 149
696000 131 149
696500 131 148
697000 131 148
697500 131 148
698000 131 148
698500 131 148
699000 131 149
699500 131 149
700000 131 148
700500 131 148
701000 131 149
701500 131 148
702000 131 148
702500 131 149
703000 131 148
703500 131 148
704000 131 148
704500 131 148
705000 131 148
705500 131 148
706000 131 149
706500 131 149
707000 131 148
707500 131 148
708000 131 149
708500 131 149
709000 131 149
709500 131 149
710000 131 149
710500 131 148
711000 131 149
711500 131 149
712000 131 149
712500 131 149
713000 131 148
713500 131 149
714000 131 149
714500 131 148
715000 131 148
715500 131 148
716000 131 148
716500 131 148
717000 131 148
717500 131 148
718000 131 148
718500 131 149
719000 131 149
719500 131 149
720000 131 148
720500 131 148
721000 131 149
721500 131 148
722000 131 149
722500 131 149
723000 131 149
723500 131 148
724000 131 149
724500 131 148
725000 131 148
725500 131 148
726000 131 148
726500 131 148
727000 131 149
727500 131 149
728000 131 148
728500 131 149
729000 131 149
729500 131 148
730000 131 149
730500 131 149
731000 131 148
731500 131 148
732000 131 149
732500 131 148
733000 131 148
733500 131 149
734000 131 149
734500 131 149
735000 131 149
735500 131 148
736000 131 148
736500 131 149
737000 131 149
737500 131 148
738000 131 148
738500 131 148
739000 131 148
739500 131 149
740000 131 148
740500 131 148
741000 131 148
741500 131 148
742000 131 149
742500 131 148
743000 131 148
743500 131 149
744000 131 148
744500 131 148
745000 131 148
745500 131 148
746000 131 149
746500 131 148
747000 131 149
747500 131 148
748000 131 148
748500 131 149
749000 131 148
749500 131 149
750000 131 148
750500 131 148
751000 131 149
751500 131 149
752000 131 149
752500 131 148
753000 131 148
753500 131 148
754000 131 149
754500 131 148
755000 131 148
755500 131 149
756000 131 148
756500 131 148
757000 131 149
757500 131 149
758000 131 148
758500 131 148
759000 131 149
759500 131 149
760000 131 149
760500 131 148
761000 131 148
761500 131 148
762000 131 148
762500 131 148
763000 131 148
763500 131 148
764000 131 149
764500 131 148
765000 131 148
765500 131 148
766000 131 148
766500 131 149
767000 131 148
767500 131 148
768000 131 148
768500 131 148
769000 131 148
769500 131 148
770000 131 148
770500 131 149
771000 131 148
771500 131 149
772000 131 149
772500 131 149
773000 131 149
773500 131 149
774000 131 148
774500 131 148
775000 131 149
775500 131 148
776000 131 148
776500 131 148
777000 131 149
777500 131 149
778000 131 148
778500 131 148
779000 131 149
779500 131 149
780000 131 149
780500 131 149
781000 131 149
781500 131 148
782000 131 149
782500 131 148
783000 131 149
783500 131 148
784000 131 148
784500 131 149
785000 131 148
785500 131 149
786000 131 148
786500 131 148
787000 131 148
787500 131 148
788000 131 149
788500 131 148
789000 131 149
789500 131 149
790000 131 148
790500 131 148
791000 131 149
791500 131 149
792000 131 148
792500 131 149
793000 131 148
793500 131 149
794000 131 148
794500 131 148
795000 131 148
795500 131 148
796000 131 148
796500 131 149
797000 131 149
797500 131 148
798000 131 148
798500 131 149
799000 131 148
799500 131 149
800000 131 148
800500 131 148
801000 131 149
801500 131 149
802000 131 149
802500 131 149
803000 131 149
803500 131 149
804000 131 149
804500 131 149
805000 131 149
805500 131 149
806000 131 148
806500 131 149
807000 131 149
807500 131 149
808000 131 149
808500 131 149
809000 131 148
809500 131 148
810000 131 148
810500 131 148
811000 131 148
811500 131 149
812000 131 149
812500 131 149
813000 131 148
813500 131 148
814000 131 149
814500 131 148
815000 131 148
815500 131 148
816000 131 149
816500 131 149
817000 131 148
817500 131 148
818000 131 148
818500 131 149
819000 131 149
819500 131 149
820000 131 148
820500 131 149
821000 131 148
821500 131 149
822000 131 149
822500 131 148
823000 131 148
823500 131 149
824000 131 148
824500 131 149
825000 131 148
825500 131 148
826000 131 148
826500 131 148
827000 131 149
827500 131 149
828000 131 148
828500 131 149
829000 131 148
829500 131 148
830000 131 148
830500 131 148
831000 131 149
831500 131 148
832000 131 148
832500 131 149
833000 131 149
833500 131 148
834000 131 149
834500 131 148
835000 131 148
835500 131 148
836000 131 148
836500 131 148
837000 131 148
837500 131 148
838000 131 148
838500 131 149
839000 131 148
839500 131 148
840000 131 148
840500 131 148
841000 131 148
841500 131 148
842000 131 148
842500 131 149
843000 131 148
843500 131 148
844000 131 149
844500 131 148
845000 131 148
845500 131 148
846000 131 149
846500 131 148
847000 131 148
847500 131 149
848000 131 148
848500 131 148
849000 131 149
849500 131 148
850000 131 149
850500 131 148
851000 131 148
851500 131 148
852000 131 148
852500 131 148
853000 131 149
853500 131 148
854000 131 148
854500 131 149
855000 131 149
855500 131 149
856000 131 148
856500 131 148
857000 131 149
857500 131 149
858000 131 148
858500 131 149
859000 131 148
859500 131 148
860000 131 149
860500 131 148
861000 131 149
861500 131 149
862000 131 149
862500 131 149
863000 131 148
863500 131 148
864000 131 148
864500 131 148
865000 131 149
865500 131 148
866000 131 148
866500 131 149
867000 131 149
867500 131 149
868000 131 148
868500 131 148
869000 131 148
869500 131 148
870000 131 148
870500 131 148
871000 131 149
871500 131 149
872000 131 148
872500 131 148
873000 131 149
873500 131 149
874000 131 149
874500 131 149
875000 131 149
875500 131 149
876000 131 148
876500 131 148
877000 131 148
877500 131 149
878000 131 148
878500 131 149
879000 131 148
879500 131 148
880000 131 148
880500 131 148
881000 131 148
881500 131 148
882000 131 149
882500 131 148
883000 131 148
883500 131 149
884000 131 149
884500 131 149
885000 131 148
885500 131 149
886000 131 148
886500 131 149
887000 131 149
887500 131 148
888000 131 149
888500 131 148
889000 131 149
889500 131 149
890000 131 148
890500 131 148
891000 131 149
891500 131 149
892000 131 149
892500 131 148
893000 131 148
893500 131 148
894000 131 149
894500 131 149
895000 131 149
895500 131 149
896000 131 149
896500 131 148
897000 131 148
897500 131 148
898000 131 149
898500 131 149
899000 131 148
899500 131 148
900000 131 148
900500 131 148
901000 131 148
901500 131 148
902000 131 149
902500 131 148
903000 131 149
903500 131 149
904000 131 149
904500 131 149
905000 131 149
905500 131 148
906000 131 148
906500 131 149
907000 131 149
907500 131 149
908000 131 148
908500 131 148
909000 131 149
909500 131 148
910000 131 148
910500 131 149
911000 131 149
911500 131 149
912000 131 149
912500 131 148
913000 131 148
913500 131 149
914000 131 149
914500 131 148
915000 131 148
915500 131 149
916000 131 149
916500 131 148
917000 131 149
917500 131 149
918000 131 148
918500 131 148
919000 131 149
919500 131 148
920000 131 148
920500 131 148
921000 131 149
921500 131 148
922000 131 149
922500 131 149
923000 131 149
923500 131 149
924000 131 148
924500 131 149
925000 131 148
925500 131 148
926000 131 149
926500 131 148
927000 131 148
927500 131 148
928000 131 148
928500 131 148
929000 131 148
929500 131 148
930000 131 148
930500 131 148
931000 131 149
931500 131 149
932000 131 149
932500 131 149
933000 131 149
933500 131 148
934000 131 149
934500 131 148
935000 131 148
935500 131 149
936000 131 148
936500 131 148
e
