0 774 795
500 727 738
1000 703 712
1500 687 700
2000 673 683
2500 658 673
3000 651 667
3500 644 659
4000 640 659
4500 637 657
5000 632 653
5500 632 650
6000 623 641
6500 607 634
7000 602 630
7500 598 627
8000 594 613
8500 591 617
9000 584 618
9500 579 604
10000 578 616
10500 574 607
11000 569 607
11500 562 599
12000 558 591
12500 552 589
13000 552 596
13500 549 593
14000 544 591
14500 544 586
15000 543 577
15500 538 584
16000 530 578
16500 525 572
17000 525 574
17500 522 577
18000 521 576
18500 519 552
19000 517 570
19500 510 573
20000 507 543
20500 504 581
21000 500 547
21500 498 558
22000 493 544
22500 489 562
23000 486 535
23500 485 543
24000 478 530
24500 476 540
25000 474 541
25500 472 553
26000 468 542
26500 464 532
27000 461 520
27500 461 520
28000 458 513
28500 449 519
29000 445 517
29500 444 525
30000 442 523
30500 439 518
31000 432 502
31500 430 501
32000 426 503
32500 421 495
33000 419 492
33500 418 507
34000 417 473
34500 408 489
35000 405 496
35500 405 521
36000 401 488
36500 400 469
37000 399 476
37500 395 472
38000 395 510
38500 391 474
39000 390 496
39500 378 462
40000 375 495
40500 372 466
41000 370 480
41500 369 476
42000 366 455
42500 366 471
43000 364 468
43500 363 468
44000 362 460
44500 361 458
45000 356 437
45500 354 467
46000 353 437
46500 352 448
47000 349 438
47500 349 464
48000 349 469
48500 348 462
49000 344 423
49500 341 435
50000 340 448
50500 339 439
51000 336 438
51500 335 431
52000 334 452
52500 333 452
53000 333 417
53500 333 415
54000 331 469
54500 330 451
55000 329 471
55500 329 450
56000 325 443
56500 321 433
57000 317 458
57500 317 417
58000 317 437
58500 316 452
59000 313 414
59500 312 398
60000 312 451
60500 312 472
61000 312 411
61500 311 447
62000 310 430
62500 309 438
63000 309 421
63500 308 422
64000 308 442
64500 308 446
65000 307 423
65500 305 415
66000 305 413
66500 304 437
67000 303 418
67500 303 434
68000 303 430
68500 302 440
69000 301 427
69500 300 441
70000 299 401
70500 295 416
71000 295 401
71500 295 419
72000 294 427
72500 294 416
73000 293 451
73500 292 398
74000 292 425
74500 288 401
75000 287 428
75500 286 404
76000 286 421
76500 286 383
77000 284 407
77500 283 405
78000 283 418
78500 283 400
79000 281 390
79500 281 393
80000 279 405
80500 279 406
81000 278 418
81500 277 400
82000 277 417
82500 276 368
83000 275 389
83500 275 393
84000 275 422
84500 274 425
85000 274 382
85500 274 384
86000 273 393
86500 271 413
87000 271 391
87500 270 366
88000 269 404
88500 269 386
89000 269 424
89500 269 420
90000 268 400
90500 267 368
91000 267 383
91500 267 397
92000 266 384
92500 266 424
93000 266 389
93500 266 401
94000 264 364
94500 264 404
95000 262 397
95500 260 397
96000 260 417
96500 257 404
97000 257 367
97500 253 369
98000 251 379
98500 249 396
99000 248 360
99500 247 363
100000 246 395
100500 245 383
101000 245 397
101500 245 387
102000 244 362
102500 244 386
103000 243 371
103500 243 378
104000 242 406
104500 242 368
105000 241 386
105500 240 356
106000 240 385
106500 240 373
107000 239 393
107500 238 369
108000 238 363
108500 237 370
109000 236 373
109500 236 369
110000 236 376
110500 236 358
111000 233 367
111500 232 366
112000 232 370
112500 232 388
113000 232 401
113500 232 385
114000 232 387
114500 232 404
115000 232 369
115500 232 385
116000 232 396
116500 230 377
117000 230 361
117500 230 370
118000 230 355
118500 229 367
119000 228 393
119500 226 379
120000 226 344
120500 226 365
121000 226 373
121500 225 369
122000 225 376
122500 222 352
123000 221 379
123500 221 364
124000 220 346
124500 219 387
125000 218 402
125500 218 344
126000 218 374
126500 218 372
127000 217 343
127500 217 354
128000 216 370
128500 216 333
129000 216 348
129500 216 358
130000 215 357
130500 214 358
131000 214 373
131500 214 359
132000 213 395
132500 213 359
133000 213 359
133500 212 375
134000 210 345
134500 210 339
135000 209 374
135500 209 360
136000 209 363
136500 208 334
137000 208 330
137500 208 376
138000 208 342
138500 208 343
139000 208 378
139500 207 366
140000 206 348
140500 206 339
141000 205 368
141500 205 371
142000 205 333
142500 205 365
143000 205 364
143500 205 336
144000 205 393
144500 205 351
145000 205 369
145500 204 373
146000 204 339
146500 204 341
147000 204 355
147500 202 338
148000 202 383
148500 201 341
149000 201 318
149500 200 360
150000 200 331
150500 200 362
151000 200 354
151500 200 357
152000 200 356
152500 199 374
153000 199 363
153500 199 339
154000 199 353
154500 199 351
155000 199 307
155500 199 306
156000 199 323
156500 199 350
157000 198 334
157500 198 334
158000 197 336
158500 196 344
159000 196 354
159500 196 316
160000 196 356
160500 195 357
161000 195 340
161500 195 363
162000 195 366
162500 194 348
163000 194 349
163500 194 318
164000 193 327
164500 193 360
165000 193 343
165500 193 358
166000 193 333
166500 193 354
167000 193 309
167500 192 325
168000 192 395
168500 191 327
169000 191 330
169500 190 339
170000 190 338
170500 190 382
171000 190 325
171500 190 349
172000 190 349
172500 190 348
173000 190 318
173500 189 374
174000 189 312
174500 189 346
175000 189 313
175500 189 337
176000 189 329
176500 189 312
177000 189 346
177500 189 356
178000 189 357
178500 189 380
179000 189 334
179500 189 340
180000 189 398
180500 189 374
181000 189 328
181500 188 366
182000 187 343
182500 187 326
183000 187 365
183500 187 329
184000 187 363
184500 187 328
185000 187 356
185500 187 337
186000 187 326
186500 187 353
187000 187 354
187500 186 327
188000 185 367
188500 183 306
189000 183 354
189500 183 331
190000 183 330
190500 183 335
191000 183 374
191500 183 330
192000 183 352
192500 182 357
193000 182 330
193500 182 354
194000 182 336
194500 182 355
195000 182 341
195500 182 360
196000 181 320
196500 181 322
197000 181 313
197500 181 302
198000 180 373
198500 179 355
199000 179 336
199500 179 328
200000 179 356
200500 178 357
201000 178 339
201500 178 339
202000 178 331
202500 178 339
203000 178 331
203500 178 344
204000 178 318
204500 177 346
205000 177 334
205500 177 300
206000 177 334
206500 176 335
207000 176 376
207500 176 351
208000 176 359
208500 176 314
209000 176 326
209500 176 330
210000 176 315
210500 176 303
211000 176 327
211500 176 345
212000 175 337
212500 175 331
213000 175 333
213500 175 342
214000 174 333
214500 174 310
215000 173 332
215500 173 317
216000 173 332
216500 172 326
217000 172 305
217500 172 341
218000 172 304
218500 172 361
219000 172 367
219500 171 331
220000 171 331
220500 171 342
221000 171 317
221500 170 313
222000 170 303
222500 169 336
223000 168 314
223500 168 303
224000 168 349
224500 168 310
225000 167 353
225500 167 355
226000 167 317
226500 167 340
227000 167 335
227500 167 317
228000 167 391
228500 167 322
229000 166 311
229500 166 315
230000 166 319
230500 166 329
231000 166 314
231500 166 382
232000 166 294
232500 165 315
233000 165 305
233500 164 372
234000 164 348
234500 164 334
235000 164 344
235500 163 357
236000 162 320
236500 162 305
237000 161 301
237500 161 321
238000 161 349
238500 161 313
239000 161 335
239500 161 307
240000 161 345
240500 161 356
241000 161 303
241500 161 303
242000 161 322
242500 161 313
243000 161 310
243500 160 339
244000 160 319
244500 160 301
245000 160 338
245500 160 303
246000 160 323
246500 160 311
247000 160 332
247500 160 312
248000 160 332
248500 160 317
249000 160 322
249500 160 332
250000 160 313
250500 159 337
251000 158 328
251500 158 325
252000 158 288
252500 158 308
253000 158 288
253500 158 334
254000 158 308
254500 158 325
255000 158 351
255500 158 313
256000 158 306
256500 158 296
257000 158 321
257500 158 304
258000 158 320
258500 158 318
259000 157 343
259500 157 311
260000 157 323
260500 157 320
261000 157 331
261500 157 340
262000 157 307
262500 157 325
263000 157 311
263500 157 314
264000 157 314
264500 157 289
265000 157 362
265500 157 308
266000 157 313
266500 157 299
267000 157 317
267500 157 322
268000 157 351
268500 157 324
269000 157 330
269500 157 305
270000 156 262
270500 156 304
271000 156 325
271500 156 335
272000 156 320
272500 156 305
273000 156 281
273500 155 291
274000 155 317
274500 155 350
275000 155 342
275500 154 278
276000 154 332
276500 153 324
277000 153 289
277500 153 329
278000 153 325
278500 153 296
279000 153 329
279500 153 317
280000 153 290
280500 153 325
281000 153 294
281500 153 320
282000 153 310
282500 153 346
283000 153 373
283500 153 329
284000 153 337
284500 153 288
285000 153 328
285500 153 337
286000 152 346
286500 151 314
287000 150 341
287500 150 338
288000 150 318
288500 150 306
289000 150 327
289500 149 309
290000 149 322
290500 149 322
291000 149 301
291500 149 302
292000 149 322
292500 149 305
293000 149 331
293500 149 320
294000 149 308
294500 149 326
295000 149 298
295500 149 349
296000 149 307
296500 149 288
297000 149 313
297500 149 304
298000 148 310
298500 148 314
299000 148 303
299500 148 320
300000 148 333
300500 148 305
301000 148 289
301500 148 296
302000 148 321
302500 148 325
303000 148 321
303500 148 309
304000 148 330
304500 148 290
305000 148 318
305500 148 325
306000 148 291
306500 148 332
307000 148 291
307500 148 345
308000 148 302
308500 148 289
309000 148 332
309500 148 300
310000 148 308
310500 148 302
311000 148 311
311500 147 339
312000 147 299
312500 147 326
313000 147 296
313500 147 317
314000 147 275
314500 147 297
315000 147 349
315500 147 371
316000 147 313
316500 147 310
317000 146 309
317500 146 314
318000 146 288
318500 146 297
319000 146 297
319500 146 302
320000 146 330
320500 146 287
321000 146 290
321500 146 301
322000 146 326
322500 146 299
323000 146 317
323500 146 351
324000 146 283
324500 146 375
325000 146 334
325500 146 310
326000 146 288
326500 146 326
327000 146 287
327500 146 341
328000 145 314
328500 145 308
329000 145 308
329500 144 345
330000 144 299
330500 144 339
331000 144 303
331500 144 321
332000 144 314
332500 144 303
333000 144 305
333500 144 320
334000 144 310
334500 144 293
335000 144 331
335500 144 279
336000 144 309
336500 143 300
337000 143 310
337500 143 316
338000 143 294
338500 143 301
339000 143 333
339500 143 309
340000 143 298
340500 143 330
341000 143 296
341500 143 292
342000 143 309
342500 143 279
343000 143 291
343500 142 283
344000 142 337
344500 142 307
345000 142 303
345500 142 310
346000 142 303
346500 142 306
347000 142 292
347500 142 330
348000 142 303
348500 142 315
349000 142 326
349500 142 323
350000 142 285
350500 142 324
351000 142 323
351500 142 334
352000 142 335
352500 142 310
353000 142 331
353500 141 304
354000 141 326
354500 141 308
355000 141 310
355500 141 310
356000 141 274
356500 141 313
357000 141 334
357500 141 285
358000 141 327
358500 141 322
359000 141 310
359500 141 308
360000 140 275
360500 140 329
361000 139 296
361500 139 295
362000 139 302
362500 139 351
363000 139 290
363500 139 297
364000 139 298
364500 139 308
365000 139 285
365500 139 291
366000 139 308
366500 139 291
367000 139 340
367500 139 289
368000 139 345
368500 139 296
369000 139 286
369500 139 288
370000 139 323
370500 139 347
371000 139 336
371500 139 317
372000 139 308
372500 139 312
373000 139 323
373500 139 319
374000 139 317
374500 139 281
375000 139 312
375500 139 302
376000 139 298
376500 139 315
377000 139 317
377500 139 295
378000 139 325
378500 139 315
379000 139 299
379500 139 317
380000 139 289
380500 139 297
381000 138 337
381500 138 274
382000 138 325
382500 138 330
383000 138 329
383500 138 338
e
