0 126 129
500 121 129
1000 120 128
1500 120 128
2000 120 129
2500 120 129
3000 120 129
3500 120 129
4000 120 129
4500 119 129
5000 119 129
5500 119 129
6000 119 129
6500 119 129
7000 119 129
7500 119 129
8000 119 129
8500 119 129
9000 119 129
9500 119 129
10000 119 129
10500 119 129
11000 119 129
11500 119 129
12000 119 129
12500 119 129
13000 119 129
13500 119 129
14000 119 129
14500 117 129
15000 117 129
15500 117 129
16000 117 129
16500 117 129
17000 117 129
17500 117 129
18000 117 129
18500 117 129
19000 117 129
19500 117 129
20000 117 129
20500 117 129
21000 117 129
21500 117 129
22000 117 129
22500 117 129
23000 117 129
23500 117 128
24000 117 128
24500 117 129
25000 117 129
25500 117 129
26000 117 129
26500 117 129
27000 117 129
27500 117 129
28000 117 129
28500 117 129
29000 117 129
29500 117 129
30000 117 129
30500 117 129
31000 117 129
31500 117 129
32000 117 129
32500 117 129
33000 117 129
33500 117 128
34000 117 129
34500 117 129
35000 117 128
35500 117 128
36000 117 129
36500 117 129
37000 117 129
37500 117 129
38000 117 129
38500 117 129
39000 117 129
39500 117 129
40000 117 129
40500 117 129
41000 117 129
41500 117 129
42000 117 129
42500 117 129
43000 117 129
43500 117 129
44000 117 129
44500 117 129
45000 117 128
45500 117 129
46000 117 129
46500 117 129
47000 117 129
47500 117 128
48000 117 129
48500 117 129
49000 117 129
49500 117 129
50000 117 128
50500 117 129
51000 117 129
51500 117 129
52000 117 128
52500 117 129
53000 117 129
53500 117 129
54000 117 129
54500 117 128
55000 117 129
55500 117 129
56000 117 129
56500 117 129
57000 117 129
57500 117 129
58000 117 129
58500 117 129
59000 117 129
59500 117 129
60000 117 129
60500 117 129
61000 117 129
61500 117 129
62000 117 129
62500 117 129
63000 117 129
63500 117 128
64000 117 129
64500 117 129
65000 117 129
65500 117 129
66000 117 129
66500 117 129
67000 117 128
67500 117 128
68000 117 129
68500 117 129
69000 117 129
69500 117 129
70000 117 129
70500 117 129
71000 117 129
71500 117 129
72000 117 129
72500 117 129
73000 117 129
73500 117 129
74000 117 129
74500 117 129
75000 117 128
75500 117 129
76000 117 129
76500 117 129
77000 117 128
77500 117 129
78000 117 129
78500 117 129
79000 117 129
79500 117 129
80000 117 129
80500 117 129
81000 117 129
81500 117 129
82000 117 128
82500 117 129
83000 117 129
83500 117 129
84000 117 129
84500 117 129
85000 117 129
85500 117 129
86000 117 128
86500 117 129
87000 117 129
87500 117 129
88000 117 129
88500 117 129
89000 117 129
89500 117 129
90000 117 129
90500 117 129
91000 117 129
91500 117 128
92000 117 129
92500 117 129
93000 117 129
93500 117 129
94000 117 128
94500 117 128
95000 117 129
95500 117 129
96000 117 129
96500 117 129
97000 117 129
97500 117 129
98000 117 129
98500 117 129
99000 117 129
99500 117 128
100000 117 129
100500 117 129
101000 117 129
101500 117 129
102000 117 129
102500 117 128
103000 117 129
103500 117 129
104000 117 129
104500 117 129
105000 117 129
105500 117 129
106000 117 129
106500 117 129
107000 117 129
107500 117 129
108000 117 129
108500 117 128
109000 117 129
109500 117 129
110000 117 129
110500 117 128
111000 117 129
111500 117 129
112000 117 129
112500 117 129
113000 117 129
113500 117 129
114000 117 129
114500 117 129
115000 117 129
115500 117 129
116000 117 129
116500 117 129
117000 117 129
117500 117 129
118000 117 128
118500 117 129
119000 117 129
119500 117 129
120000 117 129
120500 117 129
121000 117 129
121500 117 129
122000 117 129
122500 117 129
123000 117 129
123500 117 128
124000 117 129
124500 117 129
125000 117 129
125500 117 129
126000 117 129
126500 117 129
127000 117 129
127500 117 129
128000 117 129
128500 117 129
129000 117 129
129500 117 129
130000 117 129
130500 117 129
131000 117 129
131500 117 129
132000 117 129
132500 117 129
133000 117 129
133500 117 129
134000 117 129
134500 117 129
135000 117 129
135500 117 129
136000 117 129
136500 117 129
137000 117 129
137500 117 129
138000 117 129
138500 117 129
139000 117 129
139500 117 129
140000 117 129
140500 117 129
141000 117 129
141500 117 129
142000 117 129
142500 117 129
143000 117 129
143500 117 129
144000 117 129
144500 117 129
145000 117 129
145500 117 129
146000 117 129
146500 117 129
147000 117 129
147500 117 129
148000 117 129
148500 117 129
149000 117 129
149500 117 129
150000 117 129
150500 117 129
151000 117 129
151500 117 129
152000 117 128
152500 116 129
153000 116 129
153500 116 129
154000 116 129
154500 116 129
155000 116 129
155500 116 129
156000 116 129
156500 116 129
157000 116 129
157500 116 129
158000 116 129
158500 116 129
159000 116 129
159500 116 129
160000 116 129
160500 116 129
161000 116 129
161500 116 129
162000 116 129
162500 116 129
163000 116 129
163500 116 129
164000 116 129
164500 116 129
165000 116 129
165500 116 129
166000 116 129
166500 116 129
167000 116 129
167500 116 129
168000 116 129
168500 116 128
169000 116 129
169500 116 128
170000 116 129
170500 116 128
171000 116 129
171500 116 129
172000 116 129
172500 116 129
173000 116 129
173500 116 128
174000 116 129
174500 116 129
175000 116 129
175500 116 129
176000 116 129
176500 116 129
177000 116 129
177500 116 129
178000 116 129
178500 116 129
179000 116 129
179500 116 129
180000 116 129
180500 116 129
181000 116 129
181500 116 129
182000 116 129
182500 116 129
183000 116 129
183500 116 129
184000 116 129
184500 116 129
185000 116 129
185500 116 129
186000 116 129
186500 116 128
187000 116 128
187500 116 129
188000 116 129
188500 116 129
189000 116 129
189500 116 129
190000 116 129
190500 116 129
191000 116 129
191500 116 129
192000 116 129
192500 116 129
193000 116 129
193500 116 128
194000 116 129
194500 116 129
195000 116 129
195500 116 129
196000 116 128
196500 116 129
197000 116 129
197500 116 129
198000 116 129
198500 116 129
199000 116 129
199500 116 129
200000 116 129
200500 116 129
201000 116 129
201500 116 129
202000 116 128
202500 116 129
203000 116 129
203500 116 129
204000 116 128
204500 116 129
205000 116 129
205500 116 129
206000 116 129
206500 116 129
207000 116 129
207500 116 129
208000 116 129
208500 116 129
209000 116 129
209500 116 129
210000 116 129
210500 116 129
211000 116 129
211500 116 129
212000 116 129
212500 116 129
213000 116 129
213500 116 129
214000 116 129
214500 116 128
215000 116 128
215500 116 129
216000 116 129
216500 116 129
217000 116 129
217500 116 129
218000 116 129
218500 116 129
219000 116 129
219500 116 129
220000 116 129
220500 116 129
221000 116 129
221500 116 129
222000 116 129
222500 116 129
223000 116 129
223500 116 129
224000 116 129
224500 116 129
225000 116 129
225500 116 129
226000 116 129
226500 116 129
227000 116 129
227500 116 129
228000 116 129
228500 116 129
229000 116 129
229500 116 129
230000 116 129
230500 116 128
231000 116 128
231500 116 129
232000 116 128
232500 116 129
233000 116 129
233500 116 129
234000 116 129
234500 116 129
235000 116 129
235500 116 129
236000 116 129
236500 116 129
237000 116 129
237500 116 129
238000 116 129
238500 116 129
239000 116 129
239500 116 129
240000 116 129
240500 116 129
241000 116 129
241500 116 129
242000 116 129
242500 116 129
243000 116 129
243500 116 129
244000 116 129
244500 116 129
245000 116 129
245500 116 129
246000 116 129
246500 116 129
247000 116 129
247500 116 129
248000 116 129
248500 116 129
249000 116 129
249500 116 129
250000 116 129
250500 116 129
251000 116 129
251500 116 129
252000 116 128
252500 116 129
253000 116 129
253500 116 129
254000 116 128
254500 116 129
255000 116 129
255500 116 129
256000 116 129
256500 116 129
257000 116 129
257500 116 128
258000 116 129
258500 116 129
259000 116 129
259500 116 129
260000 116 129
260500 116 129
261000 116 129
261500 116 129
262000 116 129
262500 116 129
263000 116 129
263500 116 129
264000 116 129
264500 116 129
265000 116 129
265500 116 129
266000 116 129
266500 116 128
267000 116 129
267500 116 129
268000 116 129
268500 116 129
269000 116 129
269500 116 128
270000 116 129
270500 116 129
271000 116 129
271500 116 129
272000 116 129
272500 116 129
273000 116 129
273500 116 129
274000 116 128
274500 116 129
275000 116 129
275500 116 129
276000 116 129
276500 116 129
277000 116 129
277500 116 129
278000 116 129
278500 116 128
279000 116 129
279500 116 129
280000 116 129
280500 116 129
281000 116 129
281500 116 129
282000 116 128
282500 116 129
283000 116 129
283500 116 129
284000 116 129
284500 116 129
285000 116 129
285500 116 129
286000 116 129
286500 116 129
287000 116 129
287500 116 129
288000 116 129
288500 116 129
289000 116 129
289500 116 129
290000 116 129
290500 116 129
291000 116 129
291500 116 129
292000 116 129
292500 116 129
293000 116 129
293500 116 129
294000 116 129
294500 116 129
295000 116 129
295500 116 129
296000 116 129
296500 116 129
297000 116 129
297500 116 129
298000 116 129
298500 116 129
299000 116 129
299500 116 129
300000 116 129
300500 116 129
301000 116 129
301500 116 129
302000 116 129
302500 116 129
303000 116 129
303500 116 129
304000 116 129
304500 116 129
305000 116 129
305500 116 129
306000 116 128
306500 116 129
307000 116 129
307500 116 129
308000 116 129
308500 116 129
309000 116 129
309500 116 129
310000 116 129
310500 116 129
311000 116 129
311500 116 129
312000 116 129
312500 116 129
313000 116 129
313500 116 129
314000 116 129
314500 116 129
315000 116 128
315500 116 128
316000 116 128
316500 116 128
317000 116 129
317500 116 129
318000 116 129
318500 116 129
319000 116 129
319500 116 129
320000 116 129
320500 116 129
321000 116 128
321500 116 129
322000 116 129
322500 116 128
323000 116 129
323500 116 129
324000 116 129
324500 116 129
325000 116 129
325500 116 129
326000 116 129
326500 116 129
327000 116 129
327500 116 129
328000 116 129
328500 116 129
329000 116 129
329500 116 129
330000 116 129
330500 116 129
331000 116 129
331500 116 129
332000 116 129
332500 116 129
333000 116 129
333500 116 129
334000 116 129
334500 116 129
335000 116 129
335500 116 129
336000 116 129
336500 116 129
337000 116 129
337500 116 129
338000 116 129
338500 116 129
339000 116 129
339500 116 129
340000 116 129
340500 116 129
341000 116 129
341500 116 129
342000 116 129
342500 116 129
343000 116 128
343500 116 129
344000 116 129
344500 116 129
345000 116 129
345500 116 129
346000 116 129
346500 116 129
347000 116 129
347500 116 129
348000 116 129
348500 116 129
349000 116 129
349500 116 129
350000 116 129
350500 116 129
351000 116 129
351500 116 129
352000 116 129
352500 116 129
353000 116 129
353500 116 129
354000 116 129
354500 116 129
355000 116 129
355500 116 129
356000 116 129
356500 116 129
357000 116 129
357500 116 129
358000 116 129
358500 116 129
359000 116 129
359500 116 129
360000 116 129
360500 116 129
361000 116 129
361500 116 129
362000 116 129
362500 116 129
363000 116 129
363500 116 129
364000 116 129
364500 116 129
365000 116 129
365500 116 129
366000 116 129
366500 116 129
367000 116 129
367500 116 129
368000 116 129
368500 116 129
369000 116 129
369500 116 129
370000 116 129
370500 116 129
371000 116 129
371500 116 129
372000 116 129
372500 116 129
373000 116 128
373500 116 129
374000 116 129
374500 116 129
375000 116 128
375500 116 129
376000 116 129
376500 116 128
377000 116 129
377500 116 129
378000 116 129
378500 116 129
379000 116 129
379500 116 129
380000 116 129
380500 116 129
381000 116 129
381500 116 129
382000 116 129
382500 116 129
383000 116 129
383500 116 129
384000 116 129
384500 116 129
385000 116 129
385500 116 129
386000 116 129
386500 116 129
387000 116 128
387500 116 128
388000 116 129
388500 116 129
389000 116 129
389500 116 129
390000 116 129
390500 116 129
391000 116 129
391500 116 129
392000 116 129
392500 116 129
393000 116 128
393500 116 129
394000 116 129
394500 116 129
395000 116 129
395500 116 129
396000 116 129
396500 116 129
397000 116 128
397500 116 129
398000 116 129
398500 116 129
399000 116 129
399500 116 129
400000 116 129
400500 116 129
401000 116 129
401500 116 129
402000 116 129
402500 116 129
403000 116 129
403500 116 129
404000 116 128
404500 116 129
405000 116 129
405500 116 129
406000 116 129
406500 116 129
407000 116 129
407500 116 128
408000 116 129
408500 116 129
409000 116 129
409500 116 129
410000 116 129
410500 116 129
411000 116 129
411500 116 129
412000 116 129
412500 116 129
413000 116 129
413500 116 129
414000 116 129
414500 116 129
415000 116 129
415500 116 129
416000 116 129
416500 116 129
417000 116 129
417500 116 129
418000 116 129
418500 116 129
419000 116 129
419500 116 129
420000 116 129
420500 116 129
421000 116 129
421500 116 129
422000 116 129
422500 116 129
423000 116 129
423500 116 129
424000 116 129
424500 116 129
425000 116 129
425500 116 129
426000 116 129
426500 116 128
427000 116 129
427500 116 129
428000 116 129
428500 116 129
429000 116 129
429500 116 129
430000 116 129
430500 116 128
431000 116 129
431500 116 129
432000 116 129
432500 116 129
433000 116 129
433500 116 129
434000 116 129
434500 116 129
435000 116 129
435500 116 128
436000 116 129
436500 116 129
437000 116 129
437500 116 129
438000 116 129
438500 116 129
439000 116 129
439500 116 129
440000 116 129
440500 116 129
441000 116 129
441500 116 129
442000 116 129
442500 116 129
443000 116 129
443500 116 129
444000 116 129
444500 116 128
445000 116 129
445500 116 129
446000 116 128
446500 116 129
447000 116 129
447500 116 129
448000 116 129
448500 116 129
449000 116 129
449500 116 129
450000 116 129
450500 116 129
451000 116 129
451500 116 129
452000 116 129
452500 116 129
453000 116 129
453500 116 129
454000 116 129
454500 116 129
455000 116 129
455500 116 129
456000 116 129
456500 116 128
457000 116 129
457500 116 129
458000 116 129
458500 116 129
459000 116 129
459500 116 129
460000 116 129
460500 116 129
461000 116 128
461500 116 129
462000 116 129
462500 116 129
463000 116 129
463500 116 129
464000 116 129
464500 116 128
465000 116 129
465500 116 129
466000 116 129
466500 116 129
467000 116 129
467500 116 129
468000 116 129
468500 116 129
469000 116 129
469500 116 129
470000 116 129
470500 116 129
471000 116 129
471500 116 128
472000 116 129
472500 116 129
473000 116 129
473500 116 129
474000 116 128
474500 116 129
475000 116 129
475500 116 129
476000 116 129
476500 116 129
477000 116 129
477500 116 129
478000 116 129
478500 116 129
479000 116 129
479500 116 129
480000 116 129
480500 116 129
481000 116 129
481500 116 129
482000 116 129
482500 116 129
483000 116 129
483500 116 129
484000 116 129
484500 116 129
485000 116 129
485500 116 128
486000 116 128
486500 116 129
487000 116 129
487500 116 129
488000 116 129
488500 116 128
489000 116 129
489500 116 129
490000 116 128
490500 116 129
491000 116 129
491500 116 129
492000 116 129
492500 116 128
493000 116 129
493500 116 129
494000 116 129
494500 116 128
495000 116 129
495500 116 129
496000 116 129
496500 116 129
497000 116 129
497500 116 129
498000 116 129
498500 116 129
499000 116 129
499500 116 129
500000 116 129
500500 116 129
501000 116 129
501500 116 129
502000 116 129
502500 116 129
503000 116 129
503500 116 129
504000 116 128
504500 116 129
505000 116 129
505500 116 129
506000 116 129
506500 116 128
507000 116 129
507500 116 129
508000 116 129
508500 116 129
509000 116 129
509500 116 128
510000 116 128
510500 116 129
511000 116 129
511500 116 129
512000 116 129
512500 116 129
513000 116 129
513500 116 128
514000 116 128
514500 116 128
515000 116 129
515500 116 129
516000 116 129
516500 116 129
517000 116 129
517500 116 129
518000 116 129
518500 116 129
519000 116 129
519500 116 129
520000 116 129
520500 116 129
521000 116 129
521500 116 129
522000 116 129
522500 116 129
523000 116 129
523500 116 129
524000 116 129
524500 116 129
525000 116 129
525500 116 129
526000 116 129
526500 116 129
527000 116 129
527500 116 129
528000 116 129
528500 116 129
529000 116 129
529500 116 129
530000 116 129
530500 116 129
531000 116 129
531500 116 129
532000 116 129
532500 116 129
533000 116 129
533500 116 129
534000 116 129
534500 116 128
535000 116 129
535500 116 129
536000 116 129
536500 116 129
537000 116 129
537500 116 129
538000 116 129
538500 116 129
539000 116 129
539500 116 129
540000 116 129
540500 116 129
541000 116 129
541500 116 128
542000 116 129
542500 116 129
543000 116 129
543500 116 129
544000 116 129
544500 116 129
545000 116 129
545500 116 129
546000 116 129
546500 116 129
547000 116 129
547500 116 129
548000 116 129
548500 116 129
549000 116 129
549500 116 129
550000 116 129
550500 116 129
551000 116 129
551500 116 129
552000 116 129
552500 116 129
553000 116 129
553500 116 129
554000 116 129
554500 116 129
555000 116 129
555500 116 129
556000 116 129
556500 116 129
557000 116 129
557500 116 129
558000 116 129
558500 116 129
559000 116 129
559500 116 129
560000 116 129
560500 116 129
561000 116 129
561500 116 129
562000 116 129
562500 116 129
563000 116 129
563500 116 129
564000 116 129
564500 116 128
565000 116 129
565500 116 129
566000 116 129
566500 116 129
567000 116 129
567500 116 129
568000 116 128
568500 116 129
569000 116 129
569500 116 128
570000 116 129
570500 116 129
571000 116 128
571500 116 129
572000 116 129
572500 116 129
573000 116 129
573500 116 129
574000 116 129
574500 116 129
575000 116 129
575500 116 129
576000 116 128
576500 116 129
577000 116 129
577500 116 129
578000 116 129
578500 116 129
579000 116 129
579500 116 128
580000 116 129
580500 116 129
581000 116 129
581500 116 129
582000 116 129
582500 116 129
583000 116 129
583500 116 129
584000 116 129
584500 116 129
585000 116 129
585500 116 129
586000 116 129
586500 116 129
587000 116 129
587500 116 128
588000 116 129
588500 116 129
589000 116 129
589500 116 129
590000 116 129
590500 116 129
591000 116 128
591500 116 129
592000 116 128
592500 116 129
593000 116 129
593500 116 129
594000 116 129
594500 116 129
595000 116 129
595500 116 129
596000 116 129
596500 116 129
597000 116 129
597500 116 129
598000 116 129
598500 116 129
599000 116 129
599500 116 129
600000 116 129
600500 116 129
601000 116 129
601500 116 129
602000 116 129
602500 116 129
603000 116 129
603500 116 129
604000 116 129
604500 116 129
605000 116 129
605500 116 129
606000 116 129
606500 116 129
607000 116 129
607500 116 129
608000 116 129
608500 116 129
609000 116 129
609500 116 128
610000 116 129
610500 116 129
611000 116 129
611500 116 129
612000 116 129
612500 116 129
613000 116 129
613500 116 129
614000 116 128
614500 116 129
615000 116 128
615500 116 129
616000 116 129
616500 116 129
617000 116 129
617500 116 129
618000 116 129
618500 116 129
619000 116 129
619500 116 129
620000 116 129
620500 116 129
621000 116 129
621500 116 129
622000 116 129
622500 116 129
623000 116 128
623500 116 129
624000 116 129
624500 116 129
625000 116 129
625500 116 129
626000 116 129
626500 116 129
627000 116 129
627500 116 129
628000 116 129
628500 116 129
629000 116 129
629500 116 129
630000 116 129
630500 116 129
631000 116 129
631500 116 129
632000 116 129
632500 116 129
633000 116 129
633500 116 129
634000 116 129
634500 116 129
635000 116 129
635500 116 129
636000 116 129
636500 116 129
637000 116 129
637500 116 129
638000 116 129
638500 116 129
639000 116 129
639500 116 129
640000 116 129
640500 116 129
641000 116 129
641500 116 129
642000 116 129
642500 116 129
643000 116 129
643500 116 129
644000 116 129
644500 116 129
645000 116 129
645500 116 129
646000 116 128
646500 116 129
647000 116 129
647500 116 129
648000 116 128
648500 116 129
649000 116 129
649500 116 129
650000 116 129
650500 116 129
651000 116 129
651500 116 129
652000 116 128
652500 116 129
653000 116 129
653500 116 128
654000 116 129
654500 116 129
655000 116 129
655500 116 129
656000 116 129
656500 116 129
657000 116 129
657500 116 128
658000 116 129
658500 116 128
659000 116 128
659500 116 129
660000 116 128
660500 116 128
661000 116 129
661500 116 129
662000 116 129
662500 116 129
663000 116 129
663500 116 129
664000 116 129
664500 116 129
665000 116 129
665500 116 129
666000 116 128
666500 116 129
667000 116 129
667500 116 129
668000 116 128
668500 116 129
669000 116 129
669500 116 129
670000 116 129
670500 116 129
671000 116 129
671500 116 128
672000 116 129
672500 116 129
673000 116 129
673500 116 129
674000 116 129
674500 116 129
675000 116 129
675500 116 129
676000 116 129
676500 116 129
677000 116 129
677500 116 129
678000 116 129
678500 116 129
679000 116 129
679500 116 129
680000 116 129
680500 116 129
681000 116 129
681500 116 129
682000 116 129
682500 116 129
683000 116 129
683500 116 129
684000 116 129
684500 116 129
685000 116 128
685500 116 129
686000 116 129
686500 116 129
687000 116 129
687500 116 129
688000 116 129
688500 116 129
689000 116 129
689500 116 129
690000 116 129
690500 116 129
691000 116 129
691500 116 129
692000 116 129
692500 116 129
693000 116 129
693500 116 129
694000 116 129
694500 116 129
695000 116 128
695500 116 128
696000 116 129
696500 116 129
697000 116 129
697500 116 129
698000 116 129
698500 116 128
699000 116 129
699500 116 129
700000 116 129
700500 116 129
701000 116 129
701500 116 129
702000 116 129
702500 116 129
703000 116 129
703500 116 129
704000 116 129
704500 116 129
705000 116 128
705500 116 128
706000 116 129
706500 116 129
707000 116 129
707500 116 129
708000 116 129
708500 116 129
709000 116 129
709500 116 129
710000 116 128
710500 116 129
711000 116 129
711500 116 129
712000 116 129
712500 116 129
713000 116 128
713500 116 129
714000 116 129
714500 116 129
715000 116 129
715500 116 129
716000 116 129
716500 116 129
717000 116 129
717500 116 129
718000 116 129
718500 116 129
719000 116 129
719500 116 129
720000 116 129
720500 116 129
721000 116 129
721500 116 129
722000 116 129
722500 116 129
723000 116 129
723500 116 129
724000 116 129
724500 116 129
725000 116 129
725500 116 128
726000 116 128
726500 116 129
727000 116 128
727500 116 129
728000 116 129
728500 116 129
729000 116 129
729500 116 129
730000 116 129
730500 116 129
731000 116 129
731500 116 128
732000 116 129
732500 116 129
733000 116 129
733500 116 129
734000 116 129
734500 116 129
735000 116 129
735500 116 129
736000 116 129
736500 116 129
737000 116 129
737500 116 129
738000 116 129
738500 116 129
739000 116 129
739500 116 129
740000 116 128
740500 116 129
741000 116 129
741500 116 129
742000 116 128
742500 116 128
743000 116 129
743500 116 128
744000 116 129
744500 116 129
745000 116 129
745500 116 128
746000 116 129
746500 116 129
747000 116 129
747500 116 129
748000 116 129
748500 116 129
749000 116 129
749500 116 129
750000 116 129
750500 116 129
751000 116 129
751500 116 129
752000 116 129
752500 116 129
753000 116 129
753500 116 129
754000 116 129
754500 116 128
755000 116 129
755500 116 129
756000 116 129
756500 116 128
757000 116 129
757500 116 129
758000 116 129
758500 116 129
759000 116 129
759500 116 129
760000 116 129
760500 116 129
761000 116 129
761500 116 129
762000 116 129
762500 116 129
763000 116 129
763500 116 129
764000 116 129
764500 116 129
765000 116 129
765500 116 129
766000 116 129
766500 116 129
767000 116 129
767500 116 129
768000 116 129
768500 116 129
769000 116 129
769500 116 129
770000 116 129
770500 116 129
771000 116 129
771500 116 129
772000 116 129
772500 116 129
773000 116 129
773500 116 129
774000 116 129
774500 116 129
775000 116 129
775500 116 129
776000 116 129
776500 116 129
777000 116 129
777500 116 129
778000 116 129
778500 116 128
779000 116 129
779500 116 129
780000 116 129
780500 116 129
781000 116 129
781500 116 129
782000 116 129
782500 116 129
783000 116 129
783500 116 129
784000 116 129
784500 116 129
785000 116 129
785500 116 129
786000 116 129
786500 116 128
787000 116 129
787500 116 129
788000 116 129
788500 116 129
789000 116 129
789500 116 129
790000 116 129
790500 116 129
791000 116 129
791500 116 129
792000 116 129
792500 116 129
793000 116 129
793500 116 129
794000 116 129
794500 116 129
795000 116 129
795500 116 129
796000 116 129
796500 116 129
797000 116 129
797500 116 129
798000 116 129
798500 116 129
799000 116 129
799500 116 129
800000 116 129
800500 116 129
801000 116 129
801500 116 129
802000 116 129
802500 116 129
803000 116 129
803500 116 129
804000 116 129
804500 116 129
805000 116 129
805500 116 129
806000 116 129
806500 116 129
807000 116 129
807500 116 129
808000 116 129
808500 116 129
809000 116 129
809500 116 129
810000 116 129
810500 116 128
811000 116 129
811500 116 129
812000 116 129
812500 116 129
813000 116 129
813500 116 129
814000 116 129
814500 116 129
815000 116 129
815500 116 129
816000 114 129
816500 114 128
817000 114 129
817500 114 129
818000 114 129
818500 114 129
819000 114 129
819500 114 129
820000 114 129
820500 114 129
821000 114 129
821500 114 129
822000 114 129
822500 114 129
823000 114 129
823500 114 129
824000 114 129
824500 114 129
825000 114 129
825500 114 129
826000 114 129
826500 114 129
827000 114 129
827500 114 129
828000 114 129
828500 114 129
829000 114 129
829500 114 129
830000 114 129
830500 114 129
831000 114 129
831500 114 129
832000 114 129
832500 114 129
833000 114 129
833500 114 129
834000 114 128
834500 114 129
835000 114 129
835500 114 129
836000 114 129
836500 114 129
837000 114 129
837500 114 129
838000 114 129
838500 114 129
839000 114 129
839500 114 128
840000 114 129
840500 114 129
841000 114 129
841500 114 129
842000 114 129
842500 114 129
843000 114 129
843500 114 129
844000 114 129
844500 114 129
845000 114 128
845500 114 129
846000 114 128
846500 114 129
847000 114 129
847500 114 129
848000 114 129
848500 114 129
849000 114 129
849500 114 129
850000 114 129
850500 114 128
851000 114 129
851500 114 128
852000 114 129
852500 114 129
853000 114 129
853500 114 129
854000 114 129
854500 114 129
855000 114 129
855500 114 129
856000 114 129
856500 114 128
857000 114 129
857500 114 129
858000 114 129
858500 114 129
859000 114 129
859500 114 129
860000 114 129
860500 114 129
861000 114 128
861500 114 129
862000 114 129
862500 114 129
863000 114 129
863500 114 129
864000 114 129
864500 114 129
865000 114 129
865500 114 129
866000 114 129
866500 114 129
867000 114 129
867500 114 129
868000 114 129
868500 114 129
869000 114 129
869500 114 129
870000 114 129
870500 114 128
871000 114 129
871500 114 129
872000 114 129
872500 114 129
873000 114 129
873500 114 129
874000 114 129
874500 114 129
875000 114 129
875500 114 129
876000 114 128
876500 114 129
877000 114 129
877500 114 129
878000 114 129
878500 114 128
879000 114 129
879500 114 129
880000 114 129
880500 114 129
881000 114 129
881500 114 129
882000 114 129
882500 114 129
e
