0 40 44
500 37 44
1000 36 44
1500 35 44
2000 35 44
2500 35 44
3000 35 44
3500 35 44
4000 35 44
4500 34 44
5000 34 44
5500 34 44
6000 34 45
6500 34 45
7000 34 44
7500 34 45
8000 34 44
8500 34 44
9000 34 44
9500 34 45
10000 34 44
10500 34 44
11000 34 44
11500 34 44
12000 34 44
12500 34 44
13000 34 44
13500 34 45
14000 34 45
14500 34 44
15000 34 44
15500 34 45
16000 34 45
16500 34 44
17000 34 44
17500 34 44
18000 34 44
18500 34 44
19000 34 44
19500 34 44
20000 34 45
20500 34 45
21000 34 44
21500 34 45
22000 34 45
22500 34 44
23000 34 45
23500 34 45
24000 34 44
24500 34 44
25000 34 45
25500 34 44
26000 34 44
26500 34 44
27000 34 45
27500 34 44
28000 34 45
28500 34 45
29000 34 44
29500 34 44
30000 34 45
30500 34 44
31000 34 44
31500 34 44
32000 34 44
32500 34 45
33000 34 44
33500 34 45
34000 34 45
34500 34 44
35000 34 44
35500 34 45
36000 34 44
36500 34 44
37000 34 45
37500 34 44
38000 34 45
38500 34 44
39000 34 44
39500 34 44
40000 34 44
40500 34 44
41000 34 44
41500 34 44
42000 34 44
42500 34 44
43000 34 44
43500 34 44
44000 34 44
44500 34 45
45000 34 44
45500 34 44
46000 34 45
46500 34 44
47000 34 44
47500 34 45
48000 34 45
48500 34 44
49000 34 44
49500 34 44
50000 34 44
50500 34 44
51000 34 44
51500 34 45
52000 34 45
52500 34 44
53000 34 44
53500 34 44
54000 34 45
54500 34 44
55000 34 44
55500 34 44
56000 34 44
56500 34 44
57000 34 44
57500 34 44
58000 34 45
58500 34 44
59000 34 44
59500 34 44
60000 34 45
60500 34 44
61000 34 44
61500 34 44
62000 34 45
62500 34 44
63000 34 44
63500 34 45
64000 34 44
64500 34 44
65000 34 44
65500 34 45
66000 34 44
66500 34 44
67000 34 44
67500 34 44
68000 34 44
68500 34 45
69000 34 44
69500 34 44
70000 34 44
70500 34 44
71000 34 44
71500 34 44
72000 34 44
72500 34 44
73000 34 44
73500 34 44
74000 34 45
74500 34 44
75000 34 45
75500 34 44
76000 34 44
76500 34 45
77000 34 44
77500 34 44
78000 34 44
78500 34 44
79000 34 44
79500 34 44
80000 34 45
80500 34 44
81000 34 44
81500 34 44
82000 34 45
82500 34 45
83000 34 45
83500 34 44
84000 34 44
84500 34 44
85000 34 44
85500 34 44
86000 34 44
86500 34 44
87000 34 44
87500 34 44
88000 34 45
88500 34 44
89000 34 44
89500 34 45
90000 34 45
90500 34 44
91000 34 44
91500 34 44
92000 34 44
92500 34 44
93000 34 44
93500 34 44
94000 34 44
94500 34 44
95000 34 45
95500 34 44
96000 34 44
96500 34 44
97000 34 44
97500 34 44
98000 34 45
98500 34 44
99000 34 45
99500 34 44
100000 34 44
100500 34 45
101000 34 44
101500 34 45
102000 34 44
102500 34 44
103000 34 45
103500 34 45
104000 34 45
104500 34 44
105000 34 44
105500 34 44
106000 34 44
106500 34 45
107000 34 44
107500 34 44
108000 34 45
108500 34 44
109000 34 45
109500 34 44
110000 34 44
110500 34 44
111000 34 44
111500 34 44
112000 34 45
112500 34 44
113000 34 44
113500 34 44
114000 34 44
114500 34 44
115000 34 45
115500 34 45
116000 34 44
116500 34 45
117000 34 44
117500 34 44
118000 34 45
118500 34 44
119000 34 45
119500 34 44
120000 34 45
120500 34 44
121000 34 45
121500 34 45
122000 34 44
122500 34 44
123000 34 44
123500 34 44
124000 34 44
124500 34 44
125000 34 44
125500 34 44
126000 34 44
126500 34 44
127000 34 44
127500 34 44
128000 34 45
128500 34 44
129000 34 45
129500 34 44
130000 34 44
130500 34 44
131000 34 44
131500 34 45
132000 34 44
132500 34 44
133000 34 44
133500 34 45
134000 34 44
134500 34 44
135000 34 44
135500 34 44
136000 34 45
136500 34 44
137000 34 45
137500 34 45
138000 34 44
138500 34 44
139000 34 44
139500 34 44
140000 34 44
140500 34 44
141000 34 44
141500 34 44
142000 34 45
142500 34 44
143000 34 45
143500 34 44
144000 34 45
144500 34 44
145000 34 44
145500 34 44
146000 34 44
146500 34 44
147000 34 44
147500 34 45
148000 34 44
148500 34 44
149000 34 44
149500 34 44
150000 34 44
150500 34 44
151000 34 44
151500 34 44
152000 34 44
152500 34 45
153000 34 44
153500 34 45
154000 34 44
154500 34 45
155000 34 45
155500 34 45
156000 34 44
156500 34 45
157000 34 44
157500 34 44
158000 34 44
158500 34 44
159000 34 45
159500 34 44
160000 34 44
160500 34 44
161000 34 45
161500 34 44
162000 34 44
162500 34 45
163000 34 44
163500 34 45
164000 34 44
164500 34 44
165000 34 44
165500 34 44
166000 34 44
166500 34 44
167000 34 44
167500 34 45
168000 34 44
168500 34 44
169000 34 45
169500 34 44
170000 34 44
170500 34 44
171000 34 44
171500 34 44
172000 34 45
172500 34 44
173000 34 45
173500 34 44
174000 34 44
174500 34 44
175000 34 44
175500 34 44
176000 34 45
176500 34 45
177000 34 44
177500 34 44
178000 34 45
178500 34 44
179000 34 45
179500 34 45
180000 34 44
180500 34 44
181000 34 44
181500 34 45
182000 34 44
182500 34 45
183000 34 45
183500 34 44
184000 34 44
184500 34 44
185000 34 44
185500 34 44
186000 34 44
186500 34 44
187000 34 44
187500 34 44
188000 34 44
188500 34 45
189000 34 44
189500 34 44
190000 34 44
190500 34 44
191000 34 44
191500 34 44
192000 34 44
192500 34 45
193000 34 45
193500 34 44
194000 34 44
194500 34 45
195000 34 45
195500 34 44
196000 34 44
196500 34 44
197000 34 44
197500 34 44
198000 34 44
198500 34 44
199000 34 44
199500 34 44
200000 34 45
200500 34 45
201000 34 44
201500 34 45
202000 34 45
202500 34 44
203000 34 44
203500 34 44
204000 34 44
204500 34 45
205000 34 44
205500 34 44
206000 34 44
206500 34 44
207000 34 44
207500 34 44
208000 34 45
208500 34 44
209000 34 45
209500 34 44
210000 34 44
210500 34 44
211000 34 45
211500 34 45
212000 34 45
212500 34 44
213000 34 44
213500 34 45
214000 34 44
214500 34 44
215000 34 44
215500 34 44
216000 34 44
216500 34 44
217000 34 44
217500 34 44
218000 34 44
218500 34 44
219000 34 44
219500 34 45
220000 34 45
220500 34 45
221000 34 45
221500 34 44
222000 34 44
222500 34 44
223000 34 45
223500 34 44
224000 34 44
224500 34 44
225000 34 44
225500 34 44
226000 34 44
226500 34 44
227000 34 44
227500 34 45
228000 34 44
228500 34 45
229000 34 44
229500 34 44
230000 34 45
230500 34 44
231000 33 44
231500 33 44
232000 33 44
232500 33 44
233000 33 44
233500 33 45
234000 33 44
234500 33 44
235000 33 44
235500 33 44
236000 33 45
236500 33 44
237000 33 45
237500 33 44
238000 33 44
238500 33 45
239000 33 45
239500 33 45
240000 33 44
240500 33 44
241000 33 44
241500 33 44
242000 33 44
242500 33 44
243000 33 44
243500 33 44
244000 33 44
244500 33 44
245000 33 44
245500 33 44
246000 33 44
246500 33 44
247000 33 44
247500 33 44
248000 33 45
248500 33 44
249000 33 44
249500 33 44
250000 33 44
250500 33 44
251000 33 45
251500 33 45
252000 33 44
252500 33 44
253000 33 44
253500 33 44
254000 33 44
254500 33 45
255000 33 44
255500 33 44
256000 33 44
256500 33 44
257000 33 44
257500 33 45
258000 33 44
258500 33 44
259000 33 45
259500 33 44
260000 33 44
260500 33 44
261000 33 44
261500 33 44
262000 33 44
262500 33 44
263000 33 45
263500 33 44
264000 33 44
264500 33 45
265000 33 45
265500 33 45
266000 33 45
266500 33 44
267000 33 45
267500 33 44
268000 33 44
268500 33 44
269000 33 45
269500 33 44
270000 33 44
270500 33 45
271000 33 44
271500 33 44
272000 33 44
272500 33 44
273000 33 44
273500 33 45
274000 33 44
274500 33 44
275000 33 45
275500 33 44
276000 33 45
276500 33 45
277000 33 44
277500 33 44
278000 33 44
278500 33 44
279000 33 44
279500 33 45
280000 33 45
280500 33 44
281000 33 45
281500 33 44
282000 33 44
282500 33 44
283000 33 44
283500 33 44
284000 33 45
284500 33 45
285000 33 45
285500 33 44
286000 33 44
286500 33 44
287000 33 44
287500 33 44
288000 33 44
288500 33 44
289000 33 45
289500 33 44
290000 33 44
290500 33 44
291000 33 44
291500 33 44
292000 33 44
292500 33 44
293000 33 45
293500 33 44
294000 33 44
294500 33 44
295000 33 44
295500 33 44
296000 33 44
296500 33 44
297000 33 44
297500 33 44
298000 33 44
298500 33 45
299000 33 44
299500 33 44
300000 33 44
300500 33 44
301000 33 44
301500 33 44
302000 33 45
302500 33 44
303000 33 44
303500 33 45
304000 33 44
304500 33 45
305000 33 44
305500 33 44
306000 33 44
306500 33 45
307000 33 44
307500 33 45
308000 33 45
308500 33 45
309000 33 44
309500 33 44
310000 33 44
310500 33 44
311000 33 44
311500 33 44
312000 33 44
312500 33 45
313000 33 44
313500 33 45
314000 33 44
314500 33 45
315000 33 44
315500 33 45
316000 33 45
316500 33 44
317000 33 44
317500 33 44
318000 33 44
318500 33 45
319000 33 44
319500 33 44
320000 33 45
320500 33 44
321000 33 44
321500 33 44
322000 33 44
322500 33 44
323000 33 44
323500 33 44
324000 33 44
324500 33 44
325000 33 44
325500 33 44
326000 33 44
326500 33 44
327000 33 44
327500 33 44
328000 33 44
328500 33 44
329000 33 44
329500 33 44
330000 33 44
330500 33 44
331000 33 45
331500 33 45
332000 33 44
332500 33 44
333000 33 45
333500 33 44
334000 33 44
334500 33 45
335000 33 44
335500 33 44
336000 33 45
336500 33 44
337000 33 45
337500 33 44
338000 33 45
338500 33 45
339000 33 44
339500 33 45
340000 33 44
340500 33 45
341000 33 44
341500 33 44
342000 33 44
342500 33 44
343000 33 44
343500 33 44
344000 33 44
344500 33 44
345000 33 44
345500 33 44
346000 33 44
346500 33 45
347000 33 44
347500 33 45
348000 33 44
348500 33 44
349000 33 44
349500 33 44
350000 33 44
350500 33 44
351000 33 44
351500 33 45
352000 33 44
352500 33 44
353000 33 44
353500 33 44
354000 33 44
354500 33 45
355000 33 45
355500 33 44
356000 33 44
356500 33 45
357000 33 45
357500 33 44
358000 33 44
358500 33 45
359000 33 44
359500 33 44
360000 33 44
360500 33 44
361000 33 45
361500 33 44
362000 33 45
362500 33 44
363000 33 44
363500 33 44
364000 33 44
364500 33 44
365000 33 44
365500 33 45
366000 33 45
366500 33 44
367000 33 45
367500 33 44
368000 33 44
368500 33 44
369000 33 44
369500 33 44
370000 33 44
370500 33 45
371000 33 44
371500 33 44
372000 33 44
372500 33 44
373000 33 44
373500 33 44
374000 33 45
374500 33 44
375000 33 44
375500 33 44
376000 33 45
376500 33 45
377000 33 44
377500 33 44
378000 33 44
378500 33 44
379000 33 44
379500 33 44
380000 33 44
380500 33 44
381000 33 45
381500 33 44
382000 33 44
382500 33 44
383000 33 45
383500 33 44
384000 33 44
384500 33 44
385000 33 44
385500 33 44
386000 33 45
386500 33 44
387000 33 44
387500 33 45
388000 33 44
388500 33 44
389000 33 44
389500 33 45
390000 33 45
390500 33 44
391000 33 44
391500 33 44
392000 33 45
392500 33 44
393000 33 44
393500 33 44
394000 33 45
394500 33 45
395000 33 45
395500 33 45
396000 33 44
396500 33 45
397000 33 44
397500 33 45
398000 33 44
398500 33 44
399000 33 44
399500 33 45
400000 33 44
400500 33 44
401000 33 44
401500 33 44
402000 33 44
402500 33 45
403000 33 44
403500 33 45
404000 33 44
404500 33 44
405000 33 44
405500 33 45
406000 33 44
406500 33 44
407000 33 44
407500 33 45
408000 33 44
408500 33 45
409000 33 44
409500 33 45
410000 33 44
410500 33 44
411000 33 44
411500 33 45
412000 33 45
412500 33 44
413000 33 44
413500 33 44
414000 33 45
414500 33 45
415000 33 44
415500 33 44
416000 33 44
416500 33 44
417000 33 44
417500 33 45
418000 33 44
418500 33 44
419000 33 44
419500 33 44
420000 33 44
420500 33 44
421000 33 45
421500 33 44
422000 33 45
422500 33 44
423000 33 44
423500 33 44
424000 33 44
424500 33 44
425000 33 44
425500 33 44
426000 33 44
426500 33 45
427000 33 44
427500 33 44
428000 33 44
428500 33 44
429000 33 44
429500 33 44
430000 33 44
430500 33 45
431000 33 44
431500 33 44
432000 33 45
432500 33 44
433000 33 44
433500 33 45
434000 33 44
434500 33 44
435000 33 44
435500 33 44
436000 33 44
436500 33 45
437000 33 45
437500 33 44
438000 33 45
438500 33 44
439000 33 44
439500 33 44
440000 33 44
440500 33 44
441000 33 44
441500 33 44
442000 33 44
442500 33 44
443000 33 44
443500 33 44
444000 33 44
444500 33 44
445000 33 45
445500 33 45
446000 33 44
446500 33 44
447000 33 44
447500 33 44
448000 33 44
448500 33 45
449000 33 44
449500 33 44
450000 33 44
450500 33 44
451000 33 45
451500 33 44
452000 33 44
452500 33 44
453000 33 44
453500 33 44
454000 33 44
454500 33 45
455000 33 44
455500 33 44
456000 33 44
456500 33 44
457000 33 44
457500 33 44
458000 33 45
458500 33 45
459000 33 45
459500 33 44
460000 33 44
460500 33 44
461000 33 44
461500 33 44
462000 33 44
462500 33 44
463000 33 44
463500 33 45
464000 33 44
464500 33 44
465000 33 44
465500 33 45
466000 33 44
466500 33 44
467000 33 44
467500 33 44
468000 33 44
468500 33 44
469000 33 45
469500 33 45
470000 33 44
470500 33 44
471000 33 44
471500 33 44
472000 33 44
472500 33 44
473000 33 45
473500 33 44
474000 33 44
474500 33 45
475000 33 44
475500 33 44
476000 33 44
476500 33 44
477000 33 45
477500 33 44
478000 33 45
478500 33 44
479000 33 45
479500 33 44
480000 33 44
480500 33 45
481000 33 44
481500 33 44
482000 33 44
482500 33 44
483000 33 45
483500 33 45
484000 33 44
484500 33 45
485000 33 45
485500 33 45
486000 33 44
486500 33 45
487000 33 44
487500 33 45
488000 33 45
488500 33 44
489000 33 44
489500 33 44
490000 33 45
490500 33 44
491000 33 44
491500 33 44
492000 33 44
492500 33 45
493000 33 45
493500 33 45
494000 33 44
494500 33 45
495000 33 44
495500 33 44
496000 33 44
496500 33 44
497000 33 44
497500 33 44
498000 33 44
498500 33 44
499000 33 44
499500 33 45
500000 33 44
500500 33 45
501000 33 44
501500 33 44
502000 33 44
502500 33 44
503000 33 44
503500 33 45
504000 33 44
504500 33 45
505000 33 44
505500 33 45
506000 33 44
506500 33 44
507000 33 45
507500 33 44
508000 33 45
508500 33 44
509000 33 45
509500 33 44
510000 33 44
510500 33 44
511000 33 44
511500 33 45
512000 33 44
512500 33 45
513000 33 45
513500 33 44
514000 33 44
514500 33 45
515000 33 44
515500 33 44
516000 33 44
516500 33 44
517000 33 44
517500 33 44
518000 33 44
518500 33 45
519000 33 44
519500 33 45
520000 33 44
520500 33 44
521000 33 44
521500 33 44
522000 33 44
522500 33 44
523000 33 44
523500 33 44
524000 33 44
524500 33 44
525000 33 44
525500 33 44
526000 33 44
526500 33 44
527000 33 45
527500 33 44
528000 33 44
528500 33 45
529000 33 45
529500 33 45
530000 33 45
530500 33 44
531000 33 44
531500 33 45
532000 33 44
532500 33 44
533000 33 44
533500 33 44
534000 33 44
534500 33 45
535000 33 45
535500 33 44
536000 33 44
536500 33 45
537000 33 44
537500 33 44
538000 33 45
538500 33 44
539000 33 44
539500 33 44
540000 33 44
540500 33 44
541000 33 45
541500 33 44
542000 33 44
542500 33 45
543000 33 44
543500 33 45
544000 33 44
544500 33 44
545000 33 44
545500 33 44
546000 33 44
546500 33 44
547000 33 44
547500 33 44
548000 33 44
548500 33 44
549000 33 44
549500 33 44
550000 33 44
550500 33 44
551000 33 45
551500 33 44
552000 33 44
552500 33 44
553000 33 44
553500 33 45
554000 33 44
554500 33 44
555000 33 45
555500 33 44
556000 33 44
556500 33 44
557000 33 45
557500 33 44
558000 33 44
558500 33 44
559000 33 44
559500 33 44
560000 33 44
560500 33 45
561000 33 44
561500 33 44
562000 33 44
562500 33 44
563000 33 44
563500 33 44
564000 33 44
564500 33 44
565000 33 44
565500 33 44
566000 33 44
566500 33 45
567000 33 44
567500 33 44
568000 33 45
568500 33 44
569000 33 44
569500 33 44
570000 33 44
570500 33 45
571000 33 45
571500 33 45
572000 33 44
572500 33 45
573000 33 44
573500 33 44
574000 33 44
574500 33 44
575000 33 45
575500 33 44
576000 33 44
576500 33 44
577000 33 45
577500 33 44
578000 33 44
578500 33 44
579000 33 44
579500 33 44
580000 33 44
580500 33 45
581000 33 44
581500 33 44
582000 33 44
582500 33 44
583000 33 45
583500 33 45
584000 33 44
584500 33 45
585000 33 44
585500 33 44
586000 33 44
586500 33 44
587000 33 44
587500 33 44
588000 33 44
588500 33 44
589000 33 45
589500 33 44
590000 33 44
590500 33 44
591000 33 45
591500 33 44
592000 33 45
592500 33 45
593000 33 45
593500 33 44
594000 33 44
594500 33 44
595000 33 44
595500 33 44
596000 33 45
596500 33 44
597000 33 44
597500 33 44
598000 33 44
598500 33 44
599000 33 45
599500 33 44
600000 33 44
600500 33 44
601000 33 45
601500 33 44
602000 33 45
602500 33 44
603000 33 45
603500 33 44
604000 33 44
604500 33 45
605000 33 45
605500 33 44
606000 33 45
606500 33 44
607000 33 45
607500 33 44
608000 33 44
608500 33 44
609000 33 45
609500 33 44
610000 33 45
610500 33 45
611000 33 45
611500 33 45
612000 33 44
612500 33 44
613000 33 45
613500 33 44
614000 33 45
614500 33 45
615000 33 44
615500 33 44
616000 33 44
616500 33 44
617000 33 45
617500 33 44
618000 33 44
618500 33 44
619000 33 44
619500 33 44
620000 33 44
620500 33 44
621000 33 44
621500 33 45
622000 33 44
622500 33 45
623000 33 45
623500 33 44
624000 33 45
624500 33 44
625000 33 45
625500 33 45
626000 33 45
626500 33 44
627000 33 44
627500 33 45
628000 33 45
628500 33 45
629000 33 44
629500 33 44
630000 33 44
630500 33 44
631000 33 44
631500 33 45
632000 33 44
632500 33 44
633000 33 44
633500 33 44
634000 33 45
634500 33 44
635000 33 44
635500 33 45
636000 33 44
636500 33 44
637000 33 45
637500 33 44
638000 33 44
638500 33 45
639000 33 44
639500 33 44
640000 33 44
640500 33 44
641000 33 44
641500 33 44
642000 33 44
642500 33 44
643000 33 44
643500 33 45
644000 33 44
644500 33 45
645000 33 45
645500 33 44
646000 33 44
646500 33 44
647000 33 44
647500 33 44
648000 33 44
648500 33 45
649000 33 45
649500 33 44
650000 33 44
650500 33 44
651000 33 44
651500 33 44
652000 33 44
652500 33 44
653000 33 44
653500 33 44
654000 33 44
654500 33 44
655000 33 44
655500 33 44
656000 33 45
656500 33 44
657000 33 44
657500 33 44
658000 33 44
658500 33 45
659000 33 44
659500 33 44
660000 33 44
660500 33 44
661000 33 44
661500 33 44
662000 33 44
662500 33 44
663000 33 44
663500 33 44
664000 33 45
664500 33 45
665000 33 44
665500 33 44
666000 33 44
666500 33 44
667000 33 45
667500 33 44
668000 33 44
668500 33 45
669000 33 45
669500 33 44
670000 33 44
670500 33 44
671000 33 45
671500 33 44
672000 33 44
672500 33 45
673000 33 44
673500 33 44
674000 33 44
674500 33 44
675000 33 44
675500 33 44
676000 33 44
676500 33 44
677000 33 44
677500 33 44
678000 33 44
678500 33 44
679000 33 44
679500 33 45
680000 33 44
680500 33 44
681000 33 45
681500 33 44
682000 33 44
682500 33 45
683000 33 44
683500 33 44
684000 33 44
684500 33 44
685000 33 44
685500 33 44
686000 33 44
686500 33 45
687000 33 44
687500 33 45
688000 33 44
688500 33 44
689000 33 44
689500 33 44
690000 33 44
690500 33 44
691000 33 44
691500 33 44
692000 33 44
692500 33 45
693000 33 45
693500 33 45
694000 33 45
694500 33 44
695000 33 44
695500 33 44
696000 33 44
696500 33 44
697000 33 45
697500 33 45
698000 33 45
698500 33 44
699000 33 44
699500 33 44
700000 33 44
700500 33 44
701000 33 44
701500 33 44
702000 33 44
702500 33 44
703000 33 45
703500 33 44
704000 33 44
704500 33 44
705000 33 44
705500 33 44
706000 33 45
706500 33 44
707000 33 44
707500 33 45
708000 33 44
708500 33 44
709000 33 45
709500 33 44
710000 33 44
710500 33 44
711000 33 44
711500 33 45
712000 33 45
712500 33 45
713000 33 44
713500 33 44
714000 33 44
714500 33 44
715000 33 44
715500 33 45
716000 33 45
716500 33 44
717000 33 44
717500 33 45
718000 33 44
718500 33 45
719000 33 45
719500 33 44
720000 33 44
720500 33 44
721000 33 45
721500 33 45
722000 33 44
722500 33 44
723000 33 44
723500 33 44
724000 33 44
724500 33 44
725000 33 44
725500 33 44
726000 33 44
726500 33 44
727000 33 44
727500 33 44
728000 33 45
728500 33 44
729000 33 44
729500 33 44
730000 33 44
730500 33 44
731000 33 44
731500 33 44
732000 33 44
732500 33 44
733000 33 45
733500 33 44
734000 33 44
734500 33 44
735000 33 45
735500 33 45
736000 33 45
736500 33 45
737000 33 45
737500 33 45
738000 33 44
738500 33 44
739000 33 44
739500 33 44
740000 33 44
740500 33 44
741000 33 44
741500 33 45
742000 33 44
742500 33 44
743000 33 44
743500 33 44
744000 33 44
744500 33 45
745000 33 45
745500 33 45
746000 33 44
746500 33 44
747000 33 45
747500 33 44
748000 33 44
748500 33 44
749000 33 44
749500 33 44
750000 33 44
750500 33 44
751000 33 45
751500 33 44
752000 33 44
752500 33 44
753000 33 45
753500 33 44
754000 33 44
754500 33 44
755000 33 44
755500 33 44
756000 33 44
756500 33 44
757000 33 45
757500 33 44
758000 33 44
758500 33 45
759000 33 45
759500 33 44
760000 33 44
760500 33 44
761000 33 44
761500 33 44
762000 33 44
762500 33 45
763000 33 44
763500 33 45
764000 33 44
764500 33 45
765000 33 44
765500 33 44
766000 33 44
766500 33 44
767000 33 44
767500 33 44
768000 33 45
768500 33 44
769000 33 44
769500 33 44
770000 33 44
770500 33 44
771000 33 45
771500 33 44
772000 33 44
772500 33 45
773000 33 44
773500 33 44
774000 33 45
774500 33 45
775000 33 44
775500 33 44
776000 33 44
776500 33 44
777000 33 44
777500 33 45
778000 33 45
778500 33 44
779000 33 45
779500 33 44
780000 33 45
780500 33 45
781000 33 44
781500 33 44
782000 33 44
782500 33 44
783000 33 44
783500 33 44
784000 33 44
784500 33 44
785000 33 44
785500 33 45
786000 33 44
786500 33 44
787000 33 44
787500 33 44
788000 33 44
788500 33 44
789000 33 44
789500 33 44
790000 33 45
790500 33 44
791000 33 45
791500 33 44
792000 33 44
792500 33 44
793000 33 44
793500 33 45
794000 33 44
794500 33 44
795000 33 45
795500 33 44
796000 33 45
796500 33 44
797000 33 44
797500 33 45
798000 33 44
798500 33 45
799000 33 44
799500 33 44
800000 33 44
800500 33 44
801000 33 44
801500 33 44
802000 33 44
802500 33 44
803000 33 45
803500 33 44
804000 33 44
804500 33 44
805000 33 44
805500 33 44
806000 33 45
806500 33 44
807000 33 44
807500 33 44
808000 33 45
808500 33 44
809000 33 44
809500 33 44
810000 33 45
810500 33 44
811000 33 44
811500 33 44
812000 33 44
812500 33 45
813000 33 44
813500 33 44
814000 33 44
814500 33 44
815000 33 44
815500 33 44
816000 33 44
816500 33 44
817000 33 44
817500 33 44
818000 33 44
818500 33 44
819000 33 45
819500 33 44
820000 33 45
820500 33 44
821000 33 44
821500 33 44
822000 33 44
822500 33 44
823000 33 45
823500 33 45
824000 33 44
824500 33 44
825000 33 44
825500 33 44
826000 33 44
826500 33 44
827000 33 44
827500 33 44
828000 33 44
828500 33 44
829000 33 44
829500 33 44
830000 33 44
830500 33 44
831000 33 44
831500 33 44
832000 33 44
832500 33 44
833000 33 44
833500 33 45
834000 33 44
834500 33 44
835000 33 44
835500 33 45
836000 33 45
836500 33 45
837000 33 45
837500 33 44
838000 33 44
838500 33 44
839000 33 44
839500 33 44
840000 33 44
840500 33 44
841000 33 44
841500 33 44
842000 33 44
842500 33 45
843000 33 44
843500 33 45
844000 33 44
844500 33 44
845000 33 44
845500 33 44
846000 33 45
846500 33 44
847000 33 45
847500 33 44
848000 33 45
848500 33 44
849000 33 44
849500 33 44
850000 33 44
850500 33 45
851000 33 44
851500 33 44
852000 33 44
852500 33 44
853000 33 44
853500 33 44
854000 33 44
854500 33 44
855000 33 45
855500 33 45
856000 33 45
856500 33 44
857000 33 44
857500 33 44
858000 33 44
858500 33 44
859000 33 45
859500 33 44
860000 33 44
860500 33 44
861000 33 44
861500 33 44
862000 33 44
862500 33 44
863000 33 44
863500 33 44
864000 33 45
864500 33 44
865000 33 44
865500 33 45
866000 33 44
866500 33 44
867000 33 44
867500 33 45
868000 33 44
868500 33 44
869000 33 44
869500 33 44
870000 33 44
870500 33 44
871000 33 45
871500 33 44
872000 33 44
872500 33 44
873000 33 44
873500 33 45
874000 33 45
874500 33 44
875000 33 45
875500 33 44
876000 33 44
876500 33 45
877000 33 44
877500 33 45
878000 33 44
878500 33 44
879000 33 45
879500 33 44
880000 33 44
880500 33 44
881000 33 45
881500 33 44
882000 33 45
882500 33 44
883000 33 44
883500 33 44
884000 33 44
884500 33 45
885000 33 45
885500 33 44
886000 33 44
886500 33 44
887000 33 44
887500 33 44
888000 33 44
888500 33 44
889000 33 45
889500 33 44
890000 33 44
890500 33 44
891000 33 44
891500 33 45
892000 33 45
892500 33 44
893000 33 45
893500 33 44
894000 33 44
894500 33 45
895000 33 45
895500 33 45
896000 33 44
896500 33 44
897000 33 44
897500 33 44
898000 33 45
898500 33 45
899000 33 45
899500 33 44
900000 33 44
900500 33 44
901000 33 44
901500 33 45
902000 33 45
902500 33 44
903000 33 45
903500 33 44
904000 33 45
904500 33 44
905000 33 44
905500 33 44
906000 33 44
906500 33 44
907000 33 44
907500 33 44
908000 33 44
908500 33 44
909000 33 44
909500 33 45
910000 33 44
910500 33 44
911000 33 45
911500 33 44
912000 33 45
912500 33 44
913000 33 44
913500 33 44
914000 33 44
914500 33 44
915000 33 44
915500 33 45
916000 33 45
916500 33 44
917000 33 45
917500 33 44
918000 33 44
918500 33 44
919000 33 44
919500 33 44
920000 33 45
920500 33 44
921000 33 44
921500 33 44
922000 33 44
922500 33 44
923000 33 44
923500 33 45
924000 33 45
924500 33 44
925000 33 45
925500 33 44
926000 33 44
926500 33 45
927000 33 44
927500 33 45
928000 33 45
928500 33 44
929000 33 44
929500 33 45
930000 33 44
930500 33 44
931000 33 45
931500 33 44
932000 33 45
932500 33 45
933000 33 44
933500 33 44
934000 33 44
934500 33 45
935000 33 44
935500 33 44
936000 33 44
936500 33 44
937000 33 44
937500 33 44
938000 33 44
938500 33 44
939000 33 44
939500 33 44
940000 33 44
940500 33 44
941000 33 44
941500 33 44
942000 33 44
942500 33 44
943000 33 44
943500 33 44
944000 33 44
944500 33 44
945000 33 44
945500 33 44
946000 33 44
946500 33 44
947000 33 44
947500 33 44
948000 33 44
948500 33 44
949000 33 44
949500 33 44
950000 33 44
950500 33 44
951000 33 45
951500 33 45
952000 33 45
952500 33 45
953000 33 45
953500 33 44
954000 33 44
954500 33 45
955000 33 44
955500 33 44
956000 33 44
956500 33 45
957000 33 44
957500 33 44
958000 33 44
958500 33 45
959000 33 45
959500 33 44
960000 33 44
960500 33 44
961000 33 44
961500 33 44
962000 33 44
962500 33 44
963000 33 44
963500 33 44
964000 33 45
964500 33 44
965000 33 44
965500 33 45
966000 33 44
966500 33 44
967000 33 44
967500 33 45
968000 33 45
968500 33 45
969000 33 44
969500 33 44
970000 33 45
970500 33 45
971000 33 45
971500 33 44
972000 33 45
972500 33 45
973000 33 44
973500 33 45
974000 33 44
974500 33 45
975000 33 44
975500 33 45
976000 33 44
976500 33 45
977000 33 44
977500 33 44
978000 33 44
978500 33 44
979000 33 45
979500 33 44
980000 33 44
980500 33 44
981000 33 44
981500 33 44
982000 33 45
982500 33 45
983000 33 44
983500 33 44
984000 33 44
984500 33 44
985000 33 44
985500 33 45
986000 33 44
986500 33 45
987000 33 44
987500 33 45
988000 33 44
988500 33 44
989000 33 44
989500 33 44
990000 33 45
990500 33 45
991000 33 44
991500 33 45
992000 33 44
992500 33 44
993000 33 44
993500 33 44
994000 33 45
994500 33 44
995000 33 45
995500 33 45
996000 33 45
996500 33 45
997000 33 45
997500 33 44
998000 33 44
998500 33 44
999000 33 45
999500 33 44
1000000 33 45
1000500 33 45
1001000 33 44
1001500 33 44
1002000 33 44
1002500 33 44
1003000 33 44
1003500 33 44
1004000 33 45
1004500 33 44
1005000 33 44
1005500 33 44
1006000 33 44
1006500 33 44
1007000 33 45
1007500 33 44
1008000 33 44
1008500 33 44
1009000 33 45
1009500 33 44
1010000 33 44
1010500 33 44
1011000 33 44
1011500 33 44
1012000 33 45
1012500 33 44
1013000 33 44
1013500 33 45
1014000 33 44
1014500 33 45
1015000 33 44
1015500 33 45
1016000 33 44
1016500 33 45
1017000 33 44
1017500 33 44
1018000 33 44
1018500 33 44
1019000 33 44
1019500 33 44
1020000 33 44
1020500 33 44
1021000 33 44
1021500 33 45
1022000 33 45
1022500 33 44
1023000 33 44
1023500 33 45
1024000 33 44
1024500 33 44
1025000 33 45
1025500 33 45
1026000 33 44
1026500 33 44
1027000 33 44
1027500 33 45
1028000 33 44
1028500 33 44
1029000 33 45
1029500 33 45
1030000 33 44
1030500 33 44
1031000 33 44
1031500 33 44
1032000 33 45
1032500 33 44
1033000 33 44
1033500 33 45
1034000 33 44
1034500 33 44
1035000 33 45
1035500 33 45
1036000 33 44
1036500 33 44
1037000 33 44
1037500 33 44
1038000 33 44
1038500 33 44
1039000 33 44
1039500 33 44
1040000 33 45
1040500 33 44
1041000 33 44
1041500 33 45
1042000 33 44
1042500 33 44
1043000 33 44
1043500 33 44
1044000 33 44
1044500 33 45
1045000 33 44
1045500 33 44
1046000 33 45
1046500 33 44
1047000 33 44
1047500 33 44
1048000 33 44
1048500 33 44
1049000 33 45
1049500 33 44
1050000 33 44
1050500 33 44
1051000 33 45
1051500 33 44
1052000 33 44
1052500 33 44
1053000 33 44
1053500 33 44
1054000 33 44
1054500 33 44
1055000 33 44
1055500 33 44
1056000 33 45
1056500 33 45
1057000 33 45
1057500 33 44
1058000 33 44
1058500 33 45
1059000 33 44
1059500 33 44
1060000 33 45
1060500 33 45
1061000 33 44
1061500 33 44
1062000 33 44
1062500 33 44
1063000 33 45
1063500 33 45
1064000 33 44
1064500 33 45
1065000 33 45
1065500 33 45
1066000 33 45
1066500 33 44
1067000 33 44
1067500 33 44
1068000 33 45
1068500 33 45
1069000 33 44
1069500 33 44
1070000 33 44
1070500 33 44
1071000 33 45
1071500 33 44
1072000 33 44
1072500 33 45
1073000 33 45
1073500 33 45
1074000 33 44
1074500 33 44
1075000 33 44
1075500 33 44
1076000 33 44
1076500 33 44
1077000 33 44
1077500 33 44
1078000 33 44
1078500 33 44
1079000 33 44
1079500 33 44
1080000 33 45
1080500 33 44
1081000 33 44
1081500 33 44
1082000 33 44
1082500 33 44
1083000 33 44
1083500 33 44
1084000 33 44
1084500 33 44
1085000 33 44
1085500 33 45
1086000 33 44
1086500 33 44
1087000 33 44
1087500 33 44
1088000 33 44
1088500 33 44
1089000 33 45
1089500 33 45
1090000 33 44
1090500 33 44
1091000 33 45
1091500 33 45
1092000 33 45
1092500 33 45
1093000 33 45
1093500 33 44
1094000 33 44
1094500 33 45
1095000 33 44
1095500 33 44
1096000 33 45
1096500 33 44
1097000 33 45
1097500 33 44
1098000 33 44
1098500 33 44
1099000 33 44
1099500 33 44
1100000 33 44
1100500 33 45
1101000 33 44
1101500 33 44
1102000 33 45
1102500 33 44
1103000 33 44
1103500 33 45
1104000 33 45
1104500 33 44
1105000 33 45
1105500 33 45
1106000 33 44
1106500 33 44
1107000 33 44
1107500 33 44
1108000 33 44
1108500 33 44
1109000 33 44
1109500 33 44
1110000 33 44
1110500 33 45
1111000 33 44
1111500 33 44
1112000 33 45
1112500 33 45
1113000 33 44
1113500 33 44
1114000 33 44
1114500 33 44
1115000 33 45
1115500 33 44
1116000 33 44
1116500 33 44
1117000 33 45
1117500 33 44
1118000 33 44
1118500 33 44
1119000 33 44
1119500 33 44
1120000 33 44
1120500 33 44
1121000 33 44
1121500 33 44
1122000 33 45
1122500 33 44
1123000 33 44
1123500 33 44
1124000 33 44
1124500 33 44
1125000 33 45
1125500 33 44
1126000 33 44
1126500 33 44
1127000 33 45
1127500 33 44
1128000 33 44
1128500 33 44
1129000 33 44
1129500 33 44
1130000 33 45
1130500 33 45
1131000 33 45
1131500 33 44
1132000 33 44
1132500 33 44
1133000 33 45
1133500 33 44
1134000 33 44
1134500 33 45
1135000 33 45
1135500 33 44
1136000 33 44
1136500 33 44
1137000 33 44
1137500 33 45
1138000 33 44
1138500 33 45
1139000 33 44
1139500 33 45
1140000 33 45
1140500 33 44
1141000 33 44
1141500 33 44
1142000 33 44
1142500 33 45
1143000 33 44
1143500 33 45
1144000 33 44
1144500 33 44
1145000 33 44
1145500 33 44
1146000 33 44
1146500 33 44
1147000 33 44
1147500 33 44
1148000 33 44
1148500 33 45
1149000 33 44
1149500 33 44
1150000 33 44
1150500 33 44
1151000 33 45
1151500 33 44
1152000 33 44
1152500 33 45
1153000 33 44
1153500 33 44
1154000 33 44
1154500 33 44
1155000 33 45
1155500 33 45
1156000 33 44
1156500 33 45
1157000 33 44
1157500 33 44
1158000 33 44
1158500 33 44
1159000 33 44
1159500 33 44
1160000 33 44
1160500 33 44
1161000 33 44
1161500 33 45
1162000 33 45
1162500 33 44
1163000 33 44
1163500 33 44
1164000 33 44
1164500 33 45
1165000 33 44
1165500 33 44
1166000 33 44
1166500 33 44
1167000 33 44
1167500 33 44
1168000 33 45
1168500 33 44
1169000 33 44
1169500 33 44
1170000 33 44
1170500 33 44
1171000 33 45
1171500 33 45
1172000 33 44
1172500 33 45
1173000 33 44
1173500 33 44
1174000 33 44
1174500 33 45
1175000 33 45
1175500 33 45
1176000 33 44
1176500 33 44
1177000 33 45
1177500 33 44
1178000 33 44
1178500 33 44
1179000 33 45
1179500 33 45
1180000 33 45
1180500 33 45
1181000 33 44
1181500 33 45
1182000 33 45
1182500 33 45
1183000 33 44
1183500 33 44
1184000 33 44
1184500 33 45
1185000 33 44
1185500 33 44
1186000 33 44
1186500 33 45
1187000 33 45
1187500 33 45
1188000 33 45
1188500 33 44
1189000 33 45
1189500 33 44
1190000 33 44
1190500 33 44
1191000 33 44
1191500 33 44
1192000 33 44
1192500 33 44
1193000 33 44
1193500 33 44
1194000 33 44
1194500 33 44
1195000 33 45
1195500 33 44
1196000 33 45
1196500 33 45
1197000 33 44
1197500 33 44
1198000 33 45
1198500 33 44
1199000 33 44
1199500 33 44
1200000 33 44
1200500 33 44
1201000 33 44
1201500 33 44
1202000 33 44
1202500 33 44
1203000 33 45
1203500 33 45
1204000 33 44
1204500 33 44
1205000 33 44
1205500 33 45
1206000 33 44
1206500 33 44
1207000 33 44
1207500 33 44
1208000 33 44
1208500 33 45
1209000 33 44
1209500 33 44
1210000 33 45
1210500 33 44
1211000 33 45
1211500 33 44
1212000 33 44
1212500 33 45
1213000 33 44
1213500 33 44
1214000 33 45
1214500 33 44
1215000 33 44
1215500 33 44
1216000 33 44
1216500 33 44
1217000 33 44
1217500 33 44
1218000 33 44
1218500 33 45
1219000 33 44
1219500 33 44
1220000 33 45
1220500 33 44
1221000 33 44
1221500 33 44
1222000 33 44
1222500 33 44
1223000 33 44
1223500 33 44
1224000 33 44
1224500 33 45
1225000 33 44
1225500 33 45
1226000 33 44
1226500 33 44
1227000 33 44
1227500 33 44
1228000 33 44
1228500 33 45
1229000 33 45
1229500 33 44
1230000 33 44
1230500 33 45
1231000 33 45
1231500 33 44
1232000 33 44
1232500 33 45
1233000 33 45
1233500 33 45
1234000 33 44
1234500 33 44
1235000 33 44
1235500 33 44
1236000 33 44
1236500 33 44
1237000 33 44
1237500 33 44
1238000 33 44
1238500 33 44
1239000 33 44
1239500 33 44
1240000 33 44
1240500 33 45
1241000 33 44
1241500 33 44
1242000 33 44
1242500 33 45
1243000 33 45
1243500 33 45
1244000 33 45
1244500 33 44
1245000 33 44
1245500 33 45
1246000 33 45
1246500 33 44
1247000 33 44
1247500 33 45
1248000 33 44
1248500 33 44
1249000 33 44
1249500 33 45
1250000 33 44
1250500 33 44
1251000 33 44
1251500 33 44
1252000 33 44
1252500 33 44
1253000 33 44
1253500 33 44
1254000 33 44
1254500 33 44
1255000 33 44
1255500 33 45
1256000 33 44
1256500 33 44
1257000 33 45
1257500 33 44
1258000 33 44
1258500 33 44
1259000 33 44
1259500 33 44
1260000 33 45
1260500 33 44
1261000 33 44
1261500 33 44
1262000 33 44
1262500 33 44
1263000 33 44
1263500 33 45
1264000 33 44
1264500 33 44
1265000 33 44
1265500 33 44
1266000 33 44
1266500 33 44
1267000 33 44
1267500 33 45
1268000 33 44
1268500 33 45
1269000 33 45
1269500 33 45
1270000 33 44
1270500 33 44
1271000 33 45
1271500 33 44
1272000 33 45
1272500 33 44
1273000 33 44
1273500 33 44
1274000 33 45
1274500 33 44
1275000 33 44
1275500 33 44
1276000 33 44
1276500 33 44
1277000 33 44
1277500 33 44
1278000 33 44
1278500 33 44
1279000 33 44
1279500 33 45
1280000 33 44
1280500 33 44
1281000 33 44
1281500 33 44
1282000 33 44
1282500 33 44
1283000 33 44
1283500 33 45
1284000 33 44
1284500 33 44
1285000 33 44
1285500 33 44
1286000 33 45
1286500 33 44
1287000 33 44
1287500 33 45
1288000 33 45
1288500 33 44
1289000 33 45
1289500 33 44
1290000 33 45
1290500 33 45
1291000 33 44
1291500 33 44
1292000 33 44
1292500 33 45
1293000 33 44
1293500 33 45
1294000 33 45
1294500 33 44
1295000 33 44
1295500 33 44
1296000 33 44
1296500 33 44
1297000 33 44
1297500 33 45
1298000 33 44
1298500 33 44
1299000 33 44
1299500 33 45
1300000 33 44
1300500 33 45
1301000 33 45
1301500 33 44
1302000 33 44
1302500 33 44
1303000 33 44
1303500 33 45
1304000 33 44
1304500 33 44
1305000 33 44
1305500 33 44
1306000 33 44
1306500 33 45
1307000 33 44
1307500 33 44
1308000 33 44
1308500 33 45
1309000 33 44
1309500 33 44
1310000 33 45
1310500 33 44
1311000 33 45
1311500 33 44
1312000 33 44
1312500 33 45
1313000 33 44
1313500 33 45
1314000 33 45
1314500 33 45
1315000 33 45
1315500 33 44
1316000 33 44
1316500 33 44
1317000 33 44
1317500 33 44
1318000 33 45
1318500 33 45
1319000 33 44
1319500 33 45
1320000 33 45
1320500 33 44
1321000 33 44
1321500 33 44
1322000 33 45
1322500 33 44
1323000 33 44
1323500 33 44
1324000 33 45
1324500 33 44
1325000 33 44
1325500 33 44
1326000 33 44
1326500 33 44
1327000 33 44
1327500 33 45
1328000 33 45
1328500 33 44
1329000 33 44
1329500 33 44
1330000 33 44
1330500 33 44
1331000 33 44
1331500 33 44
1332000 33 44
1332500 33 44
1333000 33 44
1333500 33 44
1334000 33 44
1334500 33 44
1335000 33 44
1335500 33 44
1336000 33 45
1336500 33 45
1337000 33 45
1337500 33 44
1338000 33 45
1338500 33 44
1339000 33 44
1339500 33 44
1340000 33 44
1340500 33 44
1341000 33 44
1341500 33 44
1342000 33 44
1342500 33 44
1343000 33 44
1343500 33 44
1344000 33 45
1344500 33 44
1345000 33 44
1345500 33 44
1346000 33 44
1346500 33 45
1347000 33 44
1347500 33 44
1348000 33 45
1348500 33 44
1349000 33 44
1349500 33 44
1350000 33 44
1350500 33 44
1351000 33 44
1351500 33 44
1352000 33 45
1352500 33 44
1353000 33 44
1353500 33 45
1354000 33 44
1354500 33 45
1355000 33 45
1355500 33 45
1356000 33 44
1356500 33 44
1357000 33 44
1357500 33 45
1358000 33 45
1358500 33 44
1359000 33 45
1359500 33 44
1360000 33 44
1360500 33 44
1361000 33 44
1361500 33 45
1362000 33 44
1362500 33 44
1363000 33 44
1363500 33 44
1364000 33 45
1364500 33 45
1365000 33 44
1365500 33 44
1366000 33 44
1366500 33 44
1367000 33 44
1367500 33 44
1368000 33 44
1368500 33 44
1369000 33 44
1369500 33 44
1370000 33 44
1370500 33 44
1371000 33 44
1371500 33 45
1372000 33 44
1372500 33 44
1373000 33 44
1373500 33 44
1374000 33 44
1374500 33 44
1375000 33 44
1375500 33 45
1376000 33 44
1376500 33 44
1377000 33 44
1377500 33 44
1378000 33 44
1378500 33 44
1379000 33 44
1379500 33 44
1380000 33 44
1380500 33 44
1381000 33 44
1381500 33 45
1382000 33 44
1382500 33 44
1383000 33 44
1383500 33 44
1384000 33 44
1384500 33 44
1385000 33 44
1385500 33 44
1386000 33 44
1386500 33 45
1387000 33 44
1387500 33 45
1388000 33 44
1388500 33 44
1389000 33 44
1389500 33 44
1390000 33 45
1390500 33 44
1391000 33 44
1391500 33 44
1392000 33 44
1392500 33 44
1393000 33 44
1393500 33 45
1394000 33 44
1394500 33 44
1395000 33 44
1395500 33 45
1396000 33 45
1396500 33 44
1397000 33 44
1397500 33 44
1398000 33 45
1398500 33 44
1399000 33 45
1399500 33 44
1400000 33 44
1400500 33 44
1401000 33 44
1401500 33 44
1402000 33 45
1402500 33 44
1403000 33 44
1403500 33 45
1404000 33 45
1404500 33 44
1405000 33 45
1405500 33 44
1406000 33 44
1406500 33 45
1407000 33 45
1407500 33 44
1408000 33 44
1408500 33 44
1409000 33 44
1409500 33 44
1410000 33 45
1410500 33 44
1411000 33 45
1411500 33 45
1412000 33 44
1412500 33 44
1413000 33 44
1413500 33 45
1414000 33 44
1414500 33 44
1415000 33 44
1415500 33 44
1416000 33 44
1416500 33 44
1417000 33 44
1417500 33 45
1418000 33 45
1418500 33 44
1419000 33 44
1419500 33 44
1420000 33 45
1420500 33 44
1421000 33 44
1421500 33 44
1422000 33 44
1422500 33 45
1423000 33 44
1423500 33 44
1424000 33 45
1424500 33 44
1425000 33 44
1425500 33 45
1426000 33 44
1426500 33 44
1427000 33 44
1427500 33 44
1428000 33 44
1428500 33 44
1429000 33 44
1429500 33 45
1430000 33 44
1430500 33 44
1431000 33 44
1431500 33 44
1432000 33 44
1432500 33 44
1433000 33 45
1433500 33 45
1434000 33 44
1434500 33 44
1435000 33 44
1435500 33 44
1436000 33 44
1436500 33 44
1437000 33 45
1437500 33 45
1438000 33 44
1438500 33 45
1439000 33 44
1439500 33 44
1440000 33 44
1440500 33 44
1441000 33 45
1441500 33 45
1442000 33 44
1442500 33 44
1443000 33 44
1443500 33 44
1444000 33 44
1444500 33 44
1445000 33 44
1445500 33 44
1446000 33 44
1446500 33 44
1447000 33 44
1447500 33 44
1448000 33 44
1448500 33 44
1449000 33 44
1449500 33 44
1450000 33 44
1450500 33 44
1451000 33 44
1451500 33 45
1452000 33 44
1452500 33 44
1453000 33 44
1453500 33 44
1454000 33 44
1454500 33 44
1455000 33 45
1455500 33 44
1456000 33 44
1456500 33 44
1457000 33 44
1457500 33 45
1458000 33 44
1458500 33 45
1459000 33 44
1459500 33 44
1460000 33 44
1460500 33 44
1461000 33 44
1461500 33 44
1462000 33 45
1462500 33 45
1463000 33 44
1463500 33 44
1464000 33 44
1464500 33 44
1465000 33 44
1465500 33 45
1466000 33 44
1466500 33 45
1467000 33 44
1467500 33 44
1468000 33 44
1468500 33 44
1469000 33 44
1469500 33 44
1470000 33 44
1470500 33 44
1471000 33 44
1471500 33 44
1472000 33 44
1472500 33 45
1473000 33 45
1473500 33 45
1474000 33 45
1474500 33 45
1475000 33 45
1475500 33 44
1476000 33 45
1476500 33 44
1477000 33 44
1477500 33 45
1478000 33 44
1478500 33 44
1479000 33 44
1479500 33 45
1480000 33 44
1480500 33 45
1481000 33 44
1481500 33 44
1482000 33 44
1482500 33 44
1483000 33 44
1483500 33 45
1484000 33 44
1484500 33 45
1485000 33 44
1485500 33 45
1486000 33 44
1486500 33 44
1487000 33 44
1487500 33 44
1488000 33 44
1488500 33 45
1489000 33 44
1489500 33 44
1490000 33 45
1490500 33 44
1491000 33 45
1491500 33 45
1492000 33 44
1492500 33 45
1493000 33 45
1493500 33 44
1494000 33 44
1494500 33 44
1495000 33 45
1495500 33 45
1496000 33 44
1496500 33 45
1497000 33 44
1497500 33 45
1498000 33 44
1498500 33 44
1499000 33 44
1499500 33 44
1500000 33 44
1500500 33 44
1501000 33 44
1501500 33 44
1502000 33 44
1502500 33 44
1503000 33 45
1503500 33 45
1504000 33 44
1504500 33 45
1505000 33 44
1505500 33 44
1506000 33 44
1506500 33 44
1507000 33 44
1507500 33 44
1508000 33 44
1508500 33 45
1509000 33 44
1509500 33 45
1510000 33 44
1510500 33 44
1511000 33 44
1511500 33 44
1512000 33 44
1512500 33 45
1513000 33 44
1513500 33 45
1514000 33 44
1514500 33 44
1515000 33 45
1515500 33 44
1516000 33 44
1516500 33 44
1517000 33 44
1517500 33 44
1518000 33 44
1518500 33 45
1519000 33 44
1519500 33 44
1520000 33 44
1520500 33 44
1521000 33 45
1521500 33 44
1522000 33 44
1522500 33 45
1523000 33 44
1523500 33 44
1524000 33 45
1524500 33 44
1525000 33 44
1525500 33 44
1526000 33 45
1526500 33 44
1527000 33 44
1527500 33 45
1528000 33 44
1528500 33 44
1529000 33 44
1529500 33 44
1530000 33 44
1530500 33 45
1531000 33 44
1531500 33 45
1532000 33 45
1532500 33 44
1533000 33 45
1533500 33 45
1534000 33 44
1534500 33 44
1535000 33 45
1535500 33 44
1536000 33 45
1536500 33 44
1537000 33 44
1537500 33 44
1538000 33 44
1538500 33 44
1539000 33 44
1539500 33 45
1540000 33 44
1540500 33 45
1541000 33 45
1541500 33 45
1542000 33 44
1542500 33 44
1543000 33 44
1543500 33 44
1544000 33 44
1544500 33 44
1545000 33 45
1545500 33 44
1546000 33 45
1546500 33 44
1547000 33 45
1547500 33 44
1548000 33 44
1548500 33 44
1549000 33 44
1549500 33 45
1550000 33 45
1550500 33 45
1551000 33 44
1551500 33 45
1552000 33 45
1552500 33 45
1553000 33 45
1553500 33 44
1554000 33 44
1554500 33 44
1555000 33 44
1555500 33 44
1556000 33 44
1556500 33 44
1557000 33 44
1557500 33 45
1558000 33 45
1558500 33 44
1559000 33 45
1559500 33 44
1560000 33 44
1560500 33 44
1561000 33 45
1561500 33 45
1562000 33 44
1562500 33 45
1563000 33 45
1563500 33 45
1564000 33 44
1564500 33 44
1565000 33 44
1565500 33 44
1566000 33 45
1566500 33 44
1567000 33 45
1567500 33 44
1568000 33 45
1568500 33 44
1569000 33 45
1569500 33 45
1570000 33 44
1570500 33 44
1571000 33 44
1571500 33 44
1572000 33 45
1572500 33 44
1573000 33 44
1573500 33 44
1574000 33 44
1574500 33 44
1575000 33 44
1575500 33 44
1576000 33 44
1576500 33 44
1577000 33 44
1577500 33 44
1578000 33 44
1578500 33 44
1579000 33 44
1579500 33 44
1580000 33 45
1580500 33 44
1581000 33 44
1581500 33 44
1582000 33 44
1582500 33 44
1583000 33 45
1583500 33 44
1584000 33 45
1584500 33 44
1585000 33 45
1585500 33 45
1586000 33 44
1586500 33 45
1587000 33 44
1587500 33 45
1588000 33 44
1588500 33 44
1589000 33 45
1589500 33 44
1590000 33 44
1590500 33 45
1591000 33 44
1591500 33 45
1592000 33 44
1592500 33 44
1593000 33 44
1593500 33 44
1594000 33 45
1594500 33 44
1595000 33 44
1595500 33 44
1596000 33 44
1596500 33 45
1597000 33 44
1597500 33 44
1598000 33 44
1598500 33 44
1599000 33 45
1599500 33 44
1600000 33 44
1600500 33 45
1601000 33 44
1601500 33 45
1602000 33 44
1602500 33 45
1603000 33 45
1603500 33 45
1604000 33 45
1604500 33 44
1605000 33 44
1605500 33 44
1606000 33 45
1606500 33 44
1607000 33 44
1607500 33 44
1608000 33 44
1608500 33 44
1609000 33 44
1609500 33 45
1610000 33 44
1610500 33 44
1611000 33 45
1611500 33 44
1612000 33 44
1612500 33 44
1613000 33 45
1613500 33 44
1614000 33 44
1614500 33 44
1615000 33 45
1615500 33 45
1616000 33 44
1616500 33 45
1617000 33 44
1617500 33 44
1618000 33 44
1618500 33 44
1619000 33 44
1619500 33 44
1620000 33 44
1620500 33 44
1621000 33 44
1621500 33 44
1622000 33 44
1622500 33 44
1623000 33 45
1623500 33 44
1624000 33 44
1624500 33 44
1625000 33 44
1625500 33 44
1626000 33 44
1626500 33 45
1627000 33 44
1627500 33 44
1628000 33 45
1628500 33 44
1629000 33 45
1629500 33 45
1630000 33 45
1630500 33 44
1631000 33 44
1631500 33 44
1632000 33 44
1632500 33 44
1633000 33 44
1633500 33 44
1634000 33 44
1634500 33 44
1635000 33 44
1635500 33 44
1636000 33 45
1636500 33 44
1637000 33 44
1637500 33 44
1638000 33 44
1638500 33 44
1639000 33 45
1639500 33 44
1640000 33 44
1640500 33 45
1641000 33 45
1641500 33 45
1642000 33 44
1642500 33 44
1643000 33 45
1643500 33 44
1644000 33 45
1644500 33 44
1645000 33 44
1645500 33 44
1646000 33 44
1646500 33 44
1647000 33 45
1647500 33 44
1648000 33 44
1648500 33 44
1649000 33 45
1649500 33 45
1650000 33 44
1650500 33 44
1651000 33 44
1651500 33 44
1652000 33 45
1652500 33 45
1653000 33 44
1653500 33 44
1654000 33 44
1654500 33 44
1655000 33 44
1655500 33 44
1656000 33 44
1656500 33 44
1657000 33 44
1657500 33 44
1658000 33 44
1658500 33 44
1659000 33 44
1659500 33 44
1660000 33 44
1660500 33 44
1661000 33 45
1661500 33 44
1662000 33 45
1662500 33 44
1663000 33 44
1663500 33 44
1664000 33 44
1664500 33 44
1665000 33 44
1665500 33 44
1666000 33 44
1666500 33 44
1667000 33 45
1667500 33 44
1668000 33 44
1668500 33 44
1669000 33 44
1669500 33 44
1670000 33 44
1670500 33 44
1671000 33 45
1671500 33 44
1672000 33 44
1672500 33 44
1673000 33 44
1673500 33 44
1674000 33 45
1674500 33 45
1675000 33 45
1675500 33 44
1676000 33 45
1676500 33 45
1677000 33 44
1677500 33 45
1678000 33 44
1678500 33 45
1679000 33 44
1679500 33 44
1680000 33 44
1680500 33 44
1681000 33 44
1681500 33 44
1682000 33 45
1682500 33 44
1683000 33 44
1683500 33 44
1684000 33 44
1684500 33 44
1685000 33 44
1685500 33 44
1686000 33 44
1686500 33 44
1687000 33 45
1687500 33 45
1688000 33 44
1688500 33 45
1689000 33 44
1689500 33 45
1690000 33 44
1690500 33 44
1691000 33 45
1691500 33 44
1692000 33 44
1692500 33 44
1693000 33 44
1693500 33 45
1694000 33 44
1694500 33 44
1695000 33 44
1695500 33 45
1696000 33 44
1696500 33 45
1697000 33 44
1697500 33 44
1698000 33 44
1698500 33 45
1699000 33 45
1699500 33 44
1700000 33 44
1700500 33 44
1701000 33 45
1701500 33 45
1702000 33 44
1702500 33 44
1703000 33 44
1703500 33 44
1704000 33 44
1704500 33 45
1705000 33 44
1705500 33 45
1706000 33 44
1706500 33 44
1707000 33 44
1707500 33 45
1708000 33 44
1708500 33 44
1709000 33 44
1709500 33 44
1710000 33 44
1710500 33 44
1711000 33 45
1711500 33 45
1712000 33 44
1712500 33 44
1713000 33 44
1713500 33 44
1714000 33 44
1714500 33 44
1715000 33 44
1715500 33 45
1716000 33 45
1716500 33 44
1717000 33 44
1717500 33 44
1718000 33 45
1718500 33 45
1719000 33 45
1719500 33 44
1720000 33 44
1720500 33 44
1721000 33 44
1721500 33 44
1722000 33 45
1722500 33 44
1723000 33 45
1723500 33 44
1724000 33 44
1724500 33 45
1725000 33 44
1725500 33 44
1726000 33 45
1726500 33 44
1727000 33 44
1727500 33 45
1728000 33 45
1728500 33 44
1729000 33 44
1729500 33 44
1730000 33 44
1730500 33 45
1731000 33 44
1731500 33 45
1732000 33 45
1732500 33 44
1733000 33 44
1733500 33 44
1734000 33 44
1734500 33 44
1735000 33 44
1735500 33 45
1736000 33 44
1736500 33 45
1737000 33 44
1737500 33 44
1738000 33 44
1738500 33 44
1739000 33 44
1739500 33 44
1740000 33 44
1740500 33 44
1741000 33 45
1741500 33 44
1742000 33 44
1742500 33 44
1743000 33 44
1743500 33 44
1744000 33 44
1744500 33 44
1745000 33 44
1745500 33 44
1746000 33 44
1746500 33 44
1747000 33 45
1747500 33 44
1748000 33 44
1748500 33 44
1749000 33 44
1749500 33 44
1750000 33 45
1750500 33 44
1751000 33 44
1751500 33 44
1752000 33 45
1752500 33 44
1753000 33 44
1753500 33 44
1754000 33 45
1754500 33 45
1755000 33 45
1755500 33 44
1756000 33 44
1756500 33 44
1757000 33 44
1757500 33 44
1758000 33 45
1758500 33 45
1759000 33 44
1759500 33 45
1760000 33 44
1760500 33 44
1761000 33 44
1761500 33 44
1762000 33 44
1762500 33 44
1763000 33 44
1763500 33 45
1764000 33 44
1764500 33 45
1765000 33 44
1765500 33 44
1766000 33 44
1766500 33 44
1767000 33 44
1767500 33 45
1768000 33 44
1768500 33 44
1769000 33 44
1769500 33 44
1770000 33 45
1770500 33 44
1771000 33 44
1771500 33 44
1772000 33 44
1772500 33 44
1773000 33 44
1773500 33 45
1774000 33 45
1774500 33 44
1775000 33 45
1775500 33 44
1776000 33 45
1776500 33 45
1777000 33 44
1777500 33 44
1778000 33 44
1778500 33 44
1779000 33 44
1779500 33 44
1780000 33 44
1780500 33 44
1781000 33 44
1781500 33 45
1782000 33 45
1782500 33 45
1783000 33 44
1783500 33 44
1784000 33 45
1784500 33 44
1785000 33 44
1785500 33 44
1786000 33 45
1786500 33 45
1787000 33 44
1787500 33 45
1788000 33 44
1788500 33 45
1789000 33 44
1789500 33 44
1790000 33 44
1790500 33 44
1791000 33 44
1791500 33 44
1792000 33 45
1792500 33 45
1793000 33 44
1793500 33 45
1794000 33 44
1794500 33 44
1795000 33 44
1795500 33 44
1796000 33 44
1796500 33 44
1797000 33 45
1797500 33 45
1798000 33 44
1798500 33 44
1799000 33 45
1799500 33 45
1800000 33 44
1800500 33 44
1801000 33 44
1801500 33 44
1802000 33 44
1802500 33 45
1803000 33 44
1803500 33 45
1804000 33 44
1804500 33 44
1805000 33 45
1805500 33 44
1806000 33 44
1806500 33 45
1807000 33 44
1807500 33 44
1808000 33 45
1808500 33 44
1809000 33 44
1809500 33 45
1810000 33 44
1810500 33 44
1811000 33 44
1811500 33 44
1812000 33 45
1812500 33 44
1813000 33 44
1813500 33 44
1814000 33 45
1814500 33 44
1815000 33 44
1815500 33 44
1816000 33 44
1816500 33 44
1817000 33 44
1817500 33 45
1818000 33 44
1818500 33 45
1819000 33 45
1819500 33 45
1820000 33 44
1820500 33 44
1821000 33 44
1821500 33 45
1822000 33 44
1822500 33 44
1823000 33 44
1823500 33 45
1824000 33 45
1824500 33 44
1825000 33 44
1825500 33 45
1826000 33 44
1826500 33 44
1827000 33 44
1827500 33 44
1828000 33 45
1828500 33 45
1829000 33 45
1829500 33 45
1830000 33 44
1830500 33 45
1831000 33 45
1831500 33 44
1832000 33 44
1832500 33 44
1833000 33 45
1833500 33 44
1834000 33 44
1834500 33 44
1835000 33 44
1835500 33 44
1836000 33 44
1836500 33 44
1837000 33 45
1837500 33 45
1838000 33 44
1838500 33 44
1839000 33 45
1839500 33 44
1840000 33 44
1840500 33 44
1841000 33 44
1841500 33 44
1842000 33 44
1842500 33 44
1843000 33 44
1843500 33 44
1844000 33 44
1844500 33 44
1845000 33 45
1845500 33 45
1846000 33 45
1846500 33 44
1847000 33 44
1847500 33 44
1848000 33 44
1848500 33 44
1849000 33 44
1849500 33 44
1850000 33 44
1850500 33 45
1851000 33 44
1851500 33 44
1852000 33 45
1852500 33 44
1853000 33 44
1853500 33 45
1854000 33 44
1854500 33 45
1855000 33 44
1855500 33 44
1856000 33 44
1856500 33 45
1857000 33 44
1857500 33 45
1858000 33 44
1858500 33 45
1859000 33 45
1859500 33 45
1860000 33 44
1860500 33 44
1861000 33 44
1861500 33 44
1862000 33 45
1862500 33 44
1863000 33 44
1863500 33 44
1864000 33 45
1864500 33 44
1865000 33 45
1865500 33 44
1866000 33 44
1866500 33 44
1867000 33 44
1867500 33 45
1868000 33 45
1868500 33 44
1869000 33 44
1869500 33 44
1870000 33 44
1870500 33 44
1871000 33 44
1871500 33 44
1872000 33 44
1872500 33 44
1873000 33 45
1873500 33 45
1874000 33 44
1874500 33 45
1875000 33 44
1875500 33 45
1876000 33 44
1876500 33 44
1877000 33 45
1877500 33 45
1878000 33 44
1878500 33 44
1879000 33 45
1879500 33 44
1880000 33 45
1880500 33 44
1881000 33 45
1881500 33 45
1882000 33 44
1882500 33 44
1883000 33 44
1883500 33 44
1884000 33 44
1884500 33 44
1885000 33 45
1885500 33 45
1886000 33 45
1886500 33 45
1887000 33 45
1887500 33 44
1888000 33 44
1888500 33 44
1889000 33 44
1889500 33 45
1890000 33 44
1890500 33 44
1891000 33 44
1891500 33 45
1892000 33 44
1892500 33 44
1893000 33 45
1893500 33 44
1894000 33 44
1894500 33 44
1895000 33 44
1895500 33 45
1896000 33 44
1896500 33 45
1897000 33 44
1897500 33 45
1898000 33 44
1898500 33 44
1899000 33 45
1899500 33 45
1900000 33 45
1900500 33 44
1901000 33 44
1901500 33 45
1902000 33 44
1902500 33 44
1903000 33 44
1903500 33 44
1904000 33 45
1904500 33 45
1905000 33 45
1905500 33 45
1906000 33 44
1906500 33 44
1907000 33 44
1907500 33 44
1908000 33 44
1908500 33 45
1909000 33 44
1909500 33 44
1910000 33 44
1910500 33 44
1911000 33 44
1911500 33 45
1912000 33 44
1912500 33 44
1913000 33 44
1913500 33 44
1914000 33 44
1914500 33 44
1915000 33 44
1915500 33 44
1916000 33 44
1916500 33 44
1917000 33 44
1917500 33 44
1918000 33 44
1918500 33 44
1919000 33 45
1919500 33 45
1920000 33 44
1920500 33 44
1921000 33 44
1921500 33 44
1922000 33 45
1922500 33 44
1923000 33 44
1923500 33 44
1924000 33 45
1924500 33 45
1925000 33 44
1925500 33 45
1926000 33 45
1926500 33 44
1927000 33 45
1927500 33 44
1928000 33 44
1928500 33 44
1929000 33 44
1929500 33 44
1930000 33 45
1930500 33 44
1931000 33 44
1931500 33 45
1932000 33 44
1932500 33 45
1933000 33 44
1933500 33 44
1934000 33 45
1934500 33 44
1935000 33 44
1935500 33 44
1936000 33 44
1936500 33 45
1937000 33 44
1937500 33 44
1938000 33 45
1938500 33 45
1939000 33 44
1939500 33 44
1940000 33 44
1940500 33 44
1941000 33 44
1941500 33 45
1942000 33 44
1942500 33 45
1943000 33 44
1943500 33 44
1944000 33 45
1944500 33 44
1945000 33 45
1945500 33 45
1946000 33 44
1946500 33 44
1947000 33 45
1947500 33 44
1948000 33 44
1948500 33 44
1949000 33 44
1949500 33 45
1950000 33 44
1950500 33 44
1951000 33 44
1951500 33 44
1952000 33 44
1952500 33 44
1953000 33 45
1953500 33 45
1954000 33 44
1954500 33 45
1955000 33 44
1955500 33 44
1956000 33 44
1956500 33 44
1957000 33 44
1957500 33 45
1958000 33 44
1958500 33 44
1959000 33 45
1959500 33 44
1960000 33 44
1960500 33 45
1961000 33 45
1961500 33 45
1962000 33 44
1962500 33 44
1963000 33 44
1963500 33 44
1964000 33 45
1964500 33 45
1965000 33 45
1965500 33 44
1966000 33 44
1966500 33 44
1967000 33 45
1967500 33 44
1968000 33 44
1968500 33 44
1969000 33 44
1969500 33 44
1970000 33 45
1970500 33 44
1971000 33 45
1971500 33 44
1972000 33 44
1972500 33 44
1973000 33 44
1973500 33 44
1974000 33 44
1974500 33 44
1975000 33 44
1975500 33 44
1976000 33 44
1976500 33 44
1977000 33 44
1977500 33 44
1978000 33 44
1978500 33 45
1979000 33 45
1979500 33 44
1980000 33 44
1980500 33 44
1981000 33 44
1981500 33 45
1982000 33 44
1982500 33 45
1983000 33 45
1983500 33 44
1984000 33 44
1984500 33 44
1985000 33 45
1985500 33 44
1986000 33 44
1986500 33 45
1987000 33 44
1987500 33 45
1988000 33 44
1988500 33 45
1989000 33 44
1989500 33 44
1990000 33 44
1990500 33 44
1991000 33 44
1991500 33 44
1992000 33 45
1992500 33 44
1993000 33 44
1993500 33 45
1994000 33 44
1994500 33 44
1995000 33 44
1995500 33 44
1996000 33 45
1996500 33 45
1997000 33 45
1997500 33 44
1998000 33 44
1998500 33 44
1999000 33 44
1999500 33 45
2000000 33 44
2000500 33 44
2001000 33 44
2001500 33 45
2002000 33 44
2002500 33 44
2003000 33 44
2003500 33 44
2004000 33 44
2004500 33 44
2005000 33 45
2005500 33 44
2006000 33 44
2006500 33 44
2007000 33 45
2007500 33 44
2008000 33 44
2008500 33 44
2009000 33 44
2009500 33 45
2010000 33 44
2010500 33 44
2011000 33 44
2011500 33 44
2012000 33 45
2012500 33 44
2013000 33 44
2013500 33 45
2014000 33 45
2014500 33 44
2015000 33 45
2015500 33 45
2016000 33 44
2016500 33 44
2017000 33 44
2017500 33 44
2018000 33 45
2018500 33 45
2019000 33 44
2019500 33 44
2020000 33 44
2020500 33 44
2021000 33 45
2021500 33 44
2022000 33 44
2022500 33 44
2023000 33 44
2023500 33 44
2024000 33 44
2024500 33 45
2025000 33 44
2025500 33 44
2026000 33 45
2026500 33 44
2027000 33 44
2027500 33 44
2028000 33 44
2028500 33 45
2029000 33 44
2029500 33 44
2030000 33 44
2030500 33 44
2031000 33 44
2031500 33 45
2032000 33 44
2032500 33 45
2033000 33 44
2033500 33 44
2034000 33 44
2034500 33 44
2035000 33 45
2035500 33 44
2036000 33 45
2036500 33 44
2037000 33 44
2037500 33 44
2038000 33 44
2038500 33 44
2039000 33 45
2039500 33 44
2040000 33 45
2040500 33 44
2041000 33 44
2041500 33 44
2042000 33 44
2042500 33 45
2043000 33 44
2043500 33 44
2044000 33 44
2044500 33 44
2045000 33 44
2045500 33 44
2046000 33 44
2046500 33 44
2047000 33 45
2047500 33 44
2048000 33 45
2048500 33 44
2049000 33 44
2049500 33 44
2050000 33 45
2050500 33 44
2051000 33 44
2051500 33 44
2052000 33 45
2052500 33 44
2053000 33 44
2053500 33 44
2054000 33 45
2054500 33 44
2055000 33 44
2055500 33 44
2056000 33 44
2056500 33 45
2057000 33 44
2057500 33 44
2058000 33 44
2058500 33 44
2059000 33 44
2059500 33 44
2060000 33 44
2060500 33 44
2061000 33 45
2061500 33 45
2062000 33 45
2062500 33 44
2063000 33 45
2063500 33 44
2064000 33 44
2064500 33 44
2065000 33 44
2065500 33 44
2066000 33 44
2066500 33 45
2067000 33 44
2067500 33 44
2068000 33 44
2068500 33 44
2069000 33 44
2069500 33 44
2070000 33 44
2070500 33 45
2071000 33 44
2071500 33 45
2072000 33 45
2072500 33 44
2073000 33 44
2073500 33 44
2074000 33 44
2074500 33 44
2075000 33 44
2075500 33 44
2076000 33 44
2076500 33 44
2077000 33 45
2077500 33 44
2078000 33 44
2078500 33 45
2079000 33 44
2079500 33 44
2080000 33 45
2080500 33 44
2081000 33 44
2081500 33 44
2082000 33 44
2082500 33 44
2083000 33 44
2083500 33 45
2084000 33 44
2084500 33 45
2085000 33 44
2085500 33 44
2086000 33 44
2086500 33 45
2087000 33 44
2087500 33 45
2088000 33 44
2088500 33 44
2089000 33 44
2089500 33 45
2090000 33 45
2090500 33 45
2091000 33 44
2091500 33 44
2092000 33 45
2092500 33 45
2093000 33 44
2093500 33 44
2094000 33 44
2094500 33 44
2095000 33 44
2095500 33 44
2096000 33 44
2096500 33 45
2097000 33 45
2097500 33 44
2098000 33 44
2098500 33 44
2099000 33 44
2099500 33 44
2100000 33 44
2100500 33 44
2101000 33 44
2101500 33 44
2102000 33 44
2102500 33 44
2103000 33 44
2103500 33 44
2104000 33 44
2104500 33 44
2105000 33 44
2105500 33 44
2106000 33 45
2106500 33 44
2107000 33 44
2107500 33 44
2108000 33 44
2108500 33 44
2109000 33 45
2109500 33 44
2110000 33 44
2110500 33 44
2111000 33 45
2111500 33 44
2112000 33 44
2112500 33 44
2113000 33 45
2113500 33 44
2114000 33 45
2114500 33 44
2115000 33 44
2115500 33 45
2116000 33 44
2116500 33 44
2117000 33 45
2117500 33 44
2118000 33 44
2118500 33 44
2119000 33 45
2119500 33 45
2120000 33 44
2120500 33 44
2121000 33 44
2121500 33 44
2122000 33 44
2122500 33 45
2123000 33 45
2123500 33 44
2124000 33 44
2124500 33 44
2125000 33 44
2125500 33 44
2126000 33 44
2126500 33 44
2127000 33 44
2127500 33 44
2128000 33 44
2128500 33 44
2129000 33 45
2129500 33 44
2130000 33 44
2130500 33 44
2131000 33 44
2131500 33 44
2132000 33 44
2132500 33 45
2133000 33 44
2133500 33 44
2134000 33 44
2134500 33 45
2135000 33 44
2135500 33 44
2136000 33 44
2136500 33 44
2137000 33 44
2137500 33 44
2138000 33 44
2138500 33 44
2139000 33 44
2139500 33 44
2140000 33 44
2140500 33 45
2141000 33 44
2141500 33 44
2142000 33 44
2142500 33 44
2143000 33 45
2143500 33 44
2144000 33 44
2144500 33 44
2145000 33 45
2145500 33 44
2146000 33 44
2146500 33 44
2147000 33 44
2147500 33 44
2148000 33 44
2148500 33 44
2149000 33 44
2149500 33 44
2150000 33 44
2150500 33 44
2151000 33 44
2151500 33 45
2152000 33 44
2152500 33 44
2153000 33 44
2153500 33 44
2154000 33 44
2154500 33 45
2155000 33 44
2155500 33 44
2156000 33 44
2156500 33 44
2157000 33 45
2157500 33 44
2158000 33 44
2158500 33 44
2159000 33 44
2159500 33 45
2160000 33 45
2160500 33 45
2161000 33 44
2161500 33 44
2162000 33 44
2162500 33 45
2163000 33 44
2163500 33 44
2164000 33 44
2164500 33 45
2165000 33 44
2165500 33 44
2166000 33 44
2166500 33 44
2167000 33 44
2167500 33 44
2168000 33 45
2168500 33 44
2169000 33 45
2169500 33 45
2170000 33 44
2170500 33 44
2171000 33 44
2171500 33 44
2172000 33 45
2172500 33 44
2173000 33 44
2173500 33 44
2174000 33 45
2174500 33 44
2175000 33 45
2175500 33 45
2176000 33 45
2176500 33 44
2177000 33 44
2177500 33 44
2178000 33 44
2178500 33 44
2179000 33 44
2179500 33 44
2180000 33 44
2180500 33 44
2181000 33 45
2181500 33 44
2182000 33 44
2182500 33 44
2183000 33 44
2183500 33 45
2184000 33 44
2184500 33 44
2185000 33 45
2185500 33 44
2186000 33 44
2186500 33 45
2187000 33 45
2187500 33 44
2188000 33 44
2188500 33 44
2189000 33 45
2189500 33 45
2190000 33 44
2190500 33 44
2191000 33 44
2191500 33 44
2192000 33 44
2192500 33 44
2193000 33 44
2193500 33 44
2194000 33 44
2194500 33 44
2195000 33 44
2195500 33 44
2196000 33 44
2196500 33 44
2197000 33 44
2197500 33 44
2198000 33 44
2198500 33 45
2199000 33 44
2199500 33 44
2200000 33 45
2200500 33 44
2201000 33 44
2201500 33 44
2202000 33 44
2202500 33 45
2203000 33 44
2203500 33 44
2204000 33 44
2204500 33 45
2205000 33 45
2205500 33 45
2206000 33 44
2206500 33 44
2207000 33 44
2207500 33 45
2208000 33 45
2208500 33 44
2209000 33 45
2209500 33 44
2210000 33 44
2210500 33 45
2211000 33 44
2211500 33 45
2212000 33 44
2212500 33 44
2213000 33 44
2213500 33 44
2214000 33 44
2214500 33 44
2215000 33 44
2215500 33 44
2216000 33 44
2216500 33 44
2217000 33 44
2217500 33 45
2218000 33 45
2218500 33 44
2219000 33 44
2219500 33 44
2220000 33 44
2220500 33 44
2221000 33 44
2221500 33 44
2222000 33 44
2222500 33 44
2223000 33 44
2223500 33 44
2224000 33 45
2224500 33 44
2225000 33 44
2225500 33 44
2226000 33 45
2226500 33 45
2227000 33 44
2227500 33 44
2228000 33 45
2228500 33 44
2229000 33 44
2229500 33 44
2230000 33 44
2230500 33 44
2231000 33 44
2231500 33 44
2232000 33 45
2232500 33 44
2233000 33 44
2233500 33 44
2234000 33 44
2234500 33 44
2235000 33 44
2235500 33 44
2236000 33 44
2236500 33 44
2237000 33 44
2237500 33 45
2238000 33 44
2238500 33 44
2239000 33 44
2239500 33 45
2240000 33 44
2240500 33 44
2241000 33 44
2241500 33 45
2242000 33 44
2242500 33 44
2243000 33 44
2243500 33 44
2244000 33 44
2244500 33 45
2245000 33 45
2245500 33 44
2246000 33 44
2246500 33 44
2247000 33 45
2247500 33 44
2248000 33 44
2248500 33 45
2249000 33 44
2249500 33 44
2250000 33 45
2250500 33 44
2251000 33 44
2251500 33 45
2252000 33 44
2252500 33 45
2253000 33 44
2253500 33 44
2254000 33 44
2254500 33 45
2255000 33 44
2255500 33 44
2256000 33 44
2256500 33 44
2257000 33 44
2257500 33 44
2258000 33 44
2258500 33 44
2259000 33 44
2259500 33 44
2260000 33 45
2260500 33 44
2261000 33 44
2261500 33 44
2262000 33 44
2262500 33 44
2263000 33 45
2263500 33 44
2264000 33 45
2264500 33 45
2265000 33 44
2265500 33 44
2266000 33 44
2266500 33 44
2267000 33 45
2267500 33 44
2268000 33 44
2268500 33 44
2269000 33 44
2269500 33 44
2270000 33 44
2270500 33 44
2271000 33 44
2271500 33 44
2272000 33 44
2272500 33 44
2273000 33 44
2273500 33 45
2274000 33 44
2274500 33 44
2275000 33 44
2275500 33 45
2276000 33 45
2276500 33 44
2277000 33 44
2277500 33 44
2278000 33 44
2278500 33 44
2279000 33 45
2279500 33 44
2280000 33 44
2280500 33 45
2281000 32 44
2281500 32 44
2282000 32 44
2282500 32 45
2283000 32 45
2283500 32 44
2284000 32 45
2284500 32 44
2285000 32 44
2285500 32 44
2286000 32 44
2286500 32 44
2287000 32 44
2287500 32 44
2288000 32 44
2288500 32 44
2289000 32 44
2289500 32 45
2290000 32 44
2290500 32 44
2291000 32 45
2291500 32 44
2292000 32 45
2292500 32 44
2293000 32 45
2293500 32 44
2294000 32 44
2294500 32 44
2295000 32 45
2295500 32 44
2296000 32 44
2296500 32 45
2297000 32 44
2297500 32 45
2298000 32 45
2298500 32 44
2299000 32 44
2299500 32 44
2300000 32 44
2300500 32 45
2301000 32 45
2301500 32 44
2302000 32 44
2302500 32 44
2303000 32 44
2303500 32 44
2304000 32 44
2304500 32 44
2305000 32 44
2305500 32 44
2306000 32 45
2306500 32 44
2307000 32 44
2307500 32 44
2308000 32 44
2308500 32 44
2309000 32 44
2309500 32 44
2310000 32 44
2310500 32 44
2311000 32 44
2311500 32 44
2312000 32 44
2312500 32 44
2313000 32 45
2313500 32 44
2314000 32 44
2314500 32 45
2315000 32 44
2315500 32 45
2316000 32 44
2316500 32 45
2317000 32 44
2317500 32 44
2318000 32 44
2318500 32 44
2319000 32 45
2319500 32 45
2320000 32 44
2320500 32 44
2321000 32 45
2321500 32 45
2322000 32 45
2322500 32 44
2323000 32 44
2323500 32 45
2324000 32 44
2324500 32 44
2325000 32 44
2325500 32 44
2326000 32 45
2326500 32 44
2327000 32 44
2327500 32 45
2328000 32 44
2328500 32 44
2329000 32 44
2329500 32 45
2330000 32 44
2330500 32 45
2331000 32 44
2331500 32 44
2332000 32 44
2332500 32 45
2333000 32 44
2333500 32 44
2334000 32 44
2334500 32 44
2335000 32 44
2335500 32 44
2336000 32 44
2336500 32 44
2337000 32 44
2337500 32 44
2338000 32 44
2338500 32 44
2339000 32 44
2339500 32 44
2340000 32 44
2340500 32 44
2341000 32 44
2341500 32 44
2342000 32 44
2342500 32 44
2343000 32 44
2343500 32 44
2344000 32 45
2344500 32 44
2345000 32 44
2345500 32 44
2346000 32 44
2346500 32 45
2347000 32 45
2347500 32 44
2348000 32 44
2348500 32 44
2349000 32 45
2349500 32 44
2350000 32 45
2350500 32 44
2351000 32 44
2351500 32 44
2352000 32 45
2352500 32 44
2353000 32 44
2353500 32 45
2354000 32 45
2354500 32 44
2355000 32 44
2355500 32 44
2356000 32 44
2356500 32 44
2357000 32 44
2357500 32 45
2358000 32 45
2358500 32 44
2359000 32 44
2359500 32 44
2360000 32 44
2360500 32 44
2361000 32 44
2361500 32 45
2362000 32 45
2362500 32 44
2363000 32 45
2363500 32 44
2364000 32 44
2364500 32 45
2365000 32 44
2365500 32 44
2366000 32 44
2366500 32 45
2367000 32 44
2367500 32 44
2368000 32 44
2368500 32 44
2369000 32 44
2369500 32 45
2370000 32 44
2370500 32 44
2371000 32 44
2371500 32 44
2372000 32 44
2372500 32 44
2373000 32 45
2373500 32 45
2374000 32 44
2374500 32 44
2375000 32 44
2375500 32 44
2376000 32 44
2376500 32 44
2377000 32 44
2377500 32 44
2378000 32 44
2378500 32 44
2379000 32 45
2379500 32 44
2380000 32 44
2380500 32 44
2381000 32 44
2381500 32 44
2382000 32 44
2382500 32 45
2383000 32 45
2383500 32 44
2384000 32 44
2384500 32 44
2385000 32 44
2385500 32 44
2386000 32 44
2386500 32 45
2387000 32 44
2387500 32 44
2388000 32 44
2388500 32 45
2389000 32 44
2389500 32 44
2390000 32 44
2390500 32 44
2391000 32 45
2391500 32 44
2392000 32 44
2392500 32 45
2393000 32 45
2393500 32 45
2394000 32 44
2394500 32 45
2395000 32 44
2395500 32 45
2396000 32 44
2396500 32 44
2397000 32 45
2397500 32 45
2398000 32 44
2398500 32 44
2399000 32 45
2399500 32 44
2400000 32 45
2400500 32 44
2401000 32 44
2401500 32 44
2402000 32 44
2402500 32 44
2403000 32 44
2403500 32 44
2404000 32 45
2404500 32 44
2405000 32 44
2405500 32 44
2406000 32 44
2406500 32 44
2407000 32 44
2407500 32 44
2408000 32 44
2408500 32 44
2409000 32 45
2409500 32 44
2410000 32 44
2410500 32 45
2411000 32 44
2411500 32 44
2412000 32 44
2412500 32 44
2413000 32 44
2413500 32 44
2414000 32 44
2414500 32 44
2415000 32 45
2415500 32 44
2416000 32 44
2416500 32 45
2417000 32 44
2417500 32 44
2418000 32 45
2418500 32 44
2419000 32 45
2419500 32 44
2420000 32 44
2420500 32 44
2421000 32 45
2421500 32 44
2422000 32 45
2422500 32 44
2423000 32 45
2423500 32 44
2424000 32 44
2424500 32 44
2425000 32 44
2425500 32 44
2426000 32 44
2426500 32 44
2427000 32 45
2427500 32 44
2428000 32 45
2428500 32 44
2429000 32 45
2429500 32 45
2430000 32 44
2430500 32 44
2431000 32 44
2431500 32 44
2432000 32 45
2432500 32 44
2433000 32 45
2433500 32 44
2434000 32 45
2434500 32 44
2435000 32 44
2435500 32 45
2436000 32 45
2436500 32 45
2437000 32 45
2437500 32 44
2438000 32 44
2438500 32 44
2439000 32 44
2439500 32 44
2440000 32 44
2440500 32 44
2441000 32 45
2441500 32 44
2442000 32 44
2442500 32 45
2443000 32 44
2443500 32 44
2444000 32 44
2444500 32 45
2445000 32 44
2445500 32 44
2446000 32 44
2446500 32 44
2447000 32 44
2447500 32 44
2448000 32 45
2448500 32 45
2449000 32 44
2449500 32 44
2450000 32 44
2450500 32 45
2451000 32 44
2451500 32 44
2452000 32 44
2452500 32 44
2453000 32 44
2453500 32 44
2454000 32 44
2454500 32 44
2455000 32 44
2455500 32 44
2456000 32 45
2456500 32 44
2457000 32 44
2457500 32 45
2458000 32 44
2458500 32 44
2459000 32 44
2459500 32 44
2460000 32 45
2460500 32 45
2461000 32 44
2461500 32 44
2462000 32 45
2462500 32 44
2463000 32 44
2463500 32 44
2464000 32 45
2464500 32 44
2465000 32 44
2465500 32 44
2466000 32 44
2466500 32 44
2467000 32 44
2467500 32 44
2468000 32 44
2468500 32 44
2469000 32 44
2469500 32 44
2470000 32 44
2470500 32 44
2471000 32 44
2471500 32 44
2472000 32 45
2472500 32 44
2473000 32 44
2473500 32 44
2474000 32 45
2474500 32 44
2475000 32 44
2475500 32 45
2476000 32 45
2476500 32 44
2477000 32 44
2477500 32 44
2478000 32 45
2478500 32 44
2479000 32 44
2479500 32 44
2480000 32 45
2480500 32 45
2481000 32 45
2481500 32 44
2482000 32 45
2482500 32 44
2483000 32 44
2483500 32 44
2484000 32 44
2484500 32 44
2485000 32 45
2485500 32 44
2486000 32 44
2486500 32 44
2487000 32 45
2487500 32 44
2488000 32 44
2488500 32 44
2489000 32 44
2489500 32 44
2490000 32 45
2490500 32 45
2491000 32 45
2491500 32 45
2492000 32 44
2492500 32 44
2493000 32 44
2493500 32 44
2494000 32 44
2494500 32 44
2495000 32 44
2495500 32 44
2496000 32 45
2496500 32 44
2497000 32 44
2497500 32 44
2498000 32 44
2498500 32 44
2499000 32 44
2499500 32 44
2500000 32 45
2500500 32 44
2501000 32 44
2501500 32 45
2502000 32 45
2502500 32 44
2503000 32 44
2503500 32 45
2504000 32 44
2504500 32 44
2505000 32 44
2505500 32 44
2506000 32 44
2506500 32 44
2507000 32 45
2507500 32 44
2508000 32 44
2508500 32 44
2509000 32 44
2509500 32 45
2510000 32 45
2510500 32 44
2511000 32 45
2511500 32 44
2512000 32 44
2512500 32 45
2513000 32 44
2513500 32 44
2514000 32 45
2514500 32 45
2515000 32 44
2515500 32 44
2516000 32 45
2516500 32 44
2517000 32 44
2517500 32 44
2518000 32 44
2518500 32 44
2519000 32 45
2519500 32 44
2520000 32 45
2520500 32 44
2521000 32 44
2521500 32 44
2522000 32 44
2522500 32 44
2523000 32 44
2523500 32 44
2524000 32 45
2524500 32 44
2525000 32 44
2525500 32 44
2526000 32 45
2526500 32 45
2527000 32 44
2527500 32 44
2528000 32 44
2528500 32 44
2529000 32 44
2529500 32 44
2530000 32 45
2530500 32 44
2531000 32 45
2531500 32 44
2532000 32 44
2532500 32 44
2533000 32 44
2533500 32 44
2534000 32 44
2534500 32 44
2535000 32 44
2535500 32 45
2536000 32 44
2536500 32 44
2537000 32 44
2537500 32 44
2538000 32 44
2538500 32 44
2539000 32 44
2539500 32 45
2540000 32 44
2540500 32 44
2541000 32 44
2541500 32 45
2542000 32 44
2542500 32 44
2543000 32 44
2543500 32 44
2544000 32 44
2544500 32 44
2545000 32 44
2545500 32 44
2546000 32 44
2546500 32 44
2547000 32 44
2547500 32 44
2548000 32 44
2548500 32 44
2549000 32 44
2549500 32 44
2550000 32 45
2550500 32 44
2551000 32 44
2551500 32 44
2552000 32 44
2552500 32 44
2553000 32 45
2553500 32 45
2554000 32 44
2554500 32 45
2555000 32 44
2555500 32 45
2556000 32 44
2556500 32 45
2557000 32 44
2557500 32 45
2558000 32 44
2558500 32 44
2559000 32 44
2559500 32 44
2560000 32 44
2560500 32 45
2561000 32 44
2561500 32 44
2562000 32 44
2562500 32 44
2563000 32 44
2563500 32 44
2564000 32 44
2564500 32 44
2565000 32 44
2565500 32 44
2566000 32 44
2566500 32 44
2567000 32 44
2567500 32 44
2568000 32 45
2568500 32 44
2569000 32 44
2569500 32 44
2570000 32 44
2570500 32 44
2571000 32 45
2571500 32 44
2572000 32 44
2572500 32 44
2573000 32 44
2573500 32 44
2574000 32 45
2574500 32 45
2575000 32 44
2575500 32 44
2576000 32 44
2576500 32 44
2577000 32 44
2577500 32 44
2578000 32 44
2578500 32 45
2579000 32 44
2579500 32 44
2580000 32 44
2580500 32 44
2581000 32 44
2581500 32 44
2582000 32 44
2582500 32 44
2583000 32 44
2583500 32 44
2584000 32 44
2584500 32 45
2585000 32 44
2585500 32 44
2586000 32 44
2586500 32 44
2587000 32 44
2587500 32 44
2588000 32 44
2588500 32 44
2589000 32 45
2589500 32 44
2590000 32 44
2590500 32 44
2591000 32 44
2591500 32 44
2592000 32 45
2592500 32 45
2593000 32 44
2593500 32 44
2594000 32 45
2594500 32 45
2595000 32 45
2595500 32 45
2596000 32 44
2596500 32 45
2597000 32 45
2597500 32 44
2598000 32 44
2598500 32 44
2599000 32 44
2599500 32 44
2600000 32 44
2600500 32 44
2601000 32 44
2601500 32 44
2602000 32 44
2602500 32 44
2603000 32 44
2603500 32 44
2604000 32 44
2604500 32 44
2605000 32 44
2605500 32 45
2606000 32 44
2606500 32 45
2607000 32 44
2607500 32 44
2608000 32 44
2608500 32 45
2609000 32 45
2609500 32 44
2610000 32 44
2610500 32 45
2611000 32 44
2611500 32 44
2612000 32 44
2612500 32 44
2613000 32 44
2613500 32 44
2614000 32 44
2614500 32 45
2615000 32 44
2615500 32 45
2616000 32 45
2616500 32 44
2617000 32 44
2617500 32 45
2618000 32 45
2618500 32 44
2619000 32 44
2619500 32 44
2620000 32 44
2620500 32 44
2621000 32 44
2621500 32 44
2622000 32 44
2622500 32 45
2623000 32 44
2623500 32 44
2624000 32 44
2624500 32 45
2625000 32 44
2625500 32 45
2626000 32 44
2626500 32 44
2627000 32 44
2627500 32 44
2628000 32 44
2628500 32 45
2629000 32 44
2629500 32 44
2630000 32 45
2630500 32 44
2631000 32 44
2631500 32 45
2632000 32 44
2632500 32 45
2633000 32 45
2633500 32 44
2634000 32 44
2634500 32 44
2635000 32 44
2635500 32 45
2636000 32 44
2636500 32 44
2637000 32 45
2637500 32 44
2638000 32 44
2638500 32 45
2639000 32 44
2639500 32 44
2640000 32 44
2640500 32 44
2641000 32 44
2641500 32 44
2642000 32 44
2642500 32 44
2643000 32 44
2643500 32 45
2644000 32 44
2644500 32 44
2645000 32 44
2645500 32 44
2646000 32 44
2646500 32 44
2647000 32 45
2647500 32 45
2648000 32 44
2648500 32 44
2649000 32 44
2649500 32 44
2650000 32 45
2650500 32 45
2651000 32 44
2651500 32 44
2652000 32 44
2652500 32 44
2653000 32 45
2653500 32 44
2654000 32 44
2654500 32 44
2655000 32 44
2655500 32 44
2656000 32 45
2656500 32 44
2657000 32 44
2657500 32 44
2658000 32 45
2658500 32 44
2659000 32 44
2659500 32 44
2660000 32 44
2660500 32 44
2661000 32 44
2661500 32 45
2662000 32 44
2662500 32 44
2663000 32 44
2663500 32 44
2664000 32 44
2664500 32 45
2665000 32 45
2665500 32 44
2666000 32 45
2666500 32 44
2667000 32 44
2667500 32 44
2668000 32 45
2668500 32 44
2669000 32 44
2669500 32 44
2670000 32 44
2670500 32 44
2671000 32 45
2671500 32 45
2672000 32 44
2672500 32 45
2673000 32 44
2673500 32 44
2674000 32 45
2674500 32 44
2675000 32 44
2675500 32 44
2676000 32 44
2676500 32 44
2677000 32 44
2677500 32 44
2678000 32 44
2678500 32 44
2679000 32 44
2679500 32 44
2680000 32 44
2680500 32 45
2681000 32 45
2681500 32 44
2682000 32 44
2682500 32 44
2683000 32 45
2683500 32 45
2684000 32 45
2684500 32 44
2685000 32 44
2685500 32 44
2686000 32 44
2686500 32 44
2687000 32 44
2687500 32 44
2688000 32 44
2688500 32 44
2689000 32 45
2689500 32 44
2690000 32 44
2690500 32 45
2691000 32 44
2691500 32 44
2692000 32 44
2692500 32 44
2693000 32 44
2693500 32 45
2694000 32 44
2694500 32 44
2695000 32 45
2695500 32 44
2696000 32 44
2696500 32 44
2697000 32 44
2697500 32 44
2698000 32 44
2698500 32 44
2699000 32 44
2699500 32 44
2700000 32 44
2700500 32 44
2701000 32 45
2701500 32 44
2702000 32 44
2702500 32 45
2703000 32 45
2703500 32 44
2704000 32 44
2704500 32 44
2705000 32 44
2705500 32 44
2706000 32 44
2706500 32 44
2707000 32 44
2707500 32 44
2708000 32 45
2708500 32 44
2709000 32 45
2709500 32 45
2710000 32 44
2710500 32 45
2711000 32 45
2711500 32 44
2712000 32 44
2712500 32 44
2713000 32 44
2713500 32 44
2714000 32 44
2714500 32 45
2715000 32 44
2715500 32 44
2716000 32 45
2716500 32 44
2717000 32 44
2717500 32 44
2718000 32 44
2718500 32 44
2719000 32 44
2719500 32 44
2720000 32 44
2720500 32 45
2721000 32 45
2721500 32 45
2722000 32 45
2722500 32 45
2723000 32 44
2723500 32 44
2724000 32 45
2724500 32 44
2725000 32 44
2725500 32 44
2726000 32 45
2726500 32 44
2727000 32 44
2727500 32 44
2728000 32 44
2728500 32 44
2729000 32 44
2729500 32 44
2730000 32 44
2730500 32 44
2731000 32 44
2731500 32 45
2732000 32 44
2732500 32 44
2733000 32 44
2733500 32 44
2734000 32 45
2734500 32 44
2735000 32 44
2735500 32 45
2736000 32 44
2736500 32 45
2737000 32 45
2737500 32 44
2738000 32 44
2738500 32 44
2739000 32 45
2739500 32 44
2740000 32 44
2740500 32 45
2741000 32 45
2741500 32 45
2742000 32 44
2742500 32 45
2743000 32 44
2743500 32 45
2744000 32 44
2744500 32 44
2745000 32 44
2745500 32 44
2746000 32 44
2746500 32 45
2747000 32 44
2747500 32 44
2748000 32 44
2748500 32 44
2749000 32 44
2749500 32 44
2750000 32 44
2750500 32 44
2751000 32 45
2751500 32 44
2752000 32 45
2752500 32 44
2753000 32 44
2753500 32 45
2754000 32 44
2754500 32 44
2755000 32 44
2755500 32 44
2756000 32 44
2756500 32 44
2757000 32 45
2757500 32 44
2758000 32 44
2758500 32 45
2759000 32 45
2759500 32 44
2760000 32 45
2760500 32 44
2761000 32 44
2761500 32 44
2762000 32 44
2762500 32 44
2763000 32 44
2763500 32 44
2764000 32 45
2764500 32 44
2765000 32 44
2765500 32 45
2766000 32 44
2766500 32 44
2767000 32 44
2767500 32 44
2768000 32 44
2768500 32 44
2769000 32 44
2769500 32 44
2770000 32 44
2770500 32 44
2771000 32 45
2771500 32 45
2772000 32 44
2772500 32 44
2773000 32 44
2773500 32 44
2774000 32 44
2774500 32 44
2775000 32 44
2775500 32 44
2776000 32 44
2776500 32 45
2777000 32 45
2777500 32 44
2778000 32 44
2778500 32 44
2779000 32 44
2779500 32 44
2780000 32 45
2780500 32 44
2781000 32 44
2781500 32 44
2782000 32 44
2782500 32 45
2783000 32 44
2783500 32 44
2784000 32 44
2784500 32 44
2785000 32 44
2785500 32 44
2786000 32 44
2786500 32 45
2787000 32 44
2787500 32 44
2788000 32 44
2788500 32 44
2789000 32 44
2789500 32 44
2790000 32 45
2790500 32 45
2791000 32 44
2791500 32 45
2792000 32 44
2792500 32 44
2793000 32 45
2793500 32 44
2794000 32 44
2794500 32 44
2795000 32 44
2795500 32 45
2796000 32 45
2796500 32 44
2797000 32 44
2797500 32 44
2798000 32 45
2798500 32 44
2799000 32 44
2799500 32 44
2800000 32 44
2800500 32 45
2801000 32 44
2801500 32 45
2802000 32 44
2802500 32 45
2803000 32 44
2803500 32 44
2804000 32 44
2804500 32 45
2805000 32 44
2805500 32 44
2806000 32 44
2806500 32 44
2807000 32 45
2807500 32 44
2808000 32 44
2808500 32 44
2809000 32 45
2809500 32 44
2810000 32 44
2810500 32 45
2811000 32 44
2811500 32 44
2812000 32 44
2812500 32 44
2813000 32 44
2813500 32 44
2814000 32 45
2814500 32 45
2815000 32 44
2815500 32 44
2816000 32 44
2816500 32 44
2817000 32 44
2817500 32 44
2818000 32 44
2818500 32 44
2819000 32 45
2819500 32 44
2820000 32 45
2820500 32 44
2821000 32 45
2821500 32 44
2822000 32 45
2822500 32 44
2823000 32 45
2823500 32 44
2824000 32 45
2824500 32 44
2825000 32 44
2825500 32 44
2826000 32 44
2826500 32 45
2827000 32 45
2827500 32 45
2828000 32 44
2828500 32 44
2829000 32 45
2829500 32 44
2830000 32 45
2830500 32 44
2831000 32 44
2831500 32 44
2832000 32 45
2832500 32 44
2833000 32 44
2833500 32 44
2834000 32 45
2834500 32 44
2835000 32 44
2835500 32 45
2836000 32 45
2836500 32 44
2837000 32 44
2837500 32 45
2838000 32 45
2838500 32 44
2839000 32 44
2839500 32 45
2840000 32 44
2840500 32 44
2841000 32 44
2841500 32 44
2842000 32 44
2842500 32 44
2843000 32 44
2843500 32 44
2844000 32 44
2844500 32 44
2845000 32 45
2845500 32 44
2846000 32 44
2846500 32 45
2847000 32 45
2847500 32 45
2848000 32 44
2848500 32 44
2849000 32 44
2849500 32 44
2850000 32 44
2850500 32 44
2851000 32 44
2851500 32 44
2852000 32 44
2852500 32 44
2853000 32 44
2853500 32 45
2854000 32 45
2854500 32 45
2855000 32 44
2855500 32 45
2856000 32 44
2856500 32 44
2857000 32 44
2857500 32 44
2858000 32 44
2858500 32 45
2859000 32 44
2859500 32 45
2860000 32 45
2860500 32 45
2861000 32 44
2861500 32 45
2862000 32 44
2862500 32 44
2863000 32 44
2863500 32 45
2864000 32 44
2864500 32 44
2865000 32 44
2865500 32 44
2866000 32 44
2866500 32 45
2867000 32 44
2867500 32 44
2868000 32 44
2868500 32 44
2869000 32 45
2869500 32 44
2870000 32 44
2870500 32 44
2871000 32 44
2871500 32 44
2872000 32 44
2872500 32 44
2873000 32 44
2873500 32 45
2874000 32 44
2874500 32 44
2875000 32 45
2875500 32 45
2876000 32 44
2876500 32 45
2877000 32 45
2877500 32 44
2878000 32 44
2878500 32 45
2879000 32 44
2879500 32 44
2880000 32 44
2880500 32 45
2881000 32 44
2881500 32 44
2882000 32 44
2882500 32 44
2883000 32 44
2883500 32 44
2884000 32 44
2884500 32 45
2885000 32 45
2885500 32 44
2886000 32 44
2886500 32 45
2887000 32 44
2887500 32 44
2888000 32 44
2888500 32 44
2889000 32 44
2889500 32 44
2890000 32 45
2890500 32 45
2891000 32 44
2891500 32 44
2892000 32 44
2892500 32 44
2893000 32 44
2893500 32 44
2894000 32 44
2894500 32 45
2895000 32 44
2895500 32 44
2896000 32 45
2896500 32 44
2897000 32 44
2897500 32 45
2898000 32 44
2898500 32 44
2899000 32 45
2899500 32 44
2900000 32 44
2900500 32 45
2901000 32 44
2901500 32 44
2902000 32 44
2902500 32 44
2903000 32 44
2903500 32 44
2904000 32 44
2904500 32 44
2905000 32 44
2905500 32 45
2906000 32 45
2906500 32 44
2907000 32 44
2907500 32 45
2908000 32 45
2908500 32 44
2909000 32 44
2909500 32 44
2910000 32 44
2910500 32 44
2911000 32 45
2911500 32 45
2912000 32 45
2912500 32 44
2913000 32 44
2913500 32 44
2914000 32 44
2914500 32 44
2915000 32 44
2915500 32 45
2916000 32 45
2916500 32 44
2917000 32 45
2917500 32 44
2918000 32 44
2918500 32 45
2919000 32 44
2919500 32 45
2920000 32 44
2920500 32 45
2921000 32 45
2921500 32 44
2922000 32 44
2922500 32 45
2923000 32 45
2923500 32 45
2924000 32 44
2924500 32 44
2925000 32 44
2925500 32 44
2926000 32 45
2926500 32 44
2927000 32 44
2927500 32 44
2928000 32 44
2928500 32 44
2929000 32 44
2929500 32 44
2930000 32 44
2930500 32 44
2931000 32 44
2931500 32 44
2932000 32 44
2932500 32 44
2933000 32 44
2933500 32 44
2934000 32 45
2934500 32 44
2935000 32 44
2935500 32 44
2936000 32 44
2936500 32 44
2937000 32 45
2937500 32 44
2938000 32 44
2938500 32 45
2939000 32 44
2939500 32 44
2940000 32 44
2940500 32 44
2941000 32 44
2941500 32 45
2942000 32 44
2942500 32 44
2943000 32 44
2943500 32 44
2944000 32 44
2944500 32 44
2945000 32 44
2945500 32 44
2946000 32 44
2946500 32 44
2947000 32 45
2947500 32 45
2948000 32 44
2948500 32 44
2949000 32 45
2949500 32 44
2950000 32 44
2950500 32 44
2951000 32 44
2951500 32 45
2952000 32 44
2952500 32 44
2953000 32 44
2953500 32 45
2954000 32 44
2954500 32 44
2955000 32 44
2955500 32 45
2956000 32 45
2956500 32 45
2957000 32 45
2957500 32 44
2958000 32 45
2958500 32 44
2959000 32 44
2959500 32 44
2960000 32 44
2960500 32 44
2961000 32 44
2961500 32 44
2962000 32 44
2962500 32 44
2963000 32 44
2963500 32 44
2964000 32 45
2964500 32 44
2965000 32 44
2965500 32 44
2966000 32 44
2966500 32 44
2967000 32 44
2967500 32 44
2968000 32 44
2968500 32 44
2969000 32 44
2969500 32 44
2970000 32 44
2970500 32 44
2971000 32 44
2971500 32 44
2972000 32 45
2972500 32 45
2973000 32 44
2973500 32 44
2974000 32 44
2974500 32 44
2975000 32 44
2975500 32 45
2976000 32 44
2976500 32 44
2977000 32 44
2977500 32 45
2978000 32 44
2978500 32 44
2979000 32 44
2979500 32 44
2980000 32 44
2980500 32 44
2981000 32 44
2981500 32 44
2982000 32 45
2982500 32 44
2983000 32 45
2983500 32 44
2984000 32 44
2984500 32 44
2985000 32 44
2985500 32 45
2986000 32 45
2986500 32 44
2987000 32 44
2987500 32 44
2988000 32 44
2988500 32 44
2989000 32 44
2989500 32 44
2990000 32 44
2990500 32 44
2991000 32 45
2991500 32 44
2992000 32 45
2992500 32 44
2993000 32 45
2993500 32 44
2994000 32 44
2994500 32 44
2995000 32 45
2995500 32 44
2996000 32 44
2996500 32 45
2997000 32 44
2997500 32 44
2998000 32 45
2998500 32 45
2999000 32 44
2999500 32 44
3000000 32 45
e
