0 774 792
500 774 774
1000 752 754
1500 748 750
2000 740 743
2500 730 732
3000 720 726
3500 702 711
4000 696 699
4500 693 698
5000 690 693
5500 686 686
6000 686 692
6500 680 683
7000 680 687
7500 677 684
8000 673 682
8500 672 673
9000 668 673
9500 663 675
10000 662 670
10500 657 662
11000 656 664
11500 652 659
12000 650 660
12500 650 656
13000 648 660
13500 646 660
14000 638 659
14500 638 650
15000 638 656
15500 637 660
16000 636 639
16500 634 638
17000 629 639
17500 629 648
18000 628 644
18500 623 639
19000 623 634
19500 623 630
20000 623 635
20500 616 628
21000 615 627
21500 614 623
22000 613 629
22500 608 630
23000 606 621
23500 602 610
24000 596 608
24500 596 604
25000 596 622
25500 596 618
26000 595 609
26500 594 605
27000 592 617
27500 591 599
28000 589 607
28500 588 598
29000 588 597
29500 581 601
30000 579 588
30500 577 601
31000 577 590
31500 575 606
32000 573 592
32500 571 581
33000 567 598
33500 566 591
34000 563 565
34500 560 580
35000 558 582
35500 558 580
36000 554 592
36500 554 585
37000 554 575
37500 554 566
38000 551 569
38500 549 558
39000 549 555
39500 546 564
40000 545 559
40500 542 574
41000 538 560
41500 538 547
42000 538 561
42500 537 549
43000 535 545
43500 532 553
44000 532 542
44500 531 554
45000 530 560
45500 530 562
46000 526 562
46500 526 556
47000 526 541
47500 524 553
48000 519 540
48500 515 555
49000 513 541
49500 511 554
50000 510 540
50500 510 537
51000 510 537
51500 510 518
52000 510 543
52500 508 522
53000 508 567
53500 507 518
54000 507 539
54500 503 535
55000 500 528
55500 495 515
56000 494 520
56500 492 537
57000 490 534
57500 486 516
58000 486 512
58500 486 495
59000 484 521
59500 484 508
60000 484 517
60500 481 533
61000 476 522
61500 476 509
62000 475 520
62500 475 525
63000 471 503
63500 471 511
64000 470 493
64500 467 490
65000 467 523
65500 466 524
66000 462 495
66500 462 492
67000 462 530
67500 462 504
68000 462 502
68500 460 482
69000 458 501
69500 457 501
70000 455 490
70500 454 498
71000 454 505
71500 454 481
72000 453 500
72500 453 481
73000 453 483
73500 451 467
74000 450 482
74500 447 486
75000 447 476
75500 443 460
76000 442 479
76500 436 478
77000 434 501
77500 433 468
78000 431 462
78500 431 466
79000 430 462
79500 429 466
80000 429 495
80500 429 468
81000 428 460
81500 428 471
82000 428 487
82500 428 496
83000 428 463
83500 428 464
84000 428 460
84500 426 452
85000 426 451
85500 426 487
86000 425 527
86500 425 490
87000 424 461
87500 422 440
88000 422 450
88500 421 492
89000 421 458
89500 421 456
90000 418 461
90500 416 496
91000 413 462
91500 412 440
92000 412 448
92500 412 463
93000 411 475
93500 410 436
94000 407 442
94500 407 482
95000 407 437
95500 407 472
96000 406 458
96500 405 476
97000 405 452
97500 405 450
98000 404 471
98500 404 487
99000 404 454
99500 404 444
100000 403 442
100500 403 428
101000 401 445
101500 399 470
102000 396 440
102500 396 452
103000 396 428
103500 396 437
104000 395 470
104500 395 414
105000 395 438
105500 393 438
106000 393 408
106500 393 435
107000 393 440
107500 393 444
108000 393 440
108500 393 422
109000 392 448
109500 390 439
110000 390 432
110500 387 471
111000 385 437
111500 380 461
112000 379 446
112500 379 430
113000 379 429
113500 379 458
114000 379 421
114500 378 402
115000 375 436
115500 375 447
116000 374 452
116500 372 445
117000 372 429
117500 372 416
118000 370 427
118500 370 441
119000 370 400
119500 369 448
120000 364 400
120500 364 444
121000 362 415
121500 362 420
122000 362 409
122500 360 442
123000 357 389
123500 354 391
124000 354 376
124500 354 417
125000 354 424
125500 354 393
126000 353 399
126500 353 438
127000 352 414
127500 352 415
128000 350 410
128500 350 390
129000 350 417
129500 350 450
130000 350 414
130500 350 434
131000 350 407
131500 350 399
132000 350 426
132500 347 427
133000 346 432
133500 346 428
134000 345 418
134500 345 399
135000 345 398
135500 345 430
136000 345 394
136500 344 409
137000 343 389
137500 343 401
138000 342 407
138500 341 384
139000 339 386
139500 339 369
140000 333 391
140500 333 394
141000 333 394
141500 333 389
142000 333 423
142500 332 366
143000 332 403
143500 332 400
144000 330 377
144500 330 406
145000 330 386
145500 330 417
146000 330 445
146500 330 409
147000 329 409
147500 329 436
148000 329 413
148500 329 412
149000 329 380
149500 329 396
150000 329 363
150500 329 378
151000 329 381
151500 329 429
152000 328 422
152500 326 387
153000 325 413
153500 325 420
154000 324 401
154500 322 390
155000 321 374
155500 321 376
156000 321 363
156500 320 374
157000 320 379
157500 320 361
158000 320 388
158500 320 397
159000 320 365
159500 320 371
160000 320 381
160500 320 391
161000 320 408
161500 320 397
162000 319 422
162500 319 372
163000 319 388
163500 319 416
164000 318 385
164500 317 388
165000 317 388
165500 316 373
166000 315 366
166500 314 375
167000 312 357
167500 312 386
168000 311 327
168500 310 376
169000 309 400
169500 308 408
170000 308 364
170500 308 356
171000 308 372
171500 308 374
172000 307 403
172500 306 360
173000 306 388
173500 306 392
174000 306 384
174500 305 380
175000 305 360
175500 305 346
176000 304 345
176500 304 376
177000 301 365
177500 300 341
178000 300 335
178500 300 341
179000 300 404
179500 300 391
180000 300 388
180500 300 351
181000 298 437
181500 298 383
182000 298 385
182500 298 336
183000 298 386
183500 298 376
184000 298 339
184500 298 339
185000 298 386
185500 298 347
186000 297 365
186500 297 375
187000 297 370
187500 297 370
188000 297 359
188500 297 359
189000 295 357
189500 295 345
190000 294 363
190500 294 358
191000 293 374
191500 292 336
192000 292 380
192500 292 349
193000 292 364
193500 292 344
194000 292 353
194500 292 338
195000 291 335
195500 291 374
196000 291 338
196500 291 401
197000 291 351
197500 291 399
198000 291 353
198500 291 345
199000 291 362
199500 291 359
200000 291 323
200500 291 412
201000 291 353
201500 290 351
202000 290 362
202500 290 357
203000 288 367
203500 287 346
204000 287 341
204500 287 375
205000 287 347
205500 287 393
206000 287 385
206500 287 354
207000 287 333
207500 287 319
208000 287 343
208500 287 343
209000 287 353
209500 285 361
210000 285 343
210500 285 342
211000 285 339
211500 285 365
212000 285 332
212500 284 390
213000 283 358
213500 283 371
214000 283 372
214500 283 361
215000 283 333
215500 281 372
216000 281 317
216500 281 316
217000 281 343
217500 281 341
218000 281 327
218500 280 304
219000 280 355
219500 280 355
220000 280 355
220500 280 380
221000 278 305
221500 278 308
222000 278 342
222500 278 330
223000 278 343
223500 277 354
224000 277 350
224500 276 332
225000 276 322
225500 276 343
226000 275 320
226500 275 332
227000 275 343
227500 275 370
228000 275 314
228500 274 368
229000 274 324
229500 274 353
230000 274 305
230500 274 348
231000 274 314
231500 274 358
232000 274 313
232500 273 344
233000 273 347
233500 273 366
234000 273 323
234500 273 365
235000 273 363
235500 273 342
236000 272 376
236500 272 333
237000 272 343
237500 272 308
238000 272 367
238500 272 325
239000 272 341
239500 272 354
240000 271 369
240500 271 366
241000 271 340
241500 270 331
242000 270 326
242500 270 335
243000 270 327
243500 270 351
244000 270 325
244500 270 353
245000 270 368
245500 270 347
246000 270 331
246500 270 352
247000 270 366
247500 270 326
248000 270 321
248500 270 358
249000 270 294
249500 270 338
250000 270 356
250500 270 333
251000 270 309
251500 270 333
252000 270 326
252500 270 357
253000 270 302
253500 270 321
254000 270 326
254500 270 308
255000 270 352
255500 268 353
256000 268 381
256500 268 364
257000 268 354
257500 268 384
258000 268 308
258500 267 408
259000 267 330
259500 267 370
260000 267 334
260500 266 338
261000 266 362
261500 266 330
262000 266 351
262500 266 314
263000 266 373
263500 266 297
264000 266 333
264500 265 346
265000 265 359
265500 265 330
266000 264 352
266500 264 334
267000 264 314
267500 264 344
268000 264 342
268500 264 342
269000 263 331
269500 263 308
270000 262 372
270500 261 313
271000 261 349
271500 261 329
272000 261 291
272500 261 322
273000 260 344
273500 260 329
274000 260 314
274500 260 356
275000 260 348
275500 260 352
276000 260 370
276500 260 349
277000 260 286
277500 260 333
278000 260 325
278500 260 339
279000 260 339
279500 260 324
280000 260 292
280500 258 297
281000 258 309
281500 258 335
282000 256 363
282500 255 308
283000 255 345
283500 255 329
284000 255 333
284500 255 356
285000 255 311
285500 255 346
286000 255 321
286500 254 320
287000 254 351
287500 252 323
288000 251 302
288500 251 309
289000 251 318
289500 251 308
290000 251 307
290500 251 340
291000 251 347
291500 251 332
292000 251 329
292500 251 300
293000 251 339
293500 251 293
294000 251 373
294500 251 345
295000 251 321
295500 250 301
296000 250 327
296500 249 347
297000 249 312
297500 249 337
298000 249 307
298500 249 349
299000 249 300
299500 249 362
300000 249 324
300500 249 336
301000 249 362
301500 249 281
302000 247 325
302500 247 304
303000 247 355
303500 247 327
304000 247 307
304500 247 328
305000 247 352
305500 247 334
306000 247 344
306500 247 327
307000 247 258
307500 247 339
308000 247 280
308500 246 332
309000 245 308
309500 245 307
310000 244 325
310500 244 294
311000 244 291
311500 244 318
312000 244 333
312500 244 306
313000 244 348
313500 244 314
314000 242 303
314500 242 307
315000 242 337
315500 241 302
316000 241 354
316500 240 297
317000 240 290
317500 240 306
318000 240 319
318500 239 271
319000 239 286
319500 239 335
320000 239 339
320500 239 315
321000 239 319
321500 238 338
322000 238 311
322500 238 344
323000 237 307
323500 237 297
324000 237 298
324500 237 362
325000 236 301
325500 236 327
326000 236 320
326500 236 280
327000 236 280
327500 236 302
328000 236 291
328500 236 326
329000 236 305
329500 236 325
330000 236 304
330500 235 290
331000 234 298
331500 234 341
332000 234 317
332500 234 300
333000 234 294
333500 234 348
334000 234 317
334500 234 282
335000 234 323
335500 234 318
336000 233 295
336500 233 289
337000 233 305
337500 232 327
338000 232 304
338500 232 328
339000 232 343
339500 232 313
340000 232 305
340500 232 328
341000 232 321
341500 232 284
342000 231 295
342500 230 323
343000 230 289
343500 230 264
344000 230 302
344500 230 285
345000 230 326
345500 230 318
346000 230 289
346500 230 282
347000 230 285
347500 230 316
348000 229 283
348500 229 320
349000 229 305
349500 229 282
350000 229 336
350500 229 307
351000 229 307
351500 229 297
352000 228 311
352500 228 260
353000 228 275
353500 228 270
354000 228 304
354500 228 300
355000 228 283
355500 228 290
356000 228 318
356500 228 290
357000 228 370
357500 227 264
358000 226 319
358500 226 270
359000 226 309
359500 226 312
360000 226 326
360500 226 302
361000 226 309
361500 226 297
362000 226 343
362500 226 305
363000 225 281
363500 224 281
364000 224 302
364500 224 269
365000 224 286
365500 224 297
366000 224 327
366500 224 301
367000 224 296
367500 223 307
368000 223 247
368500 223 271
369000 222 297
369500 221 303
370000 219 290
370500 219 307
371000 219 257
371500 219 315
372000 219 311
372500 219 270
373000 219 317
373500 219 311
374000 219 316
374500 219 303
375000 219 298
375500 219 282
376000 219 285
376500 218 301
377000 218 270
377500 218 318
378000 218 284
378500 218 325
379000 218 276
379500 218 370
380000 218 294
380500 218 343
381000 217 261
381500 217 271
382000 217 289
382500 217 280
383000 217 360
383500 217 278
384000 217 281
384500 217 308
385000 217 304
385500 217 304
386000 216 272
386500 216 306
387000 216 287
387500 216 342
388000 216 285
388500 216 304
389000 216 295
389500 216 289
390000 216 315
390500 216 286
391000 216 305
391500 215 308
392000 214 299
392500 214 273
393000 214 303
393500 214 301
394000 214 268
394500 214 308
395000 214 291
395500 214 288
396000 214 233
396500 213 286
397000 213 344
397500 213 274
398000 213 305
398500 213 317
399000 213 267
399500 212 284
400000 212 305
400500 212 287
401000 212 271
401500 212 272
402000 212 277
402500 212 333
403000 212 274
403500 212 302
404000 212 278
404500 212 285
405000 212 269
405500 211 253
406000 211 313
406500 211 287
407000 211 294
407500 211 262
408000 211 286
408500 211 268
409000 211 278
409500 211 268
410000 211 271
410500 210 304
411000 210 318
411500 210 268
412000 210 284
412500 210 275
413000 210 326
413500 210 266
414000 210 336
414500 210 277
415000 210 309
415500 209 263
416000 209 309
416500 209 293
417000 209 313
417500 209 251
418000 209 286
418500 209 263
419000 209 310
419500 209 283
420000 209 283
420500 209 280
421000 209 276
421500 209 301
422000 209 297
422500 209 245
423000 209 297
423500 208 286
424000 208 265
424500 208 279
425000 208 263
425500 208 267
426000 208 302
426500 208 319
427000 208 270
427500 208 268
428000 208 336
428500 208 293
429000 207 274
429500 207 275
430000 206 276
430500 205 276
431000 205 270
431500 205 304
432000 205 276
432500 205 289
433000 205 272
433500 205 302
434000 205 263
434500 205 269
435000 205 327
435500 205 270
436000 205 278
436500 205 274
437000 203 298
437500 202 314
438000 202 278
438500 202 263
439000 202 276
439500 202 287
440000 202 288
440500 202 260
441000 202 258
441500 202 303
442000 202 259
442500 202 293
443000 202 273
443500 202 277
444000 202 283
444500 202 307
445000 202 298
445500 202 288
446000 202 342
446500 202 264
447000 202 255
447500 202 300
448000 202 299
448500 202 261
449000 202 264
449500 202 246
450000 201 241
450500 201 247
451000 201 309
451500 201 312
452000 201 280
452500 201 229
453000 200 278
453500 200 280
454000 200 275
454500 200 257
455000 200 291
455500 200 297
456000 200 316
456500 200 274
457000 200 286
457500 200 282
458000 200 247
458500 200 296
459000 200 286
459500 198 276
460000 198 303
460500 198 313
461000 198 315
461500 198 258
462000 198 304
462500 198 278
463000 198 265
463500 198 289
464000 198 276
464500 198 273
465000 198 314
465500 198 306
466000 198 293
466500 198 278
467000 198 262
467500 198 299
468000 198 299
468500 198 269
469000 198 304
469500 198 326
470000 198 321
470500 198 290
471000 198 281
471500 198 297
472000 198 297
472500 198 278
473000 198 312
473500 198 293
474000 198 301
474500 197 226
475000 197 279
475500 197 331
476000 197 262
476500 197 283
477000 197 292
477500 197 295
478000 197 248
478500 197 245
479000 197 284
479500 197 284
480000 197 275
480500 197 302
481000 197 295
481500 197 279
482000 196 302
482500 196 322
483000 196 267
483500 196 289
484000 196 283
484500 196 311
485000 196 329
485500 196 240
486000 196 344
486500 196 243
487000 196 272
487500 196 278
488000 196 292
488500 196 261
489000 196 304
489500 196 255
490000 196 288
490500 196 268
491000 196 302
491500 196 260
492000 196 238
492500 195 280
493000 195 279
493500 194 279
494000 194 257
494500 193 248
495000 193 270
495500 193 312
496000 193 318
496500 193 236
497000 193 270
497500 193 269
498000 193 330
498500 193 256
499000 193 294
499500 192 300
500000 192 251
500500 192 259
501000 192 233
501500 192 243
502000 192 279
502500 192 241
503000 192 291
503500 192 286
504000 192 281
504500 192 327
505000 192 242
505500 192 306
506000 192 256
506500 192 275
507000 192 251
507500 192 280
508000 192 263
508500 192 273
509000 192 248
509500 192 275
510000 192 233
510500 192 277
511000 192 231
511500 192 292
512000 191 301
512500 191 280
513000 191 371
513500 191 230
514000 191 264
514500 191 302
515000 191 269
515500 191 274
516000 191 242
516500 191 233
517000 191 258
517500 190 283
518000 190 312
518500 190 345
519000 190 277
519500 190 312
520000 190 281
520500 190 254
521000 190 276
521500 190 245
522000 190 254
522500 190 284
523000 190 281
523500 190 246
524000 190 294
524500 190 302
525000 190 248
525500 190 256
526000 190 279
526500 190 344
527000 190 292
527500 190 284
528000 190 268
528500 190 271
529000 190 315
529500 190 265
530000 190 285
530500 190 251
531000 190 264
531500 190 311
532000 190 278
532500 190 339
533000 190 265
533500 190 241
534000 190 260
534500 190 278
535000 190 251
535500 190 272
536000 190 264
536500 190 245
537000 190 294
537500 190 257
538000 190 225
538500 190 264
539000 190 291
539500 190 285
540000 190 311
540500 190 247
541000 190 298
541500 190 254
542000 190 265
542500 190 265
543000 190 255
543500 190 229
544000 190 285
544500 190 266
545000 190 287
545500 190 279
546000 190 255
546500 190 271
547000 190 273
547500 190 257
548000 190 287
548500 189 270
549000 189 246
549500 189 309
550000 189 295
550500 189 253
551000 189 281
551500 189 280
552000 189 248
552500 189 258
553000 189 259
553500 189 247
554000 189 245
554500 189 234
555000 189 260
555500 189 279
556000 189 248
556500 189 285
557000 189 291
557500 189 259
558000 189 269
558500 189 272
559000 189 282
559500 189 238
560000 189 245
560500 189 235
561000 189 224
561500 189 256
562000 189 240
562500 189 245
563000 189 302
563500 189 273
564000 189 278
564500 189 302
565000 189 294
565500 189 238
566000 189 307
566500 188 265
567000 188 262
567500 188 257
568000 188 272
568500 188 264
569000 188 286
569500 188 304
570000 188 303
570500 188 253
571000 188 281
571500 188 244
572000 188 260
572500 188 278
573000 188 270
573500 188 302
574000 188 279
574500 188 336
575000 188 326
575500 188 262
576000 188 279
576500 188 264
577000 188 250
577500 188 283
578000 188 286
578500 188 264
579000 188 295
579500 188 266
580000 188 275
580500 188 281
581000 188 274
581500 188 241
582000 188 315
582500 188 286
583000 188 268
583500 188 251
584000 188 270
584500 188 238
585000 188 285
585500 188 240
586000 188 296
586500 188 293
587000 188 258
587500 188 263
588000 188 231
588500 188 234
589000 188 256
589500 188 222
590000 188 244
590500 188 312
591000 188 257
591500 188 241
592000 188 268
592500 188 300
593000 188 294
593500 188 236
594000 188 264
594500 188 253
595000 188 325
595500 188 312
596000 188 261
596500 188 286
597000 188 337
597500 188 261
598000 188 327
598500 187 285
599000 187 263
599500 187 271
600000 187 265
600500 187 281
601000 187 236
601500 187 258
602000 187 259
602500 187 289
603000 187 256
603500 187 230
604000 187 255
604500 187 293
605000 186 236
605500 186 228
606000 186 303
606500 186 241
607000 186 237
607500 186 250
608000 186 267
608500 186 273
609000 186 341
609500 186 269
610000 186 268
610500 186 261
611000 186 233
611500 186 265
612000 186 282
612500 186 262
613000 186 245
613500 186 323
614000 186 242
614500 186 307
615000 186 322
615500 186 250
616000 186 261
616500 186 271
617000 185 290
617500 185 249
618000 184 236
618500 184 300
619000 184 275
619500 184 319
620000 184 288
620500 184 302
621000 183 261
621500 183 253
622000 183 264
622500 183 279
623000 183 237
623500 183 257
624000 183 251
624500 183 269
625000 183 273
625500 183 273
626000 183 255
626500 183 283
627000 183 233
627500 183 252
628000 183 248
628500 183 281
629000 183 318
629500 183 252
630000 183 294
630500 183 276
631000 183 283
631500 183 244
632000 183 241
632500 183 256
633000 183 243
633500 183 268
634000 183 261
634500 183 272
635000 183 271
635500 182 269
636000 182 260
636500 182 264
637000 182 291
637500 182 265
638000 182 257
638500 182 266
639000 182 251
639500 182 280
640000 182 246
640500 182 276
641000 182 269
641500 182 266
642000 182 262
642500 182 244
643000 182 276
643500 182 284
644000 182 319
644500 182 256
645000 182 264
645500 181 250
646000 181 280
646500 181 317
647000 181 267
647500 181 297
648000 181 268
648500 181 269
649000 181 240
649500 181 248
650000 181 302
650500 181 237
651000 181 233
651500 181 239
652000 181 266
652500 181 276
653000 181 282
653500 181 266
654000 181 256
654500 181 279
655000 181 274
655500 181 301
656000 181 260
656500 181 240
657000 181 254
657500 181 244
658000 181 251
658500 181 211
659000 181 264
659500 181 258
660000 181 283
660500 181 283
661000 181 255
661500 181 310
662000 181 230
662500 181 268
663000 181 249
663500 181 300
664000 181 279
664500 181 276
665000 181 255
665500 181 240
666000 181 291
666500 181 277
667000 181 274
667500 181 252
668000 181 228
668500 181 238
669000 181 240
669500 181 270
670000 181 253
670500 181 300
671000 181 338
671500 181 262
672000 181 221
672500 181 287
673000 181 236
673500 181 279
674000 181 282
674500 181 351
675000 181 275
675500 181 230
676000 181 235
676500 181 253
677000 181 270
677500 181 301
678000 181 296
678500 181 240
679000 181 257
679500 181 306
680000 181 287
680500 181 259
681000 181 266
681500 181 252
682000 181 262
682500 181 282
683000 181 276
683500 181 296
684000 181 222
684500 181 243
685000 181 295
685500 181 253
686000 180 255
686500 180 275
687000 180 242
687500 180 233
688000 180 229
688500 180 270
689000 180 322
689500 180 274
690000 180 275
690500 180 240
691000 180 249
691500 180 256
692000 180 290
692500 180 226
693000 180 273
693500 180 207
694000 180 241
694500 180 283
695000 180 234
695500 180 317
696000 180 308
696500 180 262
697000 180 271
697500 180 278
698000 180 251
698500 180 245
699000 180 290
699500 180 297
700000 180 259
700500 180 256
701000 180 292
701500 180 278
702000 180 248
702500 180 251
703000 180 305
703500 180 251
704000 180 251
704500 180 243
705000 180 294
705500 180 280
706000 180 263
706500 180 275
707000 180 251
707500 180 269
708000 180 277
708500 180 254
709000 180 257
709500 180 231
710000 180 249
710500 180 294
711000 180 272
711500 180 269
712000 179 234
712500 179 252
713000 179 293
713500 179 282
714000 179 252
714500 179 259
715000 179 248
715500 179 261
716000 179 247
716500 179 280
717000 178 280
717500 178 268
718000 178 253
718500 178 279
719000 178 286
719500 178 269
720000 178 273
720500 178 262
721000 178 280
721500 178 262
722000 178 289
722500 178 221
723000 178 266
723500 178 290
724000 178 256
724500 178 244
725000 178 276
725500 178 233
726000 178 259
726500 178 261
727000 178 263
727500 178 211
728000 178 265
728500 178 256
729000 178 248
729500 178 257
730000 178 269
730500 178 294
731000 178 219
731500 178 245
732000 178 248
732500 178 232
733000 178 273
733500 178 274
734000 178 250
734500 178 262
735000 178 275
735500 178 288
736000 178 248
736500 178 283
737000 178 283
737500 178 277
738000 178 226
738500 178 236
739000 178 240
739500 178 251
740000 178 241
740500 178 323
741000 178 294
741500 178 272
742000 178 286
742500 178 269
743000 178 288
743500 178 238
744000 178 304
744500 178 231
745000 178 261
745500 178 319
746000 178 261
746500 178 295
747000 178 244
747500 178 274
748000 178 270
748500 178 253
749000 177 231
749500 177 264
750000 177 286
750500 177 275
751000 177 278
751500 176 233
752000 176 258
752500 176 221
753000 176 281
753500 176 304
754000 175 235
754500 175 258
755000 175 248
755500 175 280
756000 175 262
756500 175 247
757000 175 266
757500 175 264
758000 175 295
758500 175 283
759000 175 269
759500 175 228
760000 175 286
760500 175 269
761000 175 253
761500 175 265
762000 175 302
762500 175 262
763000 175 262
763500 175 235
764000 175 310
764500 175 262
765000 175 229
765500 175 243
766000 175 278
766500 174 307
767000 174 238
767500 174 222
768000 174 264
768500 174 255
769000 174 244
769500 174 263
770000 174 280
770500 174 272
771000 174 312
771500 174 242
772000 174 229
772500 174 220
773000 174 297
773500 174 255
774000 172 280
774500 172 250
775000 172 214
775500 172 270
776000 172 265
776500 172 263
777000 172 265
777500 172 296
778000 172 263
778500 172 233
779000 172 310
779500 172 262
780000 172 249
780500 172 276
781000 172 315
781500 172 272
782000 172 238
782500 172 258
783000 172 238
783500 172 284
784000 172 248
784500 172 280
785000 172 226
785500 172 250
786000 172 246
786500 172 270
787000 172 279
787500 171 258
788000 171 249
788500 171 235
789000 171 285
789500 171 245
790000 171 288
790500 171 201
791000 171 249
791500 171 270
792000 171 264
792500 171 246
793000 171 262
793500 171 256
794000 171 251
794500 171 264
795000 171 284
795500 171 263
796000 171 244
796500 170 256
797000 170 294
797500 170 261
798000 170 276
798500 170 297
799000 170 258
799500 170 263
800000 170 237
800500 170 259
801000 170 261
801500 170 281
802000 170 229
802500 170 265
803000 169 250
803500 169 224
804000 169 254
804500 169 234
805000 169 284
805500 169 235
806000 169 276
806500 169 284
807000 169 201
807500 169 248
808000 169 250
808500 169 239
809000 169 229
809500 169 250
810000 169 269
810500 169 295
811000 169 239
811500 169 231
812000 169 259
812500 169 261
813000 169 297
813500 169 230
814000 169 224
814500 169 287
815000 169 290
815500 169 230
816000 169 275
816500 169 240
817000 169 255
817500 169 252
818000 169 287
818500 168 250
819000 168 249
819500 168 255
820000 168 220
820500 168 240
821000 168 244
821500 168 249
822000 168 251
822500 168 277
823000 168 239
823500 168 236
824000 168 248
824500 168 233
825000 168 293
825500 168 273
826000 168 266
826500 168 240
827000 168 256
827500 168 278
828000 168 240
828500 168 294
829000 168 295
829500 168 261
830000 168 263
830500 168 277
831000 168 283
831500 168 248
832000 168 241
832500 168 260
833000 168 254
833500 168 250
834000 168 295
834500 168 262
835000 168 251
835500 168 266
836000 168 239
836500 168 276
837000 168 261
837500 168 227
838000 168 213
838500 168 241
839000 168 234
839500 168 241
840000 168 295
840500 168 281
841000 168 271
841500 168 263
842000 168 213
842500 168 266
843000 168 281
843500 168 238
844000 168 265
844500 168 272
845000 168 264
845500 168 233
846000 168 262
846500 168 263
847000 168 257
847500 168 304
848000 168 221
848500 168 238
849000 168 237
849500 168 314
850000 168 233
850500 168 277
851000 168 199
851500 168 201
852000 168 239
852500 168 244
853000 167 194
853500 167 252
854000 167 224
854500 167 245
855000 167 260
855500 167 203
856000 167 259
856500 167 325
857000 167 287
857500 167 272
858000 167 238
858500 167 246
859000 167 238
859500 167 265
860000 167 210
860500 167 266
861000 167 236
861500 167 273
862000 167 252
862500 167 270
863000 167 258
863500 167 292
864000 167 263
864500 167 257
865000 167 265
865500 167 257
866000 167 220
866500 167 205
867000 167 286
867500 167 234
868000 167 295
868500 167 278
869000 167 265
869500 167 286
870000 167 254
870500 167 331
871000 167 233
871500 167 253
872000 167 244
872500 167 234
873000 166 216
873500 166 228
874000 166 257
874500 166 241
875000 166 249
875500 166 250
876000 166 276
876500 166 241
877000 166 239
877500 166 233
878000 166 235
878500 166 244
879000 166 312
879500 166 272
880000 166 247
880500 166 228
881000 166 246
881500 166 245
882000 166 234
882500 166 198
883000 166 272
883500 166 291
884000 166 229
884500 166 236
885000 166 296
885500 166 221
886000 166 240
886500 166 271
887000 166 222
887500 166 245
888000 166 251
888500 166 256
889000 166 234
889500 166 285
890000 166 243
890500 166 285
891000 166 251
891500 166 226
892000 166 248
892500 166 263
893000 166 247
893500 166 230
894000 166 275
894500 166 249
895000 165 314
895500 165 237
896000 165 265
896500 165 313
897000 164 232
897500 164 235
898000 164 229
898500 164 288
899000 164 273
899500 164 201
900000 164 242
900500 164 251
901000 164 217
901500 164 240
902000 164 258
902500 164 224
903000 164 263
903500 164 230
904000 164 217
904500 164 231
905000 164 247
905500 164 268
906000 164 254
906500 164 246
907000 164 268
907500 164 266
908000 164 258
908500 164 272
909000 164 273
909500 164 248
910000 164 263
910500 164 268
911000 164 306
911500 164 240
912000 164 232
912500 164 221
913000 164 276
913500 164 256
914000 164 284
914500 163 242
915000 163 242
915500 163 251
916000 163 236
916500 163 231
917000 163 270
917500 163 255
918000 163 259
918500 163 229
919000 163 306
919500 163 260
920000 163 280
920500 163 241
921000 163 219
921500 163 252
922000 163 221
922500 163 256
923000 163 269
923500 163 236
924000 163 250
924500 163 296
925000 163 258
925500 163 250
926000 163 242
926500 163 268
927000 163 247
927500 163 240
928000 163 259
928500 163 261
929000 163 259
929500 163 248
930000 163 259
930500 163 206
931000 163 251
931500 163 226
932000 163 244
932500 163 216
933000 163 264
933500 163 298
934000 163 207
934500 163 276
935000 163 257
935500 163 250
936000 163 271
936500 163 263
937000 163 248
937500 163 261
938000 163 247
938500 163 228
939000 163 276
939500 163 240
940000 163 239
940500 163 255
941000 163 207
941500 163 240
942000 163 252
942500 163 204
943000 163 261
943500 163 282
944000 163 290
944500 163 243
945000 163 263
945500 163 245
946000 163 294
946500 163 241
947000 163 301
947500 163 273
948000 163 277
948500 163 294
949000 163 251
949500 163 226
950000 163 271
950500 163 237
951000 163 241
951500 163 244
952000 163 247
952500 163 277
953000 163 301
953500 163 241
954000 163 233
954500 163 267
955000 163 247
955500 163 290
956000 162 302
956500 162 246
957000 162 272
957500 162 263
958000 162 226
958500 162 238
959000 162 203
959500 162 254
960000 162 243
960500 162 238
961000 162 288
961500 162 254
962000 162 248
962500 162 240
963000 162 212
963500 162 236
964000 162 290
964500 162 258
965000 162 247
965500 162 220
966000 162 273
966500 162 224
967000 162 251
967500 162 227
968000 162 262
968500 162 218
969000 162 278
969500 162 281
970000 162 256
970500 162 259
971000 162 315
971500 162 250
972000 162 217
972500 162 222
973000 162 222
973500 162 209
974000 162 242
974500 162 268
975000 162 251
975500 162 238
976000 162 299
976500 162 253
977000 162 242
977500 162 239
978000 162 218
978500 162 264
979000 162 255
979500 162 223
980000 162 200
980500 162 264
981000 162 321
981500 162 230
982000 162 224
982500 162 297
983000 162 253
983500 162 201
984000 162 208
984500 162 218
985000 162 250
985500 162 235
986000 162 241
986500 162 255
987000 162 259
987500 162 257
988000 162 225
988500 162 263
989000 162 229
989500 162 213
990000 162 225
990500 162 277
991000 162 213
991500 162 262
992000 162 232
992500 162 227
993000 162 248
993500 162 229
994000 162 256
994500 162 222
995000 162 239
995500 162 268
996000 162 224
996500 162 269
997000 162 233
997500 162 221
998000 162 244
998500 162 239
999000 162 229
999500 162 230
1000000 162 283
1000500 162 248
1001000 162 232
1001500 162 266
1002000 162 262
1002500 162 228
1003000 162 251
1003500 162 245
1004000 162 255
1004500 162 257
1005000 162 274
1005500 162 223
1006000 162 206
1006500 162 267
1007000 162 260
1007500 162 277
1008000 162 251
1008500 162 274
1009000 162 234
1009500 162 256
1010000 162 250
1010500 162 215
1011000 162 264
1011500 162 266
1012000 162 279
1012500 162 260
1013000 162 221
1013500 162 298
1014000 162 248
1014500 162 259
1015000 162 270
1015500 162 237
1016000 162 212
1016500 162 221
1017000 162 221
1017500 162 282
1018000 162 227
1018500 162 246
1019000 162 189
1019500 162 267
1020000 162 256
1020500 162 225
1021000 162 230
1021500 162 279
1022000 162 245
1022500 162 256
1023000 162 212
1023500 161 237
1024000 161 240
1024500 161 260
1025000 161 249
1025500 160 289
1026000 160 284
1026500 160 212
1027000 160 282
1027500 160 262
1028000 160 232
1028500 160 247
1029000 160 247
1029500 160 267
1030000 160 220
1030500 160 305
1031000 160 253
1031500 160 252
1032000 160 258
1032500 160 226
1033000 160 245
1033500 160 212
1034000 160 220
1034500 160 266
1035000 160 232
1035500 160 234
1036000 160 312
1036500 160 287
1037000 160 242
1037500 160 236
1038000 160 256
1038500 160 238
1039000 160 214
1039500 160 247
1040000 160 262
1040500 160 204
1041000 160 283
1041500 160 246
1042000 160 221
1042500 160 233
1043000 160 266
1043500 160 301
1044000 160 271
1044500 160 275
1045000 160 246
1045500 160 242
1046000 160 292
1046500 160 225
1047000 160 207
1047500 160 250
1048000 160 301
1048500 160 254
1049000 160 254
1049500 160 256
1050000 160 232
1050500 160 246
1051000 160 246
1051500 160 206
1052000 160 276
1052500 160 274
1053000 160 225
1053500 160 240
1054000 160 285
1054500 160 275
1055000 160 235
1055500 160 231
1056000 160 241
1056500 160 287
1057000 159 224
1057500 159 222
1058000 159 246
1058500 159 249
1059000 159 257
1059500 159 248
1060000 159 222
1060500 159 244
1061000 159 223
1061500 159 225
1062000 159 218
1062500 159 277
1063000 159 268
1063500 159 234
1064000 159 273
1064500 159 244
1065000 159 227
1065500 159 250
1066000 159 244
1066500 159 243
1067000 159 222
1067500 159 215
1068000 159 261
1068500 159 222
1069000 159 241
1069500 159 217
1070000 159 258
1070500 159 227
1071000 159 244
1071500 159 235
1072000 159 268
1072500 159 215
1073000 159 271
1073500 159 240
1074000 159 229
1074500 159 283
1075000 159 251
1075500 159 225
1076000 159 247
1076500 159 269
1077000 159 258
1077500 159 220
1078000 159 272
1078500 159 215
1079000 159 271
1079500 159 224
1080000 158 245
1080500 158 217
1081000 158 273
1081500 158 277
1082000 158 278
1082500 158 302
1083000 158 251
1083500 158 245
1084000 158 233
1084500 158 282
1085000 158 244
1085500 158 261
1086000 158 262
1086500 158 227
1087000 158 241
1087500 158 245
1088000 158 250
1088500 158 218
1089000 158 304
1089500 158 237
1090000 158 230
1090500 158 243
1091000 158 288
1091500 158 269
1092000 158 278
1092500 158 306
1093000 158 241
1093500 158 213
1094000 158 229
1094500 158 270
1095000 158 262
1095500 158 249
1096000 158 239
1096500 158 207
1097000 158 273
1097500 158 222
1098000 158 210
1098500 158 259
1099000 158 258
1099500 158 255
1100000 158 190
1100500 158 277
1101000 158 224
1101500 158 254
1102000 158 245
1102500 158 249
1103000 158 229
1103500 158 198
1104000 158 226
1104500 158 270
1105000 158 249
1105500 158 256
1106000 158 235
1106500 158 257
1107000 158 247
1107500 158 257
1108000 158 242
1108500 158 279
1109000 158 188
1109500 158 219
1110000 158 223
1110500 158 248
1111000 158 206
1111500 158 244
1112000 158 246
1112500 158 251
1113000 158 233
1113500 158 276
1114000 158 239
1114500 158 185
1115000 158 299
1115500 158 227
1116000 158 240
1116500 158 270
1117000 158 224
1117500 158 242
1118000 158 264
1118500 158 280
1119000 158 237
1119500 158 326
1120000 158 262
1120500 158 201
1121000 158 197
1121500 158 279
1122000 158 244
1122500 158 239
1123000 158 259
1123500 158 235
1124000 158 229
1124500 158 207
1125000 158 219
1125500 158 243
1126000 158 230
1126500 158 267
1127000 158 209
1127500 158 291
1128000 158 237
1128500 158 234
1129000 158 247
1129500 158 200
1130000 158 257
1130500 158 244
1131000 158 217
1131500 158 223
1132000 158 259
1132500 158 281
1133000 158 235
1133500 158 210
1134000 158 243
1134500 158 251
1135000 158 216
1135500 158 236
1136000 158 248
1136500 158 274
1137000 158 238
1137500 158 223
1138000 158 233
1138500 158 223
1139000 158 258
1139500 158 234
1140000 158 300
1140500 158 284
1141000 158 256
1141500 158 274
1142000 158 243
1142500 158 268
1143000 158 201
1143500 158 274
1144000 158 227
1144500 158 234
1145000 158 258
1145500 158 245
1146000 158 260
1146500 158 253
1147000 158 299
1147500 158 238
1148000 157 288
1148500 157 246
1149000 157 242
1149500 157 250
1150000 157 233
1150500 156 252
1151000 156 243
1151500 156 230
1152000 156 187
1152500 156 215
1153000 156 231
1153500 156 245
1154000 156 221
1154500 156 275
1155000 156 264
1155500 156 228
1156000 156 276
1156500 156 235
1157000 156 230
1157500 155 229
1158000 155 242
1158500 155 295
1159000 155 229
1159500 155 318
1160000 155 258
1160500 155 272
1161000 155 226
1161500 155 248
1162000 155 223
1162500 155 227
1163000 155 239
1163500 155 275
1164000 155 258
1164500 155 252
e
