0 40 43
500 24 31
1000 22 29
1500 22 31
2000 22 29
2500 21 28
3000 21 30
3500 21 30
4000 21 29
4500 21 29
5000 21 29
5500 21 29
6000 21 30
6500 21 29
7000 21 30
7500 21 29
8000 21 28
8500 21 29
9000 21 28
9500 21 30
10000 20 28
10500 20 28
11000 20 29
11500 20 28
12000 20 27
12500 19 28
13000 19 29
13500 18 27
14000 18 27
14500 18 26
15000 18 28
15500 18 28
16000 18 26
16500 18 28
17000 18 27
17500 18 28
18000 17 27
18500 17 26
19000 17 26
19500 17 25
20000 17 26
20500 17 26
21000 17 28
21500 17 27
22000 17 26
22500 17 27
23000 17 27
23500 17 25
24000 17 27
24500 17 27
25000 17 27
25500 17 26
26000 17 27
26500 17 27
27000 17 27
27500 17 28
28000 17 25
28500 17 24
29000 17 26
29500 17 27
30000 17 24
30500 17 27
31000 17 26
31500 17 26
32000 17 26
32500 17 25
33000 17 26
33500 17 26
34000 17 26
34500 17 28
35000 17 27
35500 17 27
36000 17 24
36500 17 25
37000 17 28
37500 17 26
38000 17 27
38500 17 27
39000 17 24
39500 17 25
40000 17 26
40500 17 26
41000 17 26
41500 17 27
42000 17 27
42500 17 26
43000 17 27
43500 17 25
44000 17 27
44500 17 26
45000 17 26
45500 17 26
46000 17 29
46500 17 25
47000 17 27
47500 17 25
48000 17 25
48500 17 27
49000 17 28
49500 17 25
50000 17 27
50500 17 27
51000 17 27
51500 17 27
52000 17 27
52500 17 27
53000 17 26
53500 17 27
54000 17 27
54500 17 28
55000 17 27
55500 17 26
56000 17 26
56500 17 28
57000 17 26
57500 17 26
58000 17 27
58500 17 26
59000 17 29
59500 17 25
60000 17 27
60500 17 25
61000 17 27
61500 17 27
62000 17 26
62500 17 28
63000 17 26
63500 17 24
64000 17 26
64500 17 26
65000 17 25
65500 17 25
66000 17 26
66500 17 27
67000 17 27
67500 17 26
68000 17 27
68500 17 26
69000 17 26
69500 17 25
70000 17 25
70500 17 26
71000 17 27
71500 17 25
72000 17 26
72500 17 25
73000 17 25
73500 17 27
74000 17 25
74500 17 26
75000 17 28
75500 17 26
76000 17 26
76500 17 28
77000 17 26
77500 17 26
78000 17 27
78500 17 25
79000 17 26
79500 17 28
80000 17 25
80500 17 28
81000 17 26
81500 17 25
82000 17 26
82500 17 25
83000 17 27
83500 17 26
84000 17 27
84500 17 26
85000 17 25
85500 17 25
86000 17 27
86500 17 24
87000 17 26
87500 17 27
88000 17 26
88500 17 28
89000 17 25
89500 17 27
90000 17 26
90500 17 23
91000 17 25
91500 17 25
92000 17 27
92500 17 26
93000 17 27
93500 17 26
94000 17 26
94500 17 26
95000 17 26
95500 17 26
96000 17 29
96500 17 29
97000 17 27
97500 17 27
98000 17 26
98500 17 25
99000 17 25
99500 17 27
100000 17 28
100500 17 25
101000 17 25
101500 17 26
102000 17 26
102500 17 26
103000 17 26
103500 17 27
104000 17 26
104500 17 27
105000 17 26
105500 17 26
106000 17 26
106500 17 25
107000 17 27
107500 17 26
108000 17 26
108500 17 25
109000 17 27
109500 17 25
110000 17 27
110500 17 26
111000 17 26
111500 17 25
112000 17 26
112500 17 26
113000 17 25
113500 17 25
114000 17 27
114500 17 25
115000 17 28
115500 17 24
116000 17 27
116500 17 26
117000 17 26
117500 17 26
118000 17 26
118500 17 25
119000 17 26
119500 17 28
120000 17 26
120500 17 27
121000 17 27
121500 17 25
122000 17 26
122500 17 27
123000 17 26
123500 17 26
124000 17 25
124500 17 25
125000 17 24
125500 17 26
126000 17 27
126500 17 27
127000 17 25
127500 17 26
128000 17 25
128500 17 25
129000 17 27
129500 17 27
130000 17 25
130500 17 27
131000 17 28
131500 17 27
132000 17 26
132500 17 26
133000 17 26
133500 17 27
134000 17 27
134500 17 25
135000 17 26
135500 17 26
136000 17 27
136500 17 26
137000 17 25
137500 17 27
138000 17 25
138500 17 25
139000 17 26
139500 17 26
140000 17 27
140500 17 27
141000 17 25
141500 17 28
142000 17 28
142500 17 25
143000 17 25
143500 17 26
144000 17 26
144500 17 26
145000 17 26
145500 17 27
146000 17 25
146500 17 24
147000 17 27
147500 17 27
148000 17 26
148500 17 26
149000 17 27
149500 17 25
150000 17 28
150500 17 26
151000 17 24
151500 17 25
152000 17 28
152500 17 26
153000 17 27
153500 17 25
154000 17 25
154500 17 25
155000 17 26
155500 17 27
156000 17 25
156500 17 26
157000 17 29
157500 17 27
158000 17 28
158500 17 25
159000 17 26
159500 17 25
160000 17 25
160500 17 26
161000 17 26
161500 17 27
162000 17 25
162500 17 27
163000 17 24
163500 17 26
164000 17 25
164500 17 28
165000 17 27
165500 17 27
166000 17 26
166500 17 26
167000 17 27
167500 17 25
168000 17 25
168500 17 28
169000 17 26
169500 17 25
170000 17 26
170500 17 26
171000 17 25
171500 17 28
172000 17 25
172500 17 24
173000 17 26
173500 17 27
174000 17 27
174500 17 27
175000 17 28
175500 17 27
176000 17 24
176500 17 27
177000 17 27
177500 17 26
178000 17 27
178500 17 28
179000 17 25
179500 17 26
180000 17 26
180500 17 27
181000 17 26
181500 17 24
182000 17 26
182500 17 26
183000 17 25
183500 17 25
184000 17 26
184500 17 27
185000 17 26
185500 17 27
186000 17 26
186500 17 28
187000 17 25
187500 17 28
188000 17 26
188500 17 26
189000 17 25
189500 17 27
190000 17 26
190500 17 25
191000 17 27
191500 17 27
192000 17 28
192500 17 28
193000 17 25
193500 17 28
194000 17 26
194500 17 26
195000 17 29
195500 17 26
196000 17 25
196500 17 26
197000 17 28
197500 17 27
198000 17 28
198500 17 26
199000 17 25
199500 17 27
200000 17 26
200500 17 26
201000 17 25
201500 17 27
202000 17 27
202500 17 25
203000 17 26
203500 17 27
204000 17 28
204500 17 28
205000 17 27
205500 17 27
206000 17 25
206500 17 28
207000 17 26
207500 17 26
208000 17 27
208500 17 26
209000 17 26
209500 17 26
210000 17 26
210500 17 25
211000 17 27
211500 17 27
212000 17 27
212500 17 24
213000 17 26
213500 17 26
214000 17 27
214500 17 27
215000 17 26
215500 17 25
216000 17 27
216500 17 25
217000 17 26
217500 17 28
218000 17 27
218500 17 25
219000 17 27
219500 17 26
220000 17 26
220500 17 26
221000 17 27
221500 17 24
222000 17 26
222500 17 27
223000 17 27
223500 17 26
224000 17 26
224500 17 25
225000 17 25
225500 17 26
226000 17 27
226500 17 26
227000 17 25
227500 17 29
228000 17 26
228500 17 27
229000 17 25
229500 17 24
230000 17 27
230500 17 26
231000 17 27
231500 17 25
232000 17 26
232500 17 26
233000 17 26
233500 17 25
234000 17 27
234500 17 27
235000 17 26
235500 17 25
236000 17 27
236500 17 26
237000 17 26
237500 17 26
238000 17 25
238500 17 25
239000 17 27
239500 17 27
240000 17 25
240500 17 26
241000 17 28
241500 17 26
242000 17 24
242500 17 26
243000 17 25
243500 17 27
244000 17 27
244500 17 26
245000 17 27
245500 17 26
246000 17 28
246500 17 25
247000 17 26
247500 17 25
248000 17 23
248500 17 26
249000 17 29
249500 17 27
250000 17 24
250500 17 26
251000 17 26
251500 17 27
252000 17 26
252500 17 26
253000 17 25
253500 17 27
254000 17 25
254500 17 26
255000 17 26
255500 17 27
256000 17 27
256500 17 26
257000 17 25
257500 17 26
258000 17 27
258500 17 27
259000 17 25
259500 17 26
260000 17 26
260500 17 27
261000 17 27
261500 17 24
262000 17 26
262500 17 28
263000 17 27
263500 17 29
264000 17 27
264500 17 26
265000 17 28
265500 17 25
266000 17 27
266500 17 26
267000 17 27
267500 17 27
268000 17 30
268500 17 26
269000 17 26
269500 17 26
270000 17 26
270500 17 25
271000 17 26
271500 17 26
272000 17 26
272500 17 26
273000 17 27
273500 17 25
274000 17 26
274500 17 26
275000 17 25
275500 17 25
276000 17 26
276500 17 24
277000 17 26
277500 17 26
278000 17 26
278500 17 28
279000 17 25
279500 17 26
280000 17 28
280500 17 27
281000 17 25
281500 17 27
282000 17 25
282500 17 24
283000 17 25
283500 17 27
284000 17 26
284500 17 26
285000 17 27
285500 17 26
286000 17 24
286500 17 28
287000 17 26
287500 17 26
288000 17 26
288500 17 25
289000 17 27
289500 17 25
290000 17 26
290500 17 29
291000 17 28
291500 17 26
292000 17 24
292500 17 27
293000 17 26
293500 17 27
294000 17 26
294500 17 28
295000 17 27
295500 17 26
296000 17 27
296500 17 27
297000 17 24
297500 17 26
298000 17 27
298500 17 27
299000 17 27
299500 17 28
300000 17 26
300500 17 24
301000 17 27
301500 17 27
302000 17 25
302500 17 26
303000 17 28
303500 17 26
304000 17 27
304500 17 27
305000 17 26
305500 17 26
306000 17 27
306500 17 24
307000 17 26
307500 17 26
308000 17 28
308500 17 26
309000 17 26
309500 17 26
310000 17 25
310500 17 25
311000 17 26
311500 17 27
312000 17 28
312500 17 26
313000 17 27
313500 17 26
314000 17 27
314500 17 25
315000 17 27
315500 17 25
316000 17 25
316500 17 26
317000 17 25
317500 17 26
318000 17 28
318500 17 26
319000 17 25
319500 17 26
320000 17 27
320500 17 24
321000 17 27
321500 17 27
322000 17 27
322500 17 26
323000 17 27
323500 17 27
324000 17 27
324500 17 28
325000 17 26
325500 17 26
326000 17 26
326500 17 26
327000 17 27
327500 17 25
328000 17 25
328500 17 25
329000 17 26
329500 17 25
330000 17 26
330500 17 25
331000 17 28
331500 17 25
332000 17 28
332500 17 26
333000 17 27
333500 17 26
334000 17 28
334500 17 26
335000 17 26
335500 17 27
336000 17 27
336500 17 27
337000 17 25
337500 17 27
338000 17 28
338500 17 27
339000 17 26
339500 17 25
340000 17 26
340500 17 26
341000 17 26
341500 17 25
342000 17 24
342500 17 26
343000 17 26
343500 17 27
344000 17 26
344500 17 27
345000 17 28
345500 17 26
346000 17 26
346500 17 26
347000 17 26
347500 17 25
348000 17 27
348500 17 28
349000 17 27
349500 17 27
350000 17 27
350500 17 27
351000 17 27
351500 17 27
352000 17 25
352500 17 28
353000 17 29
353500 17 25
354000 17 26
354500 17 27
355000 16 25
355500 16 27
356000 16 25
356500 16 27
357000 16 27
357500 16 26
358000 16 27
358500 16 28
359000 16 28
359500 16 26
360000 16 27
360500 16 28
361000 16 25
361500 16 27
362000 16 26
362500 16 27
363000 16 26
363500 16 27
364000 16 28
364500 16 23
365000 16 25
365500 16 27
366000 16 26
366500 16 26
367000 16 28
367500 16 26
368000 16 26
368500 16 27
369000 16 26
369500 16 26
370000 16 27
370500 16 26
371000 16 26
371500 16 26
372000 16 26
372500 16 27
373000 16 27
373500 16 26
374000 16 28
374500 16 24
375000 16 26
375500 16 28
376000 16 27
376500 16 28
377000 16 25
377500 16 26
378000 16 25
378500 16 26
379000 16 27
379500 16 27
380000 16 25
380500 16 25
381000 16 27
381500 16 25
382000 16 26
382500 16 27
383000 16 27
383500 16 27
384000 16 28
384500 16 28
385000 16 26
385500 16 27
386000 16 26
386500 16 25
387000 16 25
387500 16 26
388000 16 25
388500 16 27
389000 16 28
389500 16 27
390000 16 27
390500 16 27
391000 16 25
391500 16 25
392000 16 26
392500 16 26
393000 16 27
393500 16 27
394000 16 26
394500 16 26
395000 16 27
395500 16 26
396000 16 25
396500 16 27
397000 16 26
397500 16 25
398000 16 28
398500 16 26
399000 16 26
399500 16 27
400000 16 26
400500 16 25
401000 16 26
401500 16 25
402000 16 28
402500 16 28
403000 16 28
403500 16 26
404000 16 25
404500 16 28
405000 16 26
405500 16 27
406000 16 25
406500 16 26
407000 16 26
407500 16 26
408000 16 26
408500 16 26
409000 16 26
409500 16 27
410000 16 25
410500 16 27
411000 16 27
411500 16 26
412000 16 25
412500 16 26
413000 16 27
413500 16 27
414000 16 27
414500 16 26
415000 16 29
415500 16 27
416000 16 26
416500 16 25
417000 16 28
417500 16 26
418000 16 28
418500 16 24
419000 16 27
419500 16 26
420000 16 27
420500 16 28
421000 16 26
421500 16 26
422000 16 28
422500 16 24
423000 16 26
423500 16 26
424000 16 25
424500 16 26
425000 16 25
425500 16 26
426000 16 28
426500 16 26
427000 16 26
427500 16 26
428000 16 26
428500 16 23
429000 16 25
429500 16 26
430000 16 28
430500 16 27
431000 16 26
431500 16 26
432000 16 25
432500 16 25
433000 16 25
433500 16 25
434000 16 25
434500 16 26
435000 16 28
435500 16 27
436000 16 27
436500 16 25
437000 16 27
437500 16 27
438000 16 27
438500 16 28
439000 16 27
439500 16 27
440000 16 26
440500 16 26
441000 16 25
441500 16 28
442000 16 26
442500 16 25
443000 16 26
443500 16 26
444000 16 25
444500 16 29
445000 16 28
445500 16 25
446000 16 27
446500 16 27
447000 16 26
447500 16 24
448000 16 25
448500 16 27
449000 16 26
449500 16 27
450000 16 29
450500 16 26
451000 16 26
451500 16 26
452000 16 27
452500 16 24
453000 16 27
453500 16 28
454000 16 27
454500 16 27
455000 16 26
455500 16 25
456000 16 26
456500 16 28
457000 16 27
457500 16 28
458000 16 26
458500 16 26
459000 16 28
459500 16 26
460000 16 25
460500 16 24
461000 16 28
461500 16 26
462000 16 26
462500 16 25
463000 16 28
463500 16 27
464000 16 26
464500 16 27
465000 16 26
465500 16 25
466000 16 25
466500 16 26
467000 16 27
467500 16 26
468000 16 27
468500 16 27
469000 16 25
469500 16 27
470000 16 27
470500 16 26
471000 16 27
471500 16 27
472000 16 28
472500 16 26
473000 16 26
473500 16 28
474000 16 26
474500 16 27
475000 16 26
475500 16 26
476000 16 27
476500 16 26
477000 16 26
477500 16 26
478000 16 27
478500 16 28
479000 16 26
479500 16 27
480000 16 26
480500 16 26
481000 16 27
481500 16 25
482000 16 27
482500 16 25
483000 16 25
483500 16 26
484000 16 25
484500 16 27
485000 16 26
485500 16 24
486000 16 27
486500 16 27
487000 16 27
487500 16 28
488000 16 26
488500 16 27
489000 16 27
489500 16 28
490000 16 26
490500 16 26
491000 16 26
491500 16 26
492000 16 25
492500 16 26
493000 16 26
493500 16 25
494000 16 27
494500 16 25
495000 16 26
495500 16 26
496000 16 26
496500 16 27
497000 16 26
497500 16 26
498000 16 25
498500 16 25
499000 16 26
499500 16 27
500000 16 27
500500 16 27
501000 16 26
501500 16 26
502000 16 25
502500 16 26
503000 16 27
503500 16 27
504000 16 26
504500 16 27
505000 16 28
505500 16 26
506000 16 26
506500 16 26
507000 16 25
507500 16 25
508000 16 24
508500 16 26
509000 16 26
509500 16 25
510000 16 27
510500 16 26
511000 16 26
511500 16 26
512000 16 25
512500 16 27
513000 16 27
513500 16 28
514000 16 26
514500 16 26
515000 16 26
515500 16 27
516000 16 28
516500 16 28
517000 16 26
517500 16 27
518000 16 27
518500 16 26
519000 16 28
519500 16 28
520000 16 26
520500 16 26
521000 16 26
521500 16 27
522000 16 26
522500 16 27
523000 16 25
523500 16 26
524000 16 26
524500 16 26
525000 16 24
525500 16 25
526000 16 26
526500 16 26
527000 16 26
527500 16 27
528000 16 25
528500 16 25
529000 16 26
529500 16 29
530000 16 26
530500 16 28
531000 16 26
531500 16 26
532000 16 26
532500 16 27
533000 16 26
533500 16 26
534000 16 25
534500 16 25
535000 16 26
535500 16 26
536000 16 26
536500 16 25
537000 16 26
537500 16 26
538000 16 27
538500 16 26
539000 16 27
539500 16 26
540000 16 25
540500 16 25
541000 16 27
541500 16 27
542000 16 26
542500 16 26
543000 16 27
543500 16 27
544000 16 25
544500 16 27
545000 16 26
545500 16 26
546000 16 26
546500 16 25
547000 16 26
547500 16 25
548000 16 26
548500 16 26
549000 16 26
549500 16 26
550000 16 26
550500 16 27
551000 16 26
551500 16 27
552000 16 25
552500 16 26
553000 16 27
553500 16 27
554000 16 27
554500 16 26
555000 16 25
555500 16 26
556000 16 27
556500 16 27
557000 16 26
557500 16 26
558000 16 25
558500 16 26
559000 16 27
559500 16 26
560000 16 28
560500 16 27
561000 16 25
561500 16 28
562000 16 26
562500 16 28
563000 16 25
563500 16 26
564000 16 26
564500 16 26
565000 16 25
565500 16 26
566000 16 24
566500 16 26
567000 16 27
567500 16 25
568000 16 27
568500 16 27
569000 16 26
569500 16 27
570000 16 25
570500 16 27
571000 16 26
571500 16 26
572000 16 29
572500 16 26
573000 16 26
573500 16 28
574000 16 26
574500 16 29
575000 16 27
575500 16 28
576000 16 26
576500 16 25
577000 16 27
577500 16 27
578000 16 27
578500 16 26
579000 16 26
579500 16 25
580000 16 25
580500 16 27
581000 16 26
581500 16 27
582000 16 27
582500 16 28
583000 16 27
583500 16 27
584000 16 26
584500 16 26
585000 16 26
585500 16 26
586000 16 25
586500 16 25
587000 16 25
587500 16 27
588000 16 26
588500 16 25
589000 16 27
589500 16 27
590000 16 25
590500 16 24
591000 16 26
591500 16 28
592000 16 27
592500 16 27
593000 16 26
593500 16 25
594000 16 26
594500 16 26
595000 16 26
595500 16 26
596000 16 27
596500 16 25
597000 16 26
597500 16 27
598000 16 28
598500 16 27
599000 16 26
599500 16 26
600000 16 26
600500 16 27
601000 16 28
601500 16 27
602000 16 26
602500 16 25
603000 16 26
603500 16 26
604000 16 27
604500 16 25
605000 16 26
605500 16 26
606000 16 27
606500 16 26
607000 16 26
607500 16 25
608000 16 25
608500 16 26
609000 16 27
609500 16 26
610000 16 28
610500 16 26
611000 16 26
611500 16 26
612000 16 28
612500 16 25
613000 16 27
613500 16 26
614000 16 25
614500 16 25
615000 16 27
615500 16 26
616000 16 26
616500 16 25
617000 16 25
617500 16 26
618000 16 26
618500 16 27
619000 16 27
619500 16 23
620000 16 26
620500 16 26
621000 16 27
621500 16 25
622000 16 26
622500 16 24
623000 16 26
623500 16 28
624000 16 25
624500 16 26
625000 16 25
625500 16 25
626000 16 26
626500 16 26
627000 16 26
627500 16 27
628000 16 24
628500 16 27
629000 16 26
629500 16 25
630000 16 26
630500 16 28
631000 16 26
631500 16 27
632000 16 26
632500 16 27
633000 16 26
633500 16 25
634000 16 25
634500 16 26
635000 16 27
635500 16 26
636000 16 25
636500 16 26
637000 16 26
637500 16 27
638000 16 27
638500 16 25
639000 16 28
639500 16 27
640000 16 26
640500 16 24
641000 16 24
641500 16 27
642000 16 25
642500 16 27
643000 16 25
643500 16 27
644000 16 28
644500 16 27
645000 16 24
645500 16 28
646000 16 26
646500 16 26
647000 16 27
647500 16 25
648000 16 26
648500 16 25
649000 16 28
649500 16 25
650000 16 26
650500 16 26
651000 16 26
651500 16 26
652000 16 26
652500 16 24
653000 16 27
653500 16 25
654000 16 27
654500 16 27
655000 16 26
655500 16 26
656000 16 25
656500 16 27
657000 16 27
657500 16 28
658000 16 26
658500 16 25
659000 16 28
659500 16 25
660000 16 25
660500 16 26
661000 16 27
661500 16 26
662000 16 26
662500 16 25
663000 16 26
663500 16 28
664000 16 25
664500 16 28
665000 16 25
665500 16 25
666000 16 28
666500 16 25
667000 16 27
667500 16 26
668000 16 26
668500 16 25
669000 16 26
669500 16 26
670000 16 27
670500 16 26
671000 16 27
671500 16 26
672000 16 24
672500 16 27
673000 16 26
673500 16 26
674000 16 28
674500 16 27
675000 16 27
675500 16 25
676000 16 26
676500 16 27
677000 16 28
677500 16 26
678000 16 29
678500 16 26
679000 16 27
679500 16 25
680000 16 25
680500 16 28
681000 16 25
681500 16 26
682000 16 25
682500 16 25
683000 16 27
683500 16 27
684000 16 27
684500 16 27
685000 16 26
685500 16 26
686000 16 27
686500 16 26
687000 16 27
687500 16 24
688000 16 26
688500 16 27
689000 16 25
689500 16 26
690000 16 27
690500 16 27
691000 16 25
691500 16 27
692000 16 26
692500 16 28
693000 16 26
693500 16 25
694000 16 25
694500 16 25
695000 16 27
695500 16 27
696000 16 27
696500 16 28
697000 16 26
697500 16 26
698000 16 26
698500 16 27
699000 16 28
699500 16 28
700000 16 26
700500 16 28
701000 16 25
701500 16 28
702000 16 27
702500 16 26
703000 16 26
703500 16 27
704000 16 26
704500 16 26
705000 16 25
705500 16 27
706000 16 26
706500 16 28
707000 16 25
707500 16 28
708000 16 27
708500 16 24
709000 16 27
709500 16 28
710000 16 25
710500 16 26
711000 16 28
711500 16 26
712000 16 26
712500 16 25
713000 16 26
713500 16 26
714000 16 25
714500 16 25
715000 16 27
715500 16 28
716000 16 24
716500 16 26
717000 16 26
717500 16 26
718000 16 28
718500 16 26
719000 16 26
719500 16 27
720000 16 26
720500 16 26
721000 16 26
721500 16 27
722000 16 25
722500 16 27
723000 16 25
723500 16 27
724000 16 27
724500 16 27
725000 16 26
725500 16 27
726000 16 28
726500 16 25
727000 16 28
727500 16 26
728000 16 26
728500 16 26
729000 16 26
729500 16 26
730000 16 27
730500 16 26
731000 16 26
731500 16 25
732000 16 25
732500 16 27
733000 16 27
733500 16 27
734000 16 26
734500 16 24
735000 16 25
735500 16 26
736000 16 26
736500 16 27
737000 16 26
737500 16 26
738000 16 26
738500 16 26
739000 16 25
739500 16 25
740000 16 26
740500 16 28
741000 16 27
741500 16 25
742000 16 27
742500 16 26
743000 16 25
743500 16 27
744000 16 26
744500 16 25
745000 16 27
745500 16 26
746000 16 28
746500 16 27
747000 16 26
747500 16 27
748000 16 26
748500 16 25
749000 16 28
749500 16 26
750000 16 25
750500 16 27
751000 16 26
751500 16 28
752000 16 24
752500 16 25
753000 16 26
753500 16 27
754000 16 26
754500 16 26
755000 16 27
755500 16 25
756000 16 26
756500 16 28
757000 16 25
757500 16 27
758000 16 26
758500 16 26
759000 16 27
759500 16 25
760000 16 26
760500 16 26
761000 16 27
761500 16 27
762000 16 26
762500 16 26
763000 16 24
763500 16 26
764000 16 25
764500 16 27
765000 16 24
765500 16 26
766000 16 25
766500 16 25
767000 16 25
767500 16 26
768000 16 27
768500 16 25
769000 16 27
769500 16 26
770000 16 26
770500 16 24
771000 16 26
771500 16 28
772000 16 28
772500 16 25
773000 16 25
773500 16 28
774000 16 28
774500 16 25
775000 16 27
775500 16 28
776000 16 27
776500 16 27
777000 16 25
777500 16 26
778000 16 28
778500 16 27
779000 16 26
779500 16 27
780000 16 27
780500 16 26
781000 16 26
781500 16 25
782000 16 28
782500 16 26
783000 16 26
783500 16 25
784000 16 25
784500 16 25
785000 16 28
785500 16 26
786000 16 28
786500 16 26
787000 16 25
787500 16 26
788000 16 25
788500 16 27
789000 16 26
789500 16 28
790000 16 25
790500 16 26
791000 16 27
791500 16 23
792000 16 26
792500 16 26
793000 16 26
793500 16 26
794000 16 25
794500 16 26
795000 16 26
795500 16 28
796000 16 26
796500 16 28
797000 16 26
797500 16 27
798000 16 29
798500 16 25
799000 16 27
799500 16 25
800000 16 26
800500 16 26
801000 16 26
801500 16 27
802000 16 25
802500 16 29
803000 16 26
803500 16 27
804000 16 26
804500 16 25
805000 16 25
805500 16 26
806000 16 25
806500 16 27
807000 16 26
807500 16 27
808000 16 26
808500 16 26
809000 16 26
809500 16 28
810000 16 28
810500 16 25
811000 16 27
811500 16 25
812000 16 26
812500 16 25
813000 16 27
813500 16 27
814000 16 27
814500 16 26
815000 16 27
815500 16 27
816000 16 25
816500 16 25
817000 16 27
817500 16 26
818000 16 27
818500 16 26
819000 16 26
819500 16 26
820000 16 26
820500 16 24
821000 16 27
821500 16 27
822000 16 27
822500 16 27
823000 16 26
823500 16 27
824000 16 26
824500 16 27
825000 16 26
825500 16 26
826000 16 27
826500 16 26
827000 16 27
827500 16 28
828000 16 27
828500 16 26
829000 16 27
829500 16 29
830000 16 28
830500 16 26
831000 16 26
831500 16 27
832000 16 26
832500 16 27
833000 16 27
833500 16 27
834000 16 26
834500 16 26
835000 16 26
835500 16 25
836000 16 26
836500 16 27
837000 16 27
837500 16 26
838000 16 27
838500 16 27
839000 16 25
839500 16 26
840000 16 26
840500 16 27
841000 16 27
841500 16 25
842000 16 26
842500 16 28
843000 16 26
843500 16 26
844000 16 25
844500 16 26
845000 16 26
845500 16 27
846000 16 25
846500 16 25
847000 16 26
847500 16 27
848000 16 27
848500 16 28
849000 16 26
849500 16 26
850000 16 25
850500 16 26
851000 16 27
851500 16 26
852000 16 29
852500 16 26
853000 16 26
853500 16 25
854000 16 25
854500 16 25
855000 16 26
855500 16 26
856000 16 26
856500 16 27
857000 16 27
857500 16 27
858000 16 26
858500 16 26
859000 16 27
859500 16 27
860000 16 26
860500 16 26
861000 16 26
861500 16 26
862000 16 28
862500 16 25
863000 16 27
863500 16 26
864000 16 26
864500 16 26
865000 16 28
865500 16 25
866000 16 26
866500 16 26
867000 16 25
867500 16 26
868000 16 27
868500 16 26
869000 16 26
869500 16 26
870000 16 25
870500 16 28
871000 16 27
871500 16 25
872000 16 25
872500 16 28
873000 16 27
873500 16 25
874000 16 26
874500 16 25
875000 16 26
875500 16 25
876000 16 25
876500 16 25
877000 16 26
877500 16 25
878000 16 27
878500 16 25
879000 16 25
879500 16 25
880000 16 28
880500 16 27
881000 16 27
881500 16 26
882000 16 27
882500 16 27
883000 16 26
883500 16 27
884000 16 26
884500 16 28
885000 16 27
885500 16 27
886000 16 25
886500 16 27
887000 16 26
887500 16 27
888000 16 25
888500 16 26
889000 16 27
889500 16 26
890000 16 28
890500 16 26
891000 16 24
891500 16 26
892000 16 27
892500 16 28
893000 16 26
893500 16 25
894000 16 28
894500 16 26
895000 16 25
895500 16 26
896000 16 28
896500 16 25
897000 16 25
897500 16 26
898000 16 29
898500 16 26
899000 16 26
899500 16 28
900000 16 26
900500 16 27
901000 16 26
901500 16 28
902000 16 27
902500 16 26
903000 16 27
903500 16 26
904000 16 27
904500 16 26
905000 16 25
905500 16 26
906000 16 26
906500 16 26
907000 16 25
907500 16 25
908000 16 27
908500 16 25
909000 16 27
909500 16 27
910000 16 25
910500 16 27
911000 16 27
911500 16 28
912000 16 25
912500 16 27
913000 16 27
913500 16 27
914000 16 25
914500 16 27
915000 16 26
915500 16 27
916000 16 26
916500 16 26
917000 16 28
917500 16 25
918000 16 26
918500 16 26
919000 16 26
919500 16 27
920000 16 28
920500 16 24
921000 16 27
921500 16 27
922000 16 25
922500 16 26
923000 16 26
923500 16 27
924000 16 24
924500 16 27
925000 16 28
925500 16 25
926000 16 26
926500 16 25
927000 16 25
927500 16 28
928000 16 26
928500 16 27
929000 16 26
929500 16 27
930000 16 26
930500 16 25
931000 16 26
931500 16 26
932000 16 27
932500 16 26
933000 16 28
933500 16 25
934000 16 25
934500 16 29
935000 16 26
935500 16 26
936000 16 26
936500 16 28
937000 16 24
937500 16 25
938000 16 27
938500 16 26
939000 16 27
939500 16 26
940000 16 24
940500 16 27
941000 16 26
941500 16 27
942000 16 26
942500 16 26
943000 16 27
943500 16 26
944000 16 27
944500 16 26
945000 16 25
945500 16 26
946000 16 26
946500 16 25
947000 16 25
947500 16 25
948000 16 27
948500 16 26
949000 16 27
949500 16 26
950000 16 27
950500 16 26
951000 16 25
951500 16 27
952000 16 24
952500 16 28
953000 16 25
953500 16 26
954000 16 24
954500 16 25
955000 16 26
955500 16 26
956000 16 25
956500 16 27
957000 16 26
957500 16 26
958000 16 25
958500 16 25
959000 16 27
959500 16 26
960000 16 26
960500 16 26
961000 16 25
961500 16 26
962000 16 26
962500 16 27
963000 16 27
963500 16 26
964000 16 25
964500 16 28
965000 16 26
965500 16 28
966000 16 26
966500 16 29
967000 16 24
967500 16 27
968000 16 29
968500 16 26
969000 16 26
969500 16 27
970000 16 24
970500 16 26
971000 16 27
971500 16 25
972000 16 26
972500 16 25
973000 16 27
973500 16 26
974000 16 27
974500 16 27
975000 16 26
975500 16 27
976000 16 25
976500 16 26
977000 16 25
977500 16 25
978000 16 28
978500 16 25
979000 16 26
979500 16 26
980000 16 25
980500 16 28
981000 16 26
981500 16 25
982000 16 26
982500 16 28
983000 16 25
983500 16 26
984000 16 26
984500 16 26
985000 16 25
985500 16 26
986000 16 26
986500 16 27
987000 16 27
987500 16 27
988000 16 26
988500 16 27
989000 16 28
989500 16 26
990000 16 27
990500 16 28
991000 16 27
991500 16 25
992000 16 26
992500 16 27
993000 16 26
993500 16 27
994000 16 25
994500 16 27
995000 16 26
995500 16 26
996000 16 26
996500 16 27
997000 16 27
997500 16 27
998000 16 25
998500 16 26
999000 16 27
999500 16 25
1000000 16 27
1000500 16 24
1001000 16 28
1001500 16 25
1002000 16 25
1002500 16 28
1003000 16 26
1003500 16 29
1004000 16 26
1004500 16 27
1005000 16 26
1005500 16 25
1006000 16 27
1006500 16 25
1007000 16 28
1007500 16 27
1008000 16 26
1008500 16 26
1009000 16 25
1009500 16 23
1010000 16 27
1010500 16 25
1011000 16 25
1011500 16 26
1012000 16 25
1012500 16 27
1013000 16 28
1013500 16 26
1014000 16 26
1014500 16 25
1015000 16 25
1015500 16 25
1016000 16 26
1016500 16 27
1017000 16 27
1017500 16 25
1018000 16 26
1018500 16 25
1019000 16 27
1019500 16 26
1020000 16 29
1020500 16 28
1021000 16 26
1021500 16 26
1022000 16 26
1022500 16 26
1023000 16 27
1023500 16 25
1024000 16 27
1024500 16 27
1025000 16 28
1025500 16 24
1026000 16 26
1026500 16 25
1027000 16 26
1027500 16 26
1028000 16 26
1028500 16 27
1029000 16 27
1029500 16 26
1030000 16 26
1030500 16 28
1031000 16 25
1031500 16 26
1032000 16 25
1032500 16 25
1033000 16 27
1033500 16 26
1034000 16 25
1034500 16 25
1035000 16 25
1035500 16 25
1036000 16 26
1036500 16 28
1037000 16 27
1037500 16 25
1038000 16 26
1038500 16 25
1039000 16 25
1039500 16 25
1040000 16 25
1040500 16 25
1041000 16 28
1041500 16 25
1042000 16 27
1042500 16 25
1043000 16 25
1043500 16 27
1044000 16 24
1044500 16 27
1045000 16 26
1045500 16 28
1046000 16 28
1046500 16 26
1047000 16 27
1047500 16 25
1048000 16 25
1048500 16 25
1049000 16 25
1049500 16 26
1050000 16 27
1050500 16 26
1051000 16 26
1051500 16 26
1052000 16 27
1052500 16 25
1053000 16 28
1053500 16 26
1054000 16 28
1054500 16 26
1055000 16 23
1055500 16 26
1056000 16 26
1056500 16 24
1057000 16 26
1057500 16 26
1058000 16 26
1058500 16 28
1059000 16 25
1059500 16 26
1060000 16 26
1060500 16 27
1061000 16 24
1061500 16 27
1062000 16 27
1062500 16 26
1063000 16 27
1063500 16 28
1064000 16 26
1064500 16 25
1065000 16 26
1065500 16 27
1066000 16 25
1066500 16 25
1067000 16 26
1067500 16 25
1068000 16 26
1068500 16 25
1069000 16 25
1069500 16 27
1070000 16 29
1070500 16 26
1071000 16 27
1071500 16 26
1072000 16 27
1072500 16 24
1073000 16 26
1073500 16 25
1074000 16 27
1074500 16 27
1075000 16 27
1075500 16 27
1076000 16 26
1076500 16 26
1077000 16 27
1077500 16 25
1078000 16 27
1078500 16 27
1079000 16 25
1079500 16 26
1080000 16 26
1080500 16 25
1081000 16 26
1081500 16 26
1082000 16 26
1082500 16 26
1083000 16 27
1083500 16 25
1084000 16 26
1084500 16 26
1085000 16 25
1085500 16 26
1086000 16 25
1086500 16 26
1087000 16 26
1087500 16 27
1088000 16 26
1088500 16 27
1089000 16 28
1089500 16 27
1090000 16 26
1090500 16 26
1091000 16 28
1091500 16 26
1092000 16 26
1092500 16 27
1093000 16 27
1093500 16 26
1094000 16 27
1094500 16 25
1095000 16 26
1095500 16 25
1096000 16 26
1096500 16 27
1097000 16 26
1097500 16 27
1098000 16 24
1098500 16 26
1099000 16 27
1099500 16 26
1100000 16 26
1100500 16 25
1101000 16 26
1101500 16 28
1102000 16 27
1102500 16 27
1103000 16 27
1103500 16 28
1104000 16 26
1104500 16 27
1105000 16 26
1105500 16 25
1106000 16 25
1106500 16 27
1107000 16 26
1107500 16 27
1108000 16 27
1108500 16 26
1109000 16 27
1109500 16 26
1110000 16 26
1110500 16 25
1111000 16 25
1111500 16 26
1112000 16 27
1112500 16 28
1113000 16 25
1113500 16 28
1114000 16 26
1114500 16 25
1115000 16 27
1115500 16 26
1116000 16 26
1116500 16 26
1117000 16 27
1117500 16 28
1118000 16 25
1118500 16 29
1119000 16 25
1119500 16 26
1120000 16 25
1120500 16 24
1121000 16 27
1121500 16 28
1122000 16 26
1122500 16 27
1123000 16 25
1123500 16 27
1124000 16 27
1124500 16 27
1125000 16 25
1125500 16 24
1126000 16 27
1126500 16 26
1127000 16 28
1127500 16 26
1128000 16 27
1128500 16 26
1129000 16 26
1129500 16 28
1130000 16 27
1130500 16 28
1131000 16 27
1131500 16 26
1132000 16 26
1132500 16 24
1133000 16 26
1133500 16 28
1134000 16 25
1134500 16 25
1135000 16 26
1135500 16 24
1136000 16 27
1136500 16 24
1137000 16 28
1137500 16 25
1138000 16 26
1138500 16 24
1139000 16 26
1139500 16 27
1140000 16 26
1140500 16 25
1141000 16 25
1141500 16 25
1142000 16 29
1142500 16 27
1143000 16 25
1143500 16 26
1144000 16 25
1144500 16 25
1145000 16 25
1145500 16 27
1146000 16 24
1146500 16 27
1147000 16 27
1147500 16 27
1148000 16 26
1148500 16 25
1149000 16 26
1149500 16 27
1150000 16 25
1150500 16 26
1151000 16 26
1151500 16 26
1152000 16 26
1152500 16 28
1153000 16 25
1153500 16 26
1154000 16 26
1154500 16 26
1155000 16 26
1155500 16 25
1156000 16 28
1156500 16 26
1157000 16 29
1157500 16 25
1158000 16 28
1158500 16 25
1159000 16 25
1159500 16 25
1160000 16 24
1160500 16 25
1161000 16 27
1161500 16 27
1162000 16 26
1162500 16 25
1163000 16 27
1163500 16 26
1164000 16 25
1164500 16 26
1165000 16 28
1165500 16 26
1166000 16 26
1166500 16 26
1167000 16 25
1167500 16 27
1168000 16 26
1168500 16 27
1169000 16 26
1169500 16 26
1170000 16 26
1170500 16 27
1171000 16 26
1171500 16 26
1172000 16 25
1172500 16 24
1173000 16 26
1173500 16 24
1174000 16 28
1174500 16 27
1175000 16 26
1175500 16 27
1176000 16 25
1176500 16 27
1177000 16 28
1177500 16 25
1178000 16 26
1178500 16 27
1179000 16 27
1179500 16 27
1180000 16 27
1180500 16 26
1181000 16 27
1181500 16 27
1182000 16 26
1182500 16 25
1183000 16 28
1183500 16 25
1184000 16 24
1184500 16 27
1185000 16 26
1185500 16 26
1186000 16 25
1186500 16 27
1187000 16 25
1187500 16 29
1188000 16 25
1188500 16 25
1189000 16 26
1189500 16 25
1190000 16 26
1190500 16 26
1191000 16 27
1191500 16 25
1192000 16 27
1192500 16 26
1193000 16 25
1193500 16 27
1194000 16 28
1194500 16 27
1195000 16 27
1195500 16 28
1196000 16 27
1196500 16 27
1197000 16 25
1197500 16 26
1198000 16 27
1198500 16 25
1199000 16 26
1199500 16 26
1200000 16 27
1200500 16 26
1201000 16 27
1201500 16 25
1202000 16 26
1202500 16 27
1203000 16 28
1203500 16 27
1204000 16 26
1204500 16 25
1205000 16 27
1205500 16 25
1206000 16 27
1206500 16 26
1207000 16 26
1207500 16 27
1208000 16 27
1208500 16 27
1209000 16 26
1209500 16 26
1210000 16 26
1210500 16 27
1211000 16 25
1211500 16 28
1212000 16 27
1212500 16 27
1213000 16 26
1213500 16 27
1214000 16 26
1214500 16 26
1215000 16 26
1215500 16 27
1216000 16 25
1216500 16 28
1217000 16 26
1217500 16 27
1218000 16 28
1218500 16 25
1219000 16 25
1219500 16 25
1220000 16 25
1220500 16 26
1221000 16 26
1221500 16 26
1222000 16 27
1222500 16 26
1223000 16 26
1223500 16 24
1224000 16 26
1224500 16 27
1225000 16 26
1225500 16 26
1226000 16 27
1226500 16 24
1227000 16 25
1227500 16 25
1228000 16 25
1228500 16 27
1229000 16 27
1229500 16 26
1230000 16 26
1230500 16 25
1231000 16 26
1231500 16 24
1232000 16 27
1232500 16 26
1233000 16 26
1233500 16 25
1234000 16 28
1234500 16 26
1235000 16 26
1235500 16 28
1236000 16 27
1236500 16 28
1237000 16 24
1237500 16 25
1238000 16 26
1238500 16 25
1239000 16 26
1239500 16 25
1240000 16 27
1240500 16 29
1241000 16 26
1241500 16 25
1242000 16 25
1242500 16 26
1243000 16 24
1243500 16 25
1244000 16 27
1244500 16 28
1245000 16 26
1245500 16 27
1246000 16 27
1246500 16 26
1247000 16 27
1247500 16 27
1248000 16 25
1248500 16 27
1249000 16 27
1249500 16 28
1250000 16 25
1250500 16 26
1251000 16 28
1251500 16 28
1252000 16 26
1252500 16 26
1253000 16 28
1253500 16 28
1254000 16 27
1254500 16 27
1255000 16 25
1255500 16 28
1256000 16 27
1256500 16 25
1257000 16 26
1257500 16 26
1258000 16 25
1258500 16 25
1259000 16 26
1259500 16 27
1260000 16 24
1260500 16 26
1261000 16 26
1261500 16 27
1262000 16 25
1262500 16 26
1263000 16 27
1263500 16 26
1264000 16 26
1264500 16 26
1265000 16 26
1265500 16 25
1266000 16 27
1266500 16 25
1267000 16 28
1267500 16 25
1268000 16 27
1268500 16 27
1269000 16 25
1269500 16 26
1270000 16 25
1270500 16 26
1271000 16 26
1271500 16 26
1272000 16 26
1272500 16 26
1273000 16 26
1273500 16 26
1274000 16 25
1274500 16 26
1275000 16 27
1275500 16 27
1276000 16 27
1276500 16 27
1277000 16 25
1277500 16 26
1278000 16 29
1278500 16 25
1279000 16 26
1279500 16 24
1280000 16 28
1280500 16 24
1281000 16 26
1281500 16 27
1282000 16 27
1282500 16 25
1283000 16 25
1283500 16 26
1284000 16 25
1284500 16 26
1285000 16 28
1285500 16 26
1286000 16 25
1286500 16 26
1287000 16 26
1287500 16 25
1288000 16 28
1288500 16 27
1289000 16 27
1289500 16 27
1290000 16 26
1290500 16 27
1291000 16 26
1291500 16 28
1292000 16 26
1292500 16 28
1293000 16 25
1293500 16 26
1294000 16 27
1294500 16 26
1295000 16 26
1295500 16 26
1296000 16 26
1296500 16 25
1297000 16 26
1297500 16 26
1298000 16 27
1298500 16 26
1299000 16 25
1299500 16 25
1300000 16 24
1300500 16 27
1301000 16 26
1301500 16 25
1302000 16 25
1302500 16 25
1303000 16 27
1303500 16 26
1304000 16 26
1304500 16 27
1305000 16 26
1305500 16 27
1306000 16 25
1306500 16 24
1307000 16 25
1307500 16 26
1308000 16 27
1308500 16 25
1309000 16 27
1309500 16 26
1310000 16 27
1310500 16 27
1311000 16 26
1311500 16 27
1312000 16 28
1312500 16 26
1313000 16 27
1313500 16 25
1314000 16 28
1314500 16 24
1315000 16 25
1315500 16 26
1316000 16 27
1316500 16 23
1317000 16 26
1317500 16 26
1318000 16 24
1318500 16 26
1319000 16 28
1319500 16 23
1320000 16 24
1320500 16 25
1321000 16 25
1321500 16 28
1322000 16 25
1322500 16 27
1323000 16 25
1323500 16 25
1324000 16 24
1324500 16 27
1325000 16 25
1325500 16 25
1326000 16 27
1326500 16 25
1327000 16 27
1327500 16 25
1328000 16 25
1328500 16 26
1329000 16 26
1329500 16 25
1330000 16 26
1330500 16 25
1331000 16 26
1331500 16 24
1332000 16 26
1332500 16 27
1333000 16 26
1333500 16 25
1334000 16 26
1334500 16 25
1335000 16 24
1335500 16 27
1336000 16 25
1336500 16 27
1337000 16 25
1337500 16 25
1338000 16 26
1338500 16 26
1339000 16 26
1339500 16 25
1340000 16 27
1340500 16 24
1341000 16 26
1341500 16 27
1342000 16 27
1342500 16 26
1343000 16 26
1343500 16 27
1344000 16 26
1344500 16 26
1345000 16 26
1345500 16 25
1346000 16 24
1346500 16 27
1347000 16 25
1347500 16 28
1348000 16 25
1348500 16 26
1349000 16 24
1349500 16 25
1350000 16 26
1350500 16 24
1351000 16 27
1351500 16 27
1352000 16 26
1352500 16 26
1353000 16 26
1353500 16 27
1354000 16 25
1354500 16 26
1355000 16 26
1355500 16 26
1356000 16 26
1356500 16 27
1357000 16 26
1357500 16 25
1358000 16 25
1358500 16 24
1359000 16 28
1359500 16 28
1360000 16 26
1360500 16 26
1361000 16 25
1361500 16 25
1362000 16 24
1362500 16 27
1363000 16 26
1363500 16 26
1364000 16 26
1364500 16 29
1365000 16 28
1365500 16 25
1366000 16 25
1366500 16 27
1367000 16 27
1367500 16 26
1368000 16 26
1368500 16 27
1369000 16 26
1369500 16 25
1370000 16 26
1370500 16 27
1371000 16 27
1371500 16 27
1372000 16 27
1372500 16 26
1373000 16 25
1373500 16 27
1374000 16 26
1374500 16 26
1375000 16 26
1375500 16 27
1376000 16 26
1376500 16 28
1377000 16 28
1377500 16 24
1378000 16 26
1378500 16 24
1379000 16 27
1379500 16 27
1380000 16 27
1380500 16 26
1381000 16 27
1381500 16 27
1382000 16 25
1382500 16 26
1383000 16 27
1383500 16 27
1384000 16 26
1384500 16 27
1385000 16 25
1385500 16 27
1386000 16 27
1386500 16 25
1387000 16 26
1387500 16 26
1388000 16 26
1388500 16 27
1389000 16 26
1389500 16 28
1390000 16 26
1390500 16 26
1391000 16 26
1391500 16 25
1392000 16 27
1392500 16 26
1393000 16 26
1393500 16 26
1394000 16 24
1394500 16 26
1395000 16 26
1395500 16 28
1396000 16 27
1396500 16 27
1397000 16 28
1397500 16 27
1398000 16 26
1398500 16 28
1399000 16 26
1399500 16 25
1400000 16 26
1400500 16 26
1401000 16 25
1401500 16 25
1402000 16 28
1402500 16 25
1403000 16 27
1403500 16 25
1404000 16 25
1404500 16 27
1405000 16 27
1405500 16 27
1406000 16 25
1406500 16 27
1407000 16 28
1407500 16 28
1408000 16 27
1408500 16 26
1409000 16 25
1409500 16 28
1410000 16 26
1410500 16 25
1411000 16 27
1411500 16 25
1412000 16 27
1412500 16 28
1413000 16 26
1413500 16 27
1414000 16 28
1414500 16 28
1415000 16 27
1415500 16 26
1416000 16 28
1416500 16 27
1417000 16 28
1417500 16 28
1418000 16 27
1418500 16 28
1419000 16 27
1419500 16 26
1420000 16 28
1420500 16 26
1421000 16 27
1421500 16 26
1422000 16 27
1422500 16 28
1423000 16 28
1423500 16 27
1424000 16 27
1424500 16 27
1425000 16 28
1425500 16 27
1426000 16 27
1426500 16 27
1427000 16 27
1427500 16 28
1428000 16 26
1428500 16 28
1429000 16 24
1429500 16 28
1430000 16 24
1430500 16 24
1431000 16 26
1431500 16 25
1432000 16 28
1432500 16 25
1433000 16 27
1433500 16 26
1434000 16 25
1434500 16 25
1435000 16 25
1435500 16 26
1436000 16 27
1436500 16 26
1437000 16 25
1437500 16 24
1438000 16 28
1438500 16 26
1439000 16 27
1439500 16 27
1440000 16 26
1440500 16 27
1441000 16 26
1441500 16 25
1442000 16 25
1442500 16 25
1443000 16 28
1443500 16 26
1444000 16 27
1444500 16 26
1445000 16 25
1445500 16 27
1446000 16 25
1446500 16 27
1447000 16 27
1447500 16 29
1448000 16 25
1448500 16 27
1449000 16 28
1449500 16 27
1450000 16 25
1450500 16 28
1451000 16 24
1451500 16 26
1452000 16 26
1452500 16 27
1453000 16 27
1453500 16 25
1454000 16 28
1454500 16 27
1455000 16 28
1455500 16 26
1456000 16 27
1456500 16 26
1457000 16 26
1457500 16 27
1458000 16 26
1458500 16 25
1459000 16 26
1459500 16 27
1460000 16 25
1460500 16 27
1461000 16 26
1461500 16 26
1462000 16 27
1462500 16 28
1463000 16 27
1463500 16 26
1464000 16 26
1464500 16 26
1465000 16 26
1465500 16 25
1466000 16 26
1466500 16 27
1467000 16 26
1467500 16 24
1468000 16 25
1468500 16 24
1469000 16 26
1469500 16 27
1470000 16 25
1470500 16 26
1471000 16 25
1471500 16 28
1472000 16 27
1472500 16 27
1473000 16 26
1473500 16 28
1474000 16 25
1474500 16 25
1475000 16 27
1475500 16 27
1476000 16 26
1476500 16 27
1477000 16 27
1477500 16 26
1478000 16 27
1478500 16 26
1479000 16 25
1479500 16 26
1480000 16 28
1480500 16 26
1481000 16 26
1481500 16 26
1482000 16 27
1482500 16 24
1483000 16 24
1483500 16 26
1484000 16 27
1484500 16 29
1485000 16 28
1485500 16 28
1486000 16 28
1486500 16 27
1487000 16 28
1487500 16 27
1488000 16 27
1488500 16 30
1489000 16 25
1489500 16 29
1490000 16 25
1490500 16 25
1491000 16 26
1491500 16 25
1492000 16 26
1492500 16 26
1493000 16 26
1493500 16 25
1494000 16 24
1494500 16 28
1495000 16 25
1495500 16 26
1496000 16 26
1496500 16 27
1497000 16 26
1497500 16 26
1498000 16 27
1498500 16 28
1499000 16 27
1499500 16 27
1500000 16 26
1500500 16 26
1501000 16 26
1501500 16 25
1502000 16 27
1502500 16 26
1503000 16 26
1503500 16 25
1504000 16 26
1504500 16 28
1505000 16 26
1505500 16 26
1506000 16 27
1506500 16 26
1507000 16 25
1507500 16 25
1508000 16 26
1508500 16 26
1509000 16 25
1509500 16 26
1510000 16 26
1510500 16 27
1511000 16 26
1511500 16 26
1512000 16 26
1512500 16 26
1513000 16 27
1513500 16 26
1514000 16 26
1514500 16 25
1515000 16 26
1515500 16 26
1516000 16 26
1516500 16 26
1517000 16 25
1517500 16 25
1518000 16 24
1518500 16 26
1519000 16 27
1519500 16 27
1520000 16 27
1520500 16 24
1521000 16 27
1521500 16 26
1522000 16 25
1522500 16 25
1523000 16 26
1523500 16 24
1524000 16 27
1524500 16 28
1525000 16 26
1525500 16 27
1526000 16 28
1526500 16 24
1527000 16 27
1527500 16 26
1528000 16 26
1528500 16 27
1529000 16 26
1529500 16 25
1530000 16 27
1530500 16 27
1531000 16 27
1531500 16 25
1532000 16 26
1532500 16 27
1533000 16 26
1533500 16 26
1534000 16 27
1534500 16 26
1535000 16 27
1535500 16 24
1536000 16 26
1536500 16 26
1537000 16 25
1537500 16 27
1538000 16 26
1538500 16 28
1539000 16 28
1539500 16 24
1540000 16 27
1540500 16 26
1541000 16 27
1541500 16 26
1542000 16 26
1542500 16 26
1543000 16 27
1543500 16 28
1544000 16 27
1544500 16 26
1545000 16 25
1545500 16 28
1546000 16 27
1546500 16 27
1547000 16 26
1547500 16 27
1548000 16 27
1548500 16 26
1549000 16 25
1549500 16 26
1550000 16 26
1550500 16 26
1551000 16 27
1551500 16 26
1552000 16 25
1552500 16 28
1553000 16 27
1553500 16 25
1554000 16 28
1554500 16 25
1555000 16 28
1555500 16 27
1556000 16 28
1556500 16 28
1557000 16 25
1557500 16 26
1558000 16 27
1558500 16 26
1559000 16 27
1559500 16 27
1560000 16 28
1560500 16 27
1561000 16 25
1561500 16 27
1562000 16 26
1562500 16 27
1563000 16 28
1563500 16 26
1564000 16 25
1564500 16 25
1565000 16 26
1565500 16 26
1566000 16 29
1566500 16 27
1567000 16 26
1567500 16 26
1568000 16 28
1568500 16 24
1569000 16 25
1569500 16 26
1570000 16 26
1570500 16 28
1571000 16 27
1571500 16 27
1572000 16 25
1572500 16 27
1573000 16 26
1573500 16 28
1574000 16 25
1574500 16 26
1575000 16 27
1575500 16 28
1576000 16 27
1576500 16 26
1577000 16 26
1577500 16 26
1578000 16 27
1578500 16 27
1579000 16 26
1579500 16 25
1580000 16 27
1580500 16 26
1581000 16 28
1581500 16 26
1582000 16 26
1582500 16 27
1583000 16 25
1583500 16 25
1584000 16 27
1584500 16 27
1585000 16 26
1585500 16 27
1586000 16 26
1586500 16 24
1587000 16 27
1587500 16 24
1588000 16 27
1588500 16 26
1589000 16 28
1589500 16 27
1590000 16 27
1590500 16 26
1591000 16 28
1591500 16 26
1592000 16 28
1592500 16 26
1593000 16 25
1593500 16 26
1594000 16 27
1594500 16 28
1595000 16 24
1595500 16 26
1596000 16 26
1596500 16 26
1597000 16 26
1597500 16 26
1598000 16 26
1598500 16 27
1599000 16 26
1599500 16 24
1600000 16 27
1600500 16 27
1601000 16 26
1601500 16 26
1602000 16 25
1602500 16 27
1603000 16 28
1603500 16 28
1604000 16 28
1604500 16 25
1605000 16 27
1605500 16 26
1606000 16 26
1606500 16 26
1607000 16 26
1607500 16 25
1608000 16 25
1608500 16 28
1609000 16 27
1609500 16 26
1610000 16 28
1610500 16 28
1611000 16 27
1611500 16 25
1612000 16 25
1612500 16 27
1613000 16 26
1613500 16 27
1614000 16 25
1614500 16 27
1615000 16 25
1615500 16 27
1616000 16 28
1616500 16 29
1617000 16 25
1617500 16 27
1618000 16 25
1618500 16 27
1619000 16 27
1619500 16 26
1620000 16 27
1620500 16 26
1621000 16 26
1621500 16 26
1622000 16 24
1622500 16 26
1623000 16 25
1623500 16 28
1624000 16 27
1624500 16 28
1625000 16 25
1625500 16 27
1626000 16 27
1626500 16 25
1627000 16 26
1627500 16 27
1628000 16 27
1628500 16 27
1629000 16 28
1629500 16 26
1630000 16 25
1630500 16 27
1631000 16 27
1631500 16 28
1632000 16 25
1632500 16 27
1633000 16 24
1633500 16 25
1634000 16 28
1634500 16 27
1635000 16 26
1635500 16 27
1636000 16 27
1636500 16 28
1637000 16 26
1637500 16 27
1638000 16 26
1638500 16 27
1639000 16 25
1639500 16 27
1640000 16 25
1640500 16 27
1641000 16 24
1641500 16 25
1642000 16 27
1642500 16 27
1643000 16 26
1643500 16 25
1644000 16 26
1644500 16 24
1645000 16 26
1645500 16 26
1646000 16 25
1646500 16 26
1647000 16 27
1647500 16 28
1648000 16 27
1648500 16 28
1649000 16 26
1649500 16 25
1650000 16 26
1650500 16 27
1651000 16 27
1651500 16 27
1652000 16 27
1652500 16 28
1653000 16 27
1653500 16 27
1654000 16 25
1654500 16 27
1655000 16 24
1655500 16 27
1656000 16 26
1656500 16 28
1657000 16 27
1657500 16 27
1658000 16 27
1658500 16 25
1659000 16 24
1659500 16 25
1660000 16 25
1660500 16 26
1661000 16 26
1661500 16 26
1662000 16 25
1662500 16 25
1663000 16 27
1663500 16 27
1664000 16 26
1664500 16 26
1665000 16 26
1665500 16 26
1666000 16 28
1666500 16 27
1667000 16 27
1667500 16 26
1668000 16 27
1668500 16 26
1669000 16 26
1669500 16 26
1670000 16 26
1670500 16 26
1671000 16 26
1671500 16 26
1672000 16 27
1672500 16 26
1673000 16 27
1673500 16 28
1674000 16 28
1674500 16 27
1675000 16 26
1675500 16 27
1676000 16 27
1676500 16 26
1677000 16 24
1677500 16 26
1678000 16 24
1678500 16 27
1679000 16 27
1679500 16 28
1680000 16 27
1680500 16 27
1681000 16 26
1681500 16 25
1682000 16 25
1682500 16 24
1683000 16 29
1683500 16 26
1684000 16 26
1684500 16 27
1685000 16 28
1685500 16 26
1686000 16 25
1686500 16 28
1687000 16 26
1687500 16 28
1688000 16 25
1688500 16 23
1689000 16 27
1689500 16 27
1690000 16 26
1690500 16 28
1691000 16 25
1691500 16 26
1692000 16 26
1692500 16 29
1693000 16 27
1693500 16 26
1694000 16 28
1694500 16 27
1695000 16 26
1695500 16 25
1696000 16 25
1696500 16 26
1697000 16 27
1697500 16 25
1698000 16 26
1698500 16 26
1699000 16 25
1699500 16 26
1700000 16 26
1700500 16 24
1701000 16 28
1701500 16 26
1702000 16 27
1702500 16 25
1703000 16 26
1703500 16 25
1704000 16 27
1704500 16 27
1705000 16 26
1705500 16 26
1706000 16 28
1706500 16 27
1707000 16 25
1707500 16 26
1708000 16 25
1708500 16 27
1709000 16 26
1709500 16 28
1710000 16 27
1710500 16 26
1711000 16 26
1711500 16 27
1712000 16 24
1712500 16 27
1713000 16 26
1713500 16 24
1714000 16 26
1714500 16 26
1715000 16 26
1715500 16 27
1716000 16 26
1716500 16 25
1717000 16 25
1717500 16 28
1718000 16 26
1718500 16 25
1719000 16 27
1719500 16 26
1720000 16 27
1720500 16 25
1721000 16 24
1721500 16 27
1722000 16 25
1722500 16 26
1723000 16 27
1723500 16 26
1724000 16 27
1724500 16 26
1725000 16 25
1725500 16 25
1726000 16 26
1726500 16 27
1727000 16 27
1727500 16 26
1728000 16 26
1728500 16 26
1729000 16 24
1729500 16 27
1730000 16 27
1730500 16 26
1731000 16 27
1731500 16 27
1732000 16 26
1732500 16 25
1733000 16 26
1733500 16 27
1734000 16 27
1734500 16 27
1735000 16 25
1735500 16 26
1736000 16 28
1736500 16 27
1737000 16 26
1737500 16 27
1738000 16 24
1738500 16 25
1739000 16 26
1739500 16 24
1740000 16 27
1740500 16 26
1741000 16 26
1741500 16 26
1742000 16 26
1742500 16 26
1743000 16 25
1743500 16 25
1744000 16 26
1744500 16 27
1745000 16 25
1745500 16 26
1746000 16 26
1746500 16 24
1747000 16 26
1747500 16 27
1748000 16 27
1748500 16 25
1749000 16 27
1749500 16 27
1750000 16 26
1750500 16 27
1751000 16 25
1751500 16 27
1752000 16 26
1752500 16 26
1753000 16 26
1753500 16 26
1754000 16 26
1754500 16 26
1755000 16 27
1755500 16 25
1756000 16 27
1756500 16 27
1757000 16 27
1757500 16 26
1758000 16 26
1758500 16 26
1759000 16 26
1759500 16 27
1760000 16 25
1760500 16 27
1761000 16 27
1761500 16 27
1762000 16 26
1762500 16 28
1763000 16 26
1763500 16 25
1764000 16 25
1764500 16 28
1765000 16 25
1765500 16 28
1766000 16 25
1766500 16 27
1767000 16 27
1767500 16 26
1768000 16 27
1768500 16 25
1769000 16 27
1769500 16 28
1770000 16 26
1770500 16 25
1771000 16 27
1771500 16 26
1772000 16 26
1772500 16 27
1773000 16 27
1773500 16 25
1774000 16 26
1774500 16 26
1775000 16 26
1775500 16 24
1776000 16 27
1776500 16 26
1777000 16 27
1777500 16 27
1778000 16 25
1778500 16 28
1779000 16 26
1779500 16 25
1780000 16 25
1780500 16 27
1781000 16 26
1781500 16 26
1782000 16 24
1782500 16 27
1783000 16 25
1783500 16 27
1784000 16 27
1784500 16 23
1785000 16 25
1785500 16 25
1786000 16 27
1786500 16 28
1787000 16 25
1787500 16 28
1788000 16 27
1788500 16 25
1789000 16 26
1789500 16 27
1790000 16 26
1790500 16 26
1791000 16 26
1791500 16 25
1792000 16 26
1792500 16 26
1793000 16 25
1793500 16 29
1794000 16 27
1794500 16 25
1795000 16 24
1795500 16 26
1796000 16 27
1796500 16 26
1797000 16 27
1797500 16 27
1798000 16 26
1798500 16 27
1799000 16 26
1799500 16 26
1800000 16 24
1800500 16 26
1801000 16 24
1801500 16 27
1802000 16 25
1802500 16 26
1803000 16 25
1803500 16 28
1804000 16 27
1804500 16 24
1805000 16 24
1805500 16 26
1806000 16 26
1806500 16 26
1807000 16 27
1807500 16 27
1808000 16 26
1808500 16 25
1809000 16 27
1809500 16 27
1810000 16 27
1810500 16 25
1811000 16 27
1811500 16 26
1812000 16 26
1812500 16 26
1813000 16 27
1813500 16 25
1814000 16 28
1814500 16 25
1815000 16 26
1815500 16 27
1816000 16 27
1816500 16 26
1817000 16 26
1817500 16 26
1818000 16 27
1818500 16 25
1819000 16 26
1819500 16 26
1820000 16 26
1820500 16 27
1821000 16 24
1821500 16 27
1822000 16 26
1822500 16 25
1823000 16 26
1823500 16 26
1824000 16 28
1824500 16 24
1825000 16 28
1825500 16 26
1826000 16 26
1826500 16 27
1827000 16 26
1827500 16 26
1828000 16 25
1828500 16 24
1829000 16 25
1829500 16 26
1830000 16 25
1830500 16 28
1831000 16 25
1831500 16 26
1832000 16 26
1832500 16 26
1833000 16 27
1833500 16 25
1834000 16 26
1834500 16 26
1835000 16 26
1835500 16 27
1836000 16 26
1836500 16 27
1837000 16 27
1837500 16 27
1838000 16 25
1838500 16 26
1839000 16 26
1839500 16 26
1840000 16 26
1840500 16 28
1841000 16 26
1841500 16 27
1842000 16 25
1842500 16 25
1843000 16 27
1843500 16 25
1844000 16 28
1844500 16 27
1845000 16 26
1845500 16 27
1846000 16 26
1846500 16 26
1847000 16 26
1847500 16 26
1848000 16 27
1848500 16 25
1849000 16 26
1849500 16 27
1850000 16 27
1850500 16 28
1851000 16 25
1851500 16 27
1852000 16 26
1852500 16 26
1853000 16 27
1853500 16 27
1854000 16 25
1854500 16 28
1855000 16 27
1855500 16 25
1856000 16 26
1856500 16 26
1857000 16 25
1857500 16 27
1858000 16 26
1858500 16 25
1859000 16 27
1859500 16 26
1860000 16 26
1860500 16 26
1861000 16 25
1861500 16 25
1862000 16 27
1862500 16 25
1863000 16 29
1863500 16 27
1864000 16 27
1864500 16 25
1865000 16 25
1865500 16 26
1866000 16 27
1866500 16 25
1867000 16 27
1867500 16 26
1868000 16 28
1868500 16 26
1869000 16 27
1869500 16 26
1870000 16 25
1870500 16 24
1871000 16 26
1871500 16 25
1872000 16 25
1872500 16 28
1873000 16 27
1873500 16 27
1874000 16 25
1874500 16 27
1875000 16 27
1875500 16 28
1876000 16 26
1876500 16 26
1877000 16 25
1877500 16 26
1878000 16 26
1878500 16 28
1879000 16 28
1879500 16 24
1880000 16 26
1880500 16 26
1881000 16 27
1881500 16 27
1882000 16 25
1882500 16 27
1883000 16 26
1883500 16 25
1884000 16 25
1884500 16 28
1885000 16 25
1885500 16 25
1886000 16 26
1886500 16 26
1887000 16 26
1887500 16 27
1888000 16 26
1888500 16 27
1889000 16 27
1889500 16 25
1890000 16 27
1890500 16 28
1891000 16 26
1891500 16 25
1892000 16 26
1892500 16 27
1893000 16 27
1893500 16 25
1894000 16 27
1894500 16 26
1895000 16 27
1895500 16 26
1896000 16 28
1896500 16 26
1897000 16 24
1897500 16 25
1898000 16 27
1898500 16 26
1899000 16 26
1899500 16 25
1900000 16 25
1900500 16 25
1901000 16 28
1901500 16 27
1902000 16 27
1902500 16 27
1903000 16 27
1903500 16 25
1904000 16 26
1904500 16 26
1905000 16 26
1905500 16 27
1906000 16 25
1906500 16 27
1907000 16 27
1907500 16 27
1908000 16 26
1908500 16 27
1909000 16 26
1909500 16 27
1910000 16 27
1910500 16 25
1911000 16 24
1911500 16 26
1912000 16 26
1912500 16 26
1913000 16 26
1913500 16 26
1914000 16 26
1914500 16 26
1915000 16 26
1915500 16 26
1916000 16 26
1916500 16 25
1917000 16 26
1917500 16 26
1918000 16 27
1918500 16 25
1919000 16 25
1919500 16 28
1920000 16 26
1920500 16 27
1921000 16 25
1921500 16 26
1922000 16 25
1922500 16 26
1923000 16 26
1923500 16 26
1924000 16 27
1924500 16 25
1925000 16 26
1925500 16 25
1926000 16 25
1926500 16 27
1927000 16 25
1927500 16 25
1928000 16 28
1928500 16 26
1929000 16 25
1929500 16 26
1930000 16 27
1930500 16 27
1931000 16 27
1931500 16 26
1932000 16 27
1932500 16 27
1933000 16 25
1933500 16 25
1934000 16 26
1934500 16 26
1935000 16 26
1935500 16 25
1936000 16 26
1936500 16 27
1937000 16 25
1937500 16 26
1938000 16 27
1938500 16 26
1939000 16 27
1939500 16 25
1940000 16 25
1940500 16 28
1941000 16 26
1941500 16 26
1942000 16 26
1942500 16 27
1943000 16 27
1943500 16 26
1944000 16 25
1944500 16 27
1945000 16 27
1945500 16 26
1946000 16 26
1946500 16 26
1947000 16 28
1947500 16 27
1948000 16 25
1948500 16 25
1949000 16 27
1949500 16 24
1950000 16 27
1950500 16 25
1951000 16 26
1951500 16 26
1952000 16 28
1952500 16 27
1953000 16 26
1953500 16 26
1954000 16 24
1954500 16 24
1955000 16 27
1955500 16 26
1956000 16 27
1956500 16 27
1957000 16 27
1957500 16 25
1958000 16 26
1958500 16 24
1959000 16 26
1959500 16 26
1960000 16 27
1960500 16 25
1961000 16 26
1961500 16 26
1962000 16 25
1962500 16 26
1963000 16 27
1963500 16 25
1964000 16 26
1964500 16 27
1965000 16 26
1965500 16 27
1966000 16 28
1966500 16 26
1967000 16 26
1967500 16 26
1968000 16 27
1968500 16 26
1969000 16 27
1969500 16 27
1970000 16 24
1970500 16 25
1971000 16 27
1971500 16 28
1972000 16 28
1972500 16 26
1973000 16 26
1973500 16 27
1974000 16 25
1974500 16 26
1975000 16 27
1975500 16 25
1976000 16 25
1976500 16 25
1977000 16 26
1977500 16 27
1978000 16 27
1978500 16 27
1979000 16 27
1979500 16 28
1980000 16 24
1980500 16 25
1981000 16 25
1981500 16 25
1982000 16 27
1982500 16 26
1983000 16 28
1983500 16 25
1984000 16 27
1984500 16 28
1985000 16 24
1985500 16 24
1986000 16 25
1986500 16 28
1987000 16 25
1987500 16 26
1988000 16 26
1988500 16 25
1989000 16 29
1989500 16 26
1990000 16 25
1990500 16 27
1991000 16 26
1991500 16 23
1992000 16 27
1992500 16 26
1993000 16 28
1993500 16 25
1994000 16 26
1994500 16 27
1995000 16 24
1995500 16 26
1996000 16 26
1996500 16 28
1997000 16 28
1997500 16 26
1998000 16 26
1998500 16 26
1999000 16 27
1999500 16 26
2000000 16 26
2000500 16 25
2001000 16 27
2001500 16 27
2002000 16 26
2002500 16 26
2003000 16 26
2003500 16 27
2004000 16 27
2004500 16 27
2005000 16 26
2005500 16 25
2006000 16 27
2006500 16 29
e
