0 145 147
500 129 131
1000 125 127
1500 120 123
2000 115 118
2500 110 114
3000 103 107
3500 101 104
4000 98 102
4500 95 98
5000 92 100
5500 90 102
6000 89 98
6500 86 94
7000 83 94
7500 79 87
8000 79 90
8500 78 87
9000 74 83
9500 73 80
10000 68 75
10500 68 85
11000 68 82
11500 68 85
12000 66 78
12500 66 74
13000 65 79
13500 65 75
14000 65 77
14500 65 85
15000 64 76
15500 63 83
16000 62 76
16500 62 78
17000 62 77
17500 62 81
18000 62 73
18500 61 78
19000 61 77
19500 60 64
20000 59 71
20500 59 64
21000 59 69
21500 58 73
22000 57 72
22500 57 77
23000 55 64
23500 55 65
24000 55 67
24500 53 66
25000 53 72
25500 52 75
26000 51 65
26500 51 69
27000 51 62
27500 51 68
28000 51 68
28500 51 72
29000 50 62
29500 50 65
30000 50 60
30500 50 68
31000 50 60
31500 50 65
32000 50 60
32500 49 62
33000 49 67
33500 49 68
34000 49 57
34500 49 62
35000 49 59
35500 49 68
36000 49 58
36500 49 69
37000 49 58
37500 49 64
38000 49 67
38500 47 68
39000 47 67
39500 47 69
40000 47 64
40500 47 62
41000 47 78
41500 47 62
42000 47 59
42500 47 68
43000 47 60
43500 47 62
44000 47 61
44500 47 67
45000 47 61
45500 47 63
46000 47 55
46500 47 57
47000 47 55
47500 47 66
48000 47 66
48500 47 61
49000 47 59
49500 47 61
50000 47 60
50500 47 65
51000 47 51
51500 47 69
52000 47 59
52500 47 59
53000 47 64
53500 47 76
54000 47 68
54500 47 58
55000 47 58
55500 47 61
56000 47 58
56500 47 57
57000 47 63
57500 47 66
58000 47 62
58500 47 67
59000 47 63
59500 47 58
60000 47 52
60500 47 62
61000 47 60
61500 47 60
62000 47 67
62500 47 63
63000 46 69
63500 46 60
64000 46 62
64500 46 59
65000 46 57
65500 46 64
66000 46 65
66500 46 62
67000 46 60
67500 46 63
68000 46 61
68500 46 56
69000 46 54
69500 46 58
70000 46 63
70500 46 57
71000 46 63
71500 46 61
72000 46 64
72500 46 62
73000 46 60
73500 46 65
74000 46 59
74500 46 64
75000 46 61
75500 45 58
76000 45 69
76500 45 62
77000 45 60
77500 45 66
78000 45 58
78500 45 68
79000 45 57
79500 45 64
80000 45 60
80500 45 58
81000 45 58
81500 45 58
82000 45 56
82500 45 63
83000 45 61
83500 45 63
84000 45 55
84500 45 58
85000 45 61
85500 45 56
86000 45 54
86500 45 56
87000 45 51
87500 44 54
88000 44 58
88500 43 61
89000 43 61
89500 43 64
90000 43 65
90500 42 62
91000 42 60
91500 42 58
92000 42 65
92500 42 57
93000 42 60
93500 42 62
94000 42 55
94500 42 61
95000 42 63
95500 42 55
96000 42 55
96500 42 66
97000 42 64
97500 42 64
98000 42 61
98500 42 64
99000 42 55
99500 42 49
100000 42 65
100500 42 57
101000 42 53
101500 42 60
102000 42 59
102500 42 63
103000 42 57
103500 42 63
104000 42 61
104500 42 60
105000 42 63
105500 42 58
106000 42 57
106500 42 62
107000 42 62
107500 42 54
108000 42 54
108500 42 57
109000 42 56
109500 42 56
110000 42 51
110500 42 50
111000 42 59
111500 42 49
112000 42 58
112500 42 55
113000 42 55
113500 42 53
114000 42 69
114500 42 55
115000 42 54
115500 42 65
116000 42 60
116500 42 60
117000 42 59
117500 42 58
118000 42 57
118500 42 52
119000 42 63
119500 42 60
120000 42 58
120500 42 60
121000 42 57
121500 42 56
122000 42 59
122500 42 55
123000 42 61
123500 42 56
124000 42 54
124500 42 60
125000 42 76
125500 42 60
126000 42 61
126500 42 61
127000 42 58
127500 42 59
128000 42 66
128500 42 64
129000 42 56
129500 42 57
130000 42 58
130500 42 55
131000 42 66
131500 42 65
132000 42 56
132500 42 53
133000 42 52
133500 42 50
134000 42 54
134500 42 57
135000 42 59
135500 42 55
136000 42 62
136500 42 61
137000 42 60
137500 42 63
138000 42 56
138500 42 54
139000 42 52
139500 42 65
140000 42 61
140500 42 54
141000 42 54
141500 42 54
142000 42 62
142500 42 59
143000 42 61
143500 42 62
144000 42 65
144500 42 55
145000 42 61
145500 42 54
146000 42 56
146500 42 54
147000 42 55
147500 42 59
148000 42 63
148500 42 60
149000 42 57
149500 42 64
150000 42 56
150500 42 54
151000 42 56
151500 42 58
152000 42 66
152500 42 70
153000 42 61
153500 42 65
154000 42 56
154500 42 70
155000 42 59
155500 42 55
156000 42 61
156500 42 59
157000 42 63
157500 42 54
158000 42 56
158500 42 55
159000 42 62
159500 42 63
160000 42 64
160500 42 59
161000 42 58
161500 42 64
162000 42 61
162500 42 56
163000 42 60
163500 42 54
164000 42 59
164500 42 62
165000 42 62
165500 42 59
166000 42 65
166500 42 57
167000 42 58
167500 42 58
168000 42 61
168500 42 59
169000 42 58
169500 42 62
170000 42 49
170500 42 55
171000 42 47
171500 42 54
172000 42 55
172500 42 61
173000 42 69
173500 42 58
174000 42 56
174500 42 57
175000 42 59
175500 42 58
176000 42 59
176500 42 62
177000 42 62
177500 42 58
178000 42 57
178500 42 58
179000 42 57
179500 42 58
180000 42 55
180500 42 50
181000 42 54
181500 42 57
182000 42 60
182500 42 54
183000 42 59
183500 42 56
184000 42 50
184500 42 58
185000 42 56
185500 42 73
186000 42 51
186500 42 62
187000 42 60
187500 42 54
188000 42 54
188500 42 61
189000 42 56
189500 42 64
190000 42 55
190500 42 57
191000 42 54
191500 42 53
192000 42 65
192500 42 56
193000 42 66
193500 42 60
194000 42 64
194500 42 62
195000 42 59
195500 42 55
196000 42 55
196500 42 57
197000 42 62
197500 42 58
198000 42 53
198500 42 59
199000 42 54
199500 42 57
200000 42 60
200500 42 62
201000 42 62
201500 42 58
202000 42 65
202500 42 61
203000 42 59
203500 42 64
204000 42 61
204500 42 62
205000 42 57
205500 42 71
206000 42 53
206500 42 54
207000 42 54
207500 42 57
208000 42 64
208500 42 53
209000 42 50
209500 42 58
210000 42 59
210500 42 66
211000 42 63
211500 42 64
212000 42 55
212500 41 55
213000 41 63
213500 41 62
214000 41 54
214500 41 60
215000 41 66
215500 41 62
216000 41 57
216500 41 52
217000 41 65
217500 41 49
218000 41 63
218500 41 54
219000 41 51
219500 41 50
220000 41 63
220500 41 66
221000 41 65
221500 41 53
222000 41 53
222500 41 61
223000 41 57
223500 41 55
224000 41 52
224500 41 54
225000 41 49
225500 41 57
226000 41 66
226500 41 56
227000 41 58
227500 41 52
228000 41 53
228500 41 53
229000 41 65
229500 41 63
230000 41 57
230500 41 60
231000 41 56
231500 41 63
232000 41 61
232500 41 55
233000 41 55
233500 41 56
234000 41 53
234500 41 55
235000 41 60
235500 41 56
236000 41 74
236500 41 57
237000 41 57
237500 41 55
238000 41 60
238500 41 52
239000 41 68
239500 41 65
240000 41 56
240500 41 53
241000 40 61
241500 40 61
242000 40 50
242500 40 57
243000 39 57
243500 39 51
244000 39 61
244500 39 62
245000 39 59
245500 39 56
246000 39 58
246500 39 53
247000 39 58
247500 39 47
248000 39 56
248500 39 54
249000 39 56
249500 39 55
250000 39 65
250500 39 52
251000 39 56
251500 39 62
252000 39 57
252500 39 56
253000 39 59
253500 39 50
254000 39 52
254500 39 65
255000 39 66
255500 39 54
256000 39 55
256500 39 55
257000 39 60
257500 39 60
258000 39 63
258500 39 66
259000 39 60
259500 39 56
260000 39 52
260500 39 50
261000 39 50
261500 39 62
262000 39 57
262500 39 44
263000 39 58
263500 39 53
264000 39 51
264500 39 59
265000 38 57
265500 38 55
266000 38 53
266500 38 52
267000 38 54
267500 38 49
268000 38 54
268500 38 53
269000 38 55
269500 38 52
270000 38 63
270500 38 50
271000 38 51
271500 38 53
272000 38 57
272500 38 49
273000 38 62
273500 38 53
274000 38 47
274500 38 61
275000 38 56
275500 38 53
276000 38 58
276500 38 50
277000 38 48
277500 38 55
278000 38 46
278500 38 53
279000 38 51
279500 38 61
280000 38 54
280500 38 55
281000 38 48
281500 38 52
282000 38 46
282500 38 65
283000 38 46
283500 38 50
284000 38 48
284500 38 58
285000 38 49
285500 38 65
286000 38 54
286500 38 64
287000 38 58
287500 38 49
288000 38 52
288500 38 65
289000 38 49
289500 38 56
290000 38 62
290500 38 51
291000 38 51
291500 38 54
292000 38 54
292500 38 59
293000 38 55
293500 38 52
294000 38 58
294500 38 50
295000 38 63
295500 38 57
296000 38 58
296500 38 50
297000 38 46
297500 38 57
298000 38 56
298500 38 48
299000 38 59
299500 38 50
300000 38 56
300500 38 49
301000 38 52
301500 38 53
302000 38 47
302500 38 61
303000 38 56
303500 38 55
304000 38 51
304500 38 61
305000 38 51
305500 38 56
306000 38 49
306500 38 52
307000 38 58
307500 38 54
308000 38 55
308500 38 47
309000 38 47
309500 38 56
310000 38 52
310500 38 50
311000 38 51
311500 38 55
312000 38 53
312500 38 59
313000 38 50
313500 38 51
314000 38 54
314500 38 56
315000 38 51
315500 38 53
316000 38 57
316500 38 61
317000 38 50
317500 38 53
318000 38 52
318500 38 55
319000 38 57
319500 38 61
320000 38 58
320500 38 58
321000 38 61
321500 38 55
322000 38 51
322500 38 56
323000 38 53
323500 38 58
324000 38 53
324500 38 55
325000 38 52
325500 38 51
326000 38 56
326500 38 48
327000 38 56
327500 38 49
328000 38 57
328500 38 58
329000 38 55
329500 38 60
330000 38 53
330500 38 53
331000 38 47
331500 38 61
332000 38 47
332500 38 56
333000 38 55
333500 38 55
334000 38 54
334500 38 55
335000 38 52
335500 38 51
336000 38 54
336500 38 55
337000 38 51
337500 38 63
338000 38 49
338500 38 48
339000 38 51
339500 38 55
340000 38 56
340500 38 59
341000 38 57
341500 38 53
342000 38 53
342500 38 51
343000 38 46
343500 38 51
344000 38 60
344500 38 58
345000 38 52
345500 38 44
346000 38 56
346500 38 53
347000 38 58
347500 38 51
348000 38 53
348500 38 55
349000 38 63
349500 38 44
350000 38 59
350500 38 50
351000 38 56
351500 38 52
352000 38 61
352500 38 47
353000 38 54
353500 38 49
354000 38 55
354500 38 45
355000 38 57
355500 38 47
356000 38 57
356500 38 60
357000 38 61
357500 38 58
358000 38 45
358500 38 48
359000 38 57
359500 38 56
360000 38 56
360500 38 62
361000 38 58
361500 38 58
362000 38 57
362500 38 51
363000 38 61
363500 38 51
364000 38 63
364500 38 60
365000 38 50
365500 38 47
366000 38 58
366500 38 55
367000 38 51
367500 38 50
368000 38 53
368500 38 56
369000 38 52
369500 38 57
370000 38 49
370500 38 53
371000 38 58
371500 38 66
372000 38 51
372500 38 48
373000 38 51
373500 38 53
374000 38 58
374500 38 48
375000 38 53
375500 38 49
376000 38 48
376500 38 49
377000 38 51
377500 38 61
378000 38 48
378500 38 55
379000 38 52
379500 38 54
380000 38 51
380500 38 59
381000 38 49
381500 38 55
382000 38 63
382500 38 59
383000 38 57
383500 38 64
384000 38 57
384500 38 53
385000 38 51
385500 38 60
386000 38 56
386500 38 55
387000 38 55
387500 38 51
388000 38 46
388500 38 51
389000 38 48
389500 38 48
390000 38 53
390500 38 57
391000 38 51
391500 38 59
392000 38 55
392500 38 57
393000 38 56
393500 38 54
394000 38 63
394500 38 55
395000 38 52
395500 38 49
396000 38 61
396500 38 54
397000 38 54
397500 38 62
398000 38 49
398500 38 56
399000 38 57
399500 38 51
400000 38 53
400500 38 54
401000 38 61
401500 38 50
402000 38 50
402500 38 65
403000 38 56
403500 38 49
404000 38 53
404500 38 51
405000 38 55
405500 38 59
406000 38 57
406500 38 49
407000 38 52
407500 38 55
408000 38 61
408500 38 49
409000 38 59
409500 38 51
410000 38 57
410500 38 55
411000 38 50
411500 38 58
412000 38 54
412500 38 52
413000 38 46
413500 38 58
414000 38 45
414500 38 50
415000 38 54
415500 38 57
416000 38 63
416500 38 52
417000 38 57
417500 38 46
418000 38 57
418500 38 59
419000 38 55
419500 38 54
420000 38 56
420500 38 48
421000 38 51
421500 38 53
422000 38 51
422500 38 49
423000 38 61
423500 38 64
424000 38 47
424500 38 46
425000 38 55
425500 38 51
426000 38 55
426500 38 55
427000 38 48
427500 38 46
428000 38 59
428500 38 48
429000 38 60
429500 38 56
430000 38 57
430500 38 52
431000 38 49
431500 38 65
432000 38 55
432500 38 48
433000 38 47
433500 38 50
434000 38 56
434500 38 55
435000 38 61
435500 38 53
436000 38 49
436500 38 52
437000 38 51
437500 38 54
438000 38 54
438500 38 50
439000 38 65
439500 38 60
440000 38 53
440500 38 64
441000 38 51
441500 38 52
442000 38 52
442500 38 55
443000 38 56
443500 38 56
444000 38 53
444500 38 58
445000 38 52
445500 38 51
446000 38 54
446500 38 55
447000 38 54
447500 38 53
448000 38 58
448500 38 59
449000 38 58
449500 38 58
450000 38 55
450500 38 55
451000 38 50
451500 38 56
452000 38 54
452500 38 50
453000 38 55
453500 38 55
454000 38 52
454500 38 62
455000 38 50
455500 38 59
456000 38 54
456500 38 57
457000 38 55
457500 38 55
458000 38 62
458500 38 56
459000 38 64
459500 38 52
460000 38 59
460500 38 53
461000 38 66
461500 38 57
462000 38 56
462500 38 64
463000 38 56
463500 38 50
464000 38 49
464500 38 54
465000 38 51
465500 38 50
466000 38 55
466500 38 63
467000 38 56
467500 38 51
468000 38 55
468500 38 63
469000 38 64
469500 38 52
470000 38 50
470500 38 55
471000 38 53
471500 38 58
472000 38 55
472500 38 56
473000 38 57
473500 38 53
474000 38 52
474500 38 53
475000 38 54
475500 38 56
476000 38 56
476500 38 53
477000 38 47
477500 38 57
478000 38 53
478500 38 53
479000 38 52
479500 38 47
480000 38 55
480500 38 55
481000 38 54
481500 38 60
482000 38 52
482500 38 53
483000 38 58
483500 38 53
484000 38 56
484500 38 49
485000 38 62
485500 38 49
486000 38 56
486500 38 51
487000 38 50
487500 38 53
488000 38 53
488500 38 58
489000 38 60
489500 38 51
490000 38 55
490500 38 56
491000 38 66
491500 38 48
492000 38 58
492500 38 56
493000 38 56
493500 38 54
494000 38 58
494500 38 56
495000 38 50
495500 38 57
496000 38 53
496500 38 48
497000 38 57
497500 38 50
498000 38 51
498500 38 62
499000 38 50
499500 38 46
500000 38 51
500500 38 57
501000 38 59
501500 38 46
502000 38 46
502500 38 57
503000 38 54
503500 38 46
504000 38 55
504500 38 56
505000 38 60
505500 38 46
506000 38 53
506500 38 55
507000 38 60
507500 37 68
508000 37 53
508500 37 50
509000 37 61
509500 37 63
510000 37 50
510500 37 48
511000 37 61
511500 37 53
512000 37 55
512500 37 53
513000 37 54
513500 37 59
514000 37 56
514500 37 53
515000 37 54
515500 37 53
516000 37 58
516500 37 59
517000 37 54
517500 37 47
518000 37 56
518500 37 58
519000 37 48
519500 37 54
520000 37 49
520500 37 54
521000 37 50
521500 37 54
522000 37 57
522500 37 53
523000 37 59
523500 37 51
524000 37 50
524500 37 57
525000 37 47
525500 37 49
526000 37 61
526500 37 48
527000 37 55
527500 37 61
528000 37 57
528500 37 57
529000 37 47
529500 37 46
530000 37 63
530500 37 54
531000 37 60
531500 37 54
532000 37 56
532500 37 53
533000 37 58
533500 37 55
534000 37 58
534500 37 47
535000 37 55
535500 37 57
536000 37 57
536500 37 56
537000 37 53
537500 37 51
538000 37 64
538500 37 50
539000 37 63
539500 37 63
540000 37 62
540500 37 58
541000 37 55
541500 37 52
542000 37 52
542500 37 58
543000 37 58
543500 37 48
544000 37 62
544500 37 56
545000 37 57
545500 37 56
546000 37 59
546500 37 65
547000 37 56
547500 37 61
548000 37 55
548500 37 47
549000 37 56
549500 37 60
550000 37 66
550500 37 55
551000 37 53
551500 37 51
552000 37 58
552500 37 45
553000 37 52
553500 37 59
554000 37 52
554500 37 52
555000 37 53
555500 37 52
556000 37 57
556500 37 51
557000 37 58
557500 37 52
558000 37 58
558500 37 49
559000 37 47
559500 37 54
560000 37 58
560500 37 54
561000 37 52
561500 37 56
562000 37 53
562500 37 51
563000 37 54
563500 37 62
564000 37 64
564500 37 54
565000 37 57
565500 37 59
566000 37 57
566500 37 55
567000 37 60
567500 37 58
568000 37 63
568500 37 58
569000 37 54
569500 37 60
570000 37 56
570500 37 52
571000 37 51
571500 37 53
572000 37 55
572500 37 55
573000 37 54
573500 37 57
574000 37 51
574500 37 56
575000 37 51
575500 37 58
576000 37 55
576500 37 52
577000 37 61
577500 37 59
578000 37 56
578500 37 60
579000 37 52
579500 37 51
580000 37 51
580500 37 50
581000 37 58
581500 37 59
582000 37 51
582500 37 56
583000 37 51
583500 37 54
584000 37 52
584500 37 50
585000 37 49
585500 37 58
586000 37 53
586500 37 54
587000 37 58
587500 37 51
588000 37 51
588500 37 56
589000 37 50
589500 37 57
590000 37 52
590500 37 48
591000 37 56
591500 37 51
592000 37 56
592500 37 56
593000 37 54
593500 37 55
594000 37 59
594500 37 51
595000 37 59
595500 37 51
596000 37 53
596500 37 49
597000 37 53
597500 37 63
598000 37 55
598500 37 55
599000 37 60
599500 37 49
600000 37 60
600500 37 62
601000 37 55
601500 37 49
602000 37 65
602500 37 51
603000 37 55
603500 37 54
604000 37 52
604500 37 57
605000 37 52
605500 37 60
606000 37 58
606500 37 52
607000 37 53
607500 37 55
608000 37 45
608500 37 49
609000 37 50
609500 37 48
610000 37 54
610500 37 53
611000 37 60
611500 37 51
612000 37 44
612500 37 62
613000 37 52
613500 37 60
614000 37 57
614500 37 55
615000 37 56
615500 37 55
616000 37 61
616500 37 47
617000 37 55
617500 37 58
618000 37 58
618500 37 62
619000 37 51
619500 37 64
620000 37 55
620500 37 59
621000 37 48
621500 37 55
622000 37 54
622500 37 56
623000 37 54
623500 37 66
624000 37 53
624500 37 54
625000 37 55
625500 37 60
626000 37 52
626500 37 59
627000 37 55
627500 37 53
628000 37 60
628500 37 50
629000 37 55
629500 37 68
630000 37 51
630500 37 52
631000 37 51
631500 37 63
632000 37 46
632500 37 54
633000 37 56
633500 37 58
634000 37 51
634500 37 52
635000 37 55
635500 37 46
636000 37 54
636500 37 57
637000 37 48
637500 37 52
638000 37 53
638500 37 56
639000 37 59
639500 37 58
640000 37 54
640500 37 57
641000 37 52
641500 37 57
642000 37 50
642500 37 56
643000 37 64
643500 37 55
644000 37 48
644500 37 69
645000 37 54
645500 37 54
646000 37 53
646500 37 59
647000 37 43
647500 37 57
648000 37 49
648500 37 56
649000 37 53
649500 37 63
650000 37 45
650500 37 42
651000 37 53
651500 37 50
652000 37 53
652500 37 55
653000 37 62
653500 37 57
654000 37 49
654500 37 63
655000 37 63
655500 37 63
656000 37 50
656500 37 49
657000 37 65
657500 37 49
658000 37 53
658500 37 55
659000 37 52
659500 37 63
660000 37 63
660500 37 61
661000 37 48
661500 37 60
662000 37 55
662500 37 56
663000 37 52
663500 37 57
664000 37 57
664500 37 63
665000 37 53
665500 37 53
666000 37 54
666500 37 58
667000 37 50
667500 37 51
668000 37 55
668500 37 62
669000 37 50
669500 37 61
670000 37 46
670500 37 56
671000 37 48
671500 37 54
672000 37 52
672500 37 54
673000 37 54
673500 37 55
674000 37 52
674500 37 44
675000 37 52
675500 37 57
676000 37 54
676500 37 53
677000 37 53
677500 37 51
678000 37 53
678500 37 69
679000 37 54
679500 37 50
680000 37 62
680500 37 52
681000 37 56
681500 37 52
682000 37 59
682500 37 51
683000 37 52
683500 37 57
684000 37 50
684500 37 53
685000 37 61
685500 37 54
686000 37 57
686500 37 52
687000 37 58
687500 37 51
688000 37 58
688500 37 53
689000 37 45
689500 37 56
690000 37 51
690500 37 60
691000 37 52
691500 37 57
692000 37 52
692500 37 50
693000 37 53
693500 37 55
694000 37 57
694500 37 52
695000 37 54
695500 37 54
696000 37 51
696500 37 57
697000 37 49
697500 37 50
698000 37 52
698500 37 65
699000 37 51
699500 37 55
700000 37 53
700500 37 58
701000 37 51
701500 37 56
702000 37 63
702500 37 61
703000 37 60
703500 37 60
704000 37 54
704500 37 53
705000 37 56
705500 37 46
706000 37 62
706500 37 55
707000 37 51
707500 37 55
708000 37 48
708500 37 62
709000 37 58
709500 37 53
710000 37 58
710500 37 61
711000 37 52
711500 37 56
712000 37 53
712500 37 60
713000 37 46
713500 37 54
714000 37 58
714500 37 53
715000 37 64
715500 37 57
716000 37 56
716500 37 58
717000 37 62
717500 37 51
718000 37 52
718500 37 62
719000 37 52
719500 37 57
720000 37 53
720500 37 60
721000 37 47
721500 37 48
722000 37 51
722500 37 55
723000 37 59
723500 37 52
724000 37 47
724500 37 61
725000 37 52
725500 37 52
726000 37 52
726500 37 56
727000 37 53
727500 37 60
728000 37 58
728500 37 68
729000 37 56
729500 37 58
730000 37 48
730500 37 55
731000 37 49
731500 37 52
732000 37 57
732500 37 68
733000 37 63
733500 37 63
734000 37 53
734500 37 49
735000 37 46
735500 37 56
736000 37 51
736500 37 47
737000 37 50
737500 37 59
738000 37 57
738500 37 59
739000 37 48
739500 37 65
740000 37 52
740500 37 53
741000 37 55
741500 37 54
742000 37 55
742500 37 52
743000 37 55
743500 37 61
744000 37 58
744500 37 53
745000 37 63
745500 37 54
746000 37 66
746500 37 51
747000 37 45
747500 37 55
748000 37 50
748500 37 51
749000 37 56
749500 37 48
750000 37 57
750500 37 58
751000 37 46
751500 37 51
752000 37 57
752500 37 49
753000 37 48
753500 37 55
754000 37 55
754500 37 51
755000 37 53
755500 37 61
756000 37 51
756500 37 55
757000 37 59
757500 37 49
758000 37 58
758500 37 51
759000 37 53
759500 37 59
760000 37 53
760500 37 60
761000 37 63
761500 37 57
762000 37 55
762500 37 53
763000 37 59
763500 37 53
764000 37 48
764500 37 53
765000 37 57
765500 37 44
766000 37 61
766500 37 65
767000 37 59
767500 37 50
768000 37 52
768500 37 61
769000 37 56
769500 37 60
770000 37 53
770500 37 52
771000 37 49
771500 37 58
772000 37 65
772500 37 61
773000 37 51
773500 37 52
774000 37 59
774500 37 54
775000 37 60
775500 37 55
776000 37 58
776500 37 53
777000 37 55
777500 37 52
778000 37 49
778500 37 62
779000 37 56
779500 37 54
780000 37 51
780500 37 51
781000 37 61
781500 37 62
782000 37 56
782500 37 57
783000 37 52
783500 37 46
784000 37 54
784500 37 53
785000 37 58
785500 37 50
786000 37 59
786500 37 51
787000 37 62
787500 37 57
788000 37 49
788500 37 54
789000 37 61
789500 37 56
790000 37 51
790500 37 49
791000 37 53
791500 37 66
792000 37 51
792500 37 60
793000 37 62
793500 37 56
794000 37 53
794500 37 53
795000 37 54
795500 37 53
796000 37 66
796500 37 65
797000 37 50
797500 37 65
798000 37 56
798500 37 63
799000 37 53
799500 37 59
800000 37 57
800500 37 52
801000 37 53
801500 37 51
802000 37 53
802500 37 58
803000 37 48
803500 37 57
804000 37 57
804500 37 59
805000 37 63
805500 37 64
806000 37 59
806500 37 50
807000 37 56
807500 37 50
808000 37 50
808500 37 51
809000 37 57
809500 37 50
810000 37 52
810500 37 57
811000 37 58
811500 37 57
812000 37 62
812500 37 57
813000 37 53
813500 37 52
814000 37 48
814500 37 49
815000 37 56
815500 37 51
816000 37 53
816500 37 66
817000 37 61
817500 37 58
818000 37 50
818500 37 52
819000 37 56
819500 37 48
820000 37 53
820500 37 52
821000 37 43
821500 37 58
822000 37 59
822500 37 66
823000 37 52
823500 37 51
824000 37 47
824500 37 55
825000 37 54
825500 37 50
826000 37 59
826500 37 50
827000 37 53
827500 37 50
828000 37 59
828500 37 51
829000 37 55
829500 37 62
830000 37 47
830500 37 51
831000 37 57
831500 37 56
832000 37 62
832500 37 57
833000 37 56
833500 37 57
834000 37 55
834500 37 54
835000 37 57
835500 37 51
836000 37 44
836500 37 50
837000 37 54
837500 37 53
838000 37 61
838500 37 56
839000 37 56
839500 37 51
840000 37 52
840500 37 55
841000 37 54
841500 37 66
842000 37 53
842500 37 56
843000 37 56
843500 37 61
844000 37 51
844500 37 53
845000 37 53
845500 37 59
846000 37 48
846500 37 52
847000 37 53
847500 37 54
848000 37 48
848500 37 53
849000 37 55
849500 37 60
850000 37 44
850500 37 56
851000 37 56
851500 37 52
852000 37 52
852500 37 59
853000 37 55
853500 37 58
854000 37 56
854500 37 50
855000 37 55
855500 37 55
856000 37 60
856500 37 56
857000 37 53
857500 37 56
858000 37 59
858500 37 57
859000 37 65
859500 37 58
860000 37 53
860500 37 49
861000 37 54
861500 37 56
862000 37 57
862500 37 52
863000 37 57
863500 37 59
864000 37 49
864500 37 57
865000 37 58
865500 37 52
866000 37 48
866500 37 51
867000 37 54
867500 37 50
868000 37 46
868500 37 47
869000 37 59
869500 37 51
870000 37 56
870500 37 56
871000 37 50
871500 37 60
872000 37 65
872500 37 54
873000 37 55
873500 37 51
874000 37 65
874500 37 50
875000 37 45
875500 37 53
876000 37 53
876500 37 49
877000 37 48
877500 37 64
878000 37 52
878500 37 56
879000 37 56
879500 37 62
880000 37 52
880500 37 49
881000 37 57
881500 37 54
882000 37 54
882500 37 55
883000 37 48
883500 37 45
884000 37 52
884500 37 65
885000 37 56
885500 37 52
886000 37 51
886500 37 46
887000 37 57
887500 37 49
888000 37 62
888500 37 55
889000 37 48
889500 37 56
890000 37 60
890500 37 58
891000 37 45
891500 37 58
892000 37 61
892500 37 47
893000 37 53
893500 37 48
894000 37 67
894500 37 52
895000 37 58
895500 37 53
896000 37 56
896500 37 63
897000 37 52
897500 37 57
898000 37 55
898500 37 56
899000 37 54
899500 37 57
900000 37 45
900500 37 63
901000 37 59
901500 37 54
902000 37 63
902500 37 53
903000 37 57
903500 37 58
904000 37 61
904500 37 47
905000 37 59
905500 37 46
906000 37 57
906500 37 55
907000 37 57
907500 37 55
908000 37 47
908500 37 56
909000 37 47
909500 37 57
910000 37 55
910500 37 63
911000 37 51
911500 37 50
912000 37 55
912500 37 54
913000 37 46
913500 37 59
914000 37 49
914500 37 59
915000 37 58
915500 37 57
916000 37 54
916500 37 46
917000 37 55
917500 37 57
918000 37 50
918500 37 48
919000 37 64
919500 37 56
920000 37 64
920500 37 62
921000 37 55
921500 37 63
922000 37 51
922500 37 53
923000 37 56
923500 37 46
924000 37 53
924500 37 53
925000 37 59
925500 37 62
926000 37 51
926500 37 49
927000 37 49
927500 37 64
928000 37 55
928500 37 52
929000 37 48
929500 37 56
930000 37 51
930500 37 58
931000 37 63
931500 37 61
932000 37 56
932500 37 56
933000 37 46
933500 37 54
934000 37 54
934500 37 56
935000 37 49
935500 37 57
936000 37 55
936500 37 54
937000 37 59
937500 37 52
938000 37 51
938500 37 54
939000 37 56
939500 37 55
940000 37 59
940500 37 54
941000 37 59
941500 37 60
942000 37 49
942500 37 59
943000 37 50
943500 37 61
944000 37 52
944500 37 59
945000 37 54
945500 37 56
946000 37 50
946500 37 53
947000 37 52
947500 37 60
948000 37 68
948500 37 65
949000 37 46
949500 37 53
950000 37 53
950500 37 45
951000 37 60
951500 37 52
952000 37 53
952500 37 57
953000 37 55
953500 37 54
954000 37 51
954500 37 61
955000 37 59
955500 37 58
956000 37 51
956500 37 59
957000 37 49
957500 37 55
958000 37 54
958500 37 51
959000 37 62
959500 37 49
960000 37 56
960500 37 54
961000 37 51
961500 37 53
962000 37 50
962500 37 53
963000 37 54
963500 37 58
964000 37 50
964500 37 55
965000 37 56
965500 37 69
966000 37 45
966500 37 59
967000 37 52
967500 37 54
968000 37 55
968500 37 59
969000 37 62
969500 37 60
970000 37 59
970500 37 49
971000 37 57
971500 37 61
972000 37 57
972500 37 44
973000 37 56
973500 37 54
974000 37 52
974500 37 50
975000 37 48
975500 37 55
976000 37 56
976500 37 49
977000 37 50
977500 37 55
978000 37 56
978500 37 61
979000 37 57
979500 37 60
980000 37 48
980500 37 57
981000 37 59
981500 37 49
982000 37 52
982500 37 54
983000 37 57
983500 37 56
984000 37 50
984500 37 55
985000 37 52
985500 37 51
986000 37 52
986500 37 62
987000 37 62
987500 37 58
988000 37 61
988500 37 49
989000 37 48
989500 37 60
990000 37 53
990500 37 53
991000 37 53
991500 37 50
992000 37 52
992500 37 62
993000 37 54
993500 37 47
994000 37 54
994500 37 64
995000 37 56
995500 37 55
996000 37 58
996500 37 65
997000 37 53
997500 37 54
998000 37 60
998500 37 47
999000 37 51
999500 37 52
1000000 37 56
1000500 37 52
1001000 37 53
1001500 37 57
1002000 37 58
1002500 37 59
1003000 37 53
1003500 37 50
1004000 37 55
1004500 37 62
1005000 37 59
1005500 37 63
1006000 37 53
1006500 37 69
1007000 37 61
1007500 37 57
1008000 37 56
1008500 37 47
1009000 37 51
1009500 37 49
1010000 37 49
1010500 37 54
1011000 37 65
1011500 37 45
1012000 37 54
1012500 37 50
1013000 37 55
1013500 37 55
1014000 37 60
1014500 37 48
1015000 37 60
1015500 37 50
1016000 37 63
1016500 37 61
1017000 37 56
1017500 37 49
1018000 37 57
1018500 37 57
1019000 37 57
1019500 37 51
1020000 37 52
1020500 37 45
1021000 37 57
1021500 37 58
1022000 37 60
1022500 37 52
1023000 37 59
1023500 37 51
1024000 37 49
1024500 37 53
1025000 37 54
1025500 37 53
1026000 37 57
1026500 37 51
1027000 37 42
1027500 37 52
1028000 37 52
1028500 37 53
1029000 37 57
1029500 37 50
1030000 37 60
1030500 37 53
1031000 37 59
1031500 37 52
1032000 37 53
1032500 37 55
1033000 37 61
1033500 37 58
1034000 37 55
1034500 37 59
1035000 37 49
1035500 37 56
1036000 37 62
1036500 37 55
1037000 37 57
1037500 37 59
1038000 37 55
1038500 37 52
1039000 37 58
1039500 37 59
1040000 37 57
1040500 37 53
1041000 37 55
1041500 37 51
1042000 37 55
1042500 37 59
1043000 37 56
1043500 37 55
1044000 37 64
1044500 37 53
1045000 37 58
1045500 37 50
1046000 37 57
1046500 37 64
1047000 37 45
1047500 37 60
1048000 37 55
1048500 37 55
1049000 37 62
1049500 37 57
1050000 37 51
1050500 37 54
1051000 37 61
1051500 37 52
1052000 37 60
1052500 37 56
1053000 37 55
1053500 37 52
1054000 37 49
1054500 37 58
1055000 37 57
1055500 37 55
1056000 37 55
1056500 37 59
1057000 37 52
1057500 37 48
1058000 37 54
1058500 37 53
1059000 37 63
1059500 37 55
1060000 37 50
1060500 37 55
1061000 37 54
1061500 37 59
1062000 37 59
1062500 37 65
1063000 37 53
1063500 37 55
1064000 37 55
1064500 37 58
1065000 37 55
1065500 37 51
1066000 37 53
1066500 37 64
1067000 37 59
1067500 37 56
1068000 37 53
1068500 37 54
1069000 37 54
1069500 37 60
1070000 37 56
1070500 37 62
1071000 37 56
1071500 37 51
1072000 37 57
1072500 37 53
1073000 37 58
1073500 37 54
1074000 37 55
1074500 37 56
1075000 37 61
1075500 37 62
1076000 37 51
1076500 37 57
1077000 37 52
1077500 37 57
1078000 37 62
1078500 37 58
1079000 37 52
1079500 37 57
1080000 37 49
1080500 37 48
1081000 37 57
1081500 37 55
1082000 37 58
1082500 37 53
1083000 37 58
1083500 37 58
1084000 37 53
1084500 37 49
1085000 37 62
1085500 37 51
1086000 37 62
1086500 37 60
1087000 37 60
1087500 37 57
1088000 37 52
1088500 37 52
1089000 37 48
1089500 37 50
1090000 37 52
1090500 37 50
1091000 37 56
1091500 37 52
1092000 37 60
1092500 37 52
1093000 37 55
1093500 37 47
1094000 37 49
1094500 37 56
1095000 37 58
1095500 37 65
1096000 37 54
1096500 37 59
1097000 37 55
1097500 37 48
1098000 37 50
1098500 37 61
1099000 37 57
1099500 37 58
1100000 37 66
1100500 37 48
1101000 37 46
1101500 37 53
1102000 37 56
1102500 37 53
1103000 37 45
1103500 37 53
1104000 37 49
1104500 37 58
1105000 37 54
1105500 37 51
1106000 37 51
1106500 37 58
1107000 37 54
1107500 37 53
1108000 37 62
1108500 37 60
1109000 37 54
1109500 37 49
1110000 37 54
1110500 37 51
1111000 37 56
1111500 37 52
1112000 37 56
1112500 37 50
1113000 37 55
1113500 37 49
1114000 37 58
1114500 37 53
1115000 37 52
1115500 37 56
1116000 37 62
1116500 37 53
1117000 37 59
1117500 37 51
1118000 37 52
1118500 37 49
1119000 37 52
1119500 37 51
1120000 37 54
1120500 37 58
1121000 37 60
1121500 37 56
1122000 37 50
1122500 37 56
1123000 37 59
1123500 37 53
1124000 37 60
1124500 37 49
1125000 37 53
1125500 37 64
1126000 37 61
1126500 37 53
1127000 37 55
1127500 37 50
1128000 37 50
1128500 37 50
1129000 37 54
1129500 37 48
1130000 37 54
1130500 37 68
1131000 37 53
1131500 37 57
1132000 37 49
1132500 37 54
1133000 37 65
1133500 37 48
1134000 37 59
1134500 37 52
1135000 37 58
1135500 37 59
1136000 37 47
1136500 37 55
1137000 37 51
1137500 37 57
1138000 37 47
1138500 37 62
1139000 37 55
1139500 37 51
1140000 37 54
1140500 37 56
1141000 37 60
1141500 37 54
1142000 37 62
1142500 37 61
1143000 37 54
1143500 37 60
1144000 37 53
1144500 37 62
1145000 37 55
1145500 37 46
1146000 37 51
1146500 37 57
1147000 37 60
1147500 37 54
1148000 37 49
1148500 37 54
1149000 37 52
1149500 37 46
1150000 37 60
1150500 37 48
1151000 37 53
1151500 37 53
1152000 37 59
1152500 37 53
1153000 37 54
1153500 37 55
1154000 37 49
1154500 37 57
1155000 37 58
1155500 37 59
1156000 37 52
1156500 37 53
1157000 37 49
1157500 37 54
1158000 37 61
1158500 37 58
1159000 37 48
1159500 37 56
1160000 37 58
1160500 37 53
1161000 37 48
1161500 37 54
1162000 37 51
1162500 37 52
1163000 37 48
1163500 37 62
1164000 37 60
1164500 37 62
1165000 37 51
1165500 37 50
1166000 37 59
1166500 37 49
1167000 37 51
1167500 37 52
1168000 37 54
1168500 37 59
1169000 37 52
1169500 37 58
1170000 37 58
1170500 37 62
1171000 37 57
1171500 37 58
1172000 37 52
1172500 37 51
1173000 37 52
1173500 37 61
1174000 37 45
1174500 37 59
1175000 37 52
1175500 37 63
1176000 37 54
1176500 37 49
1177000 37 57
1177500 37 54
1178000 37 54
1178500 37 58
1179000 37 51
1179500 37 53
1180000 37 46
1180500 37 54
1181000 37 60
1181500 37 45
1182000 37 57
1182500 37 49
1183000 37 51
1183500 37 52
1184000 37 53
1184500 37 54
1185000 37 54
1185500 37 62
1186000 37 52
1186500 37 54
1187000 37 63
1187500 37 56
1188000 37 55
1188500 37 60
1189000 37 55
1189500 37 52
1190000 37 55
1190500 37 59
1191000 37 61
1191500 37 52
1192000 37 57
1192500 37 54
1193000 37 51
1193500 37 51
1194000 37 56
1194500 37 65
1195000 37 57
1195500 37 46
1196000 37 62
1196500 37 62
1197000 37 50
1197500 37 53
1198000 37 52
1198500 37 61
1199000 37 53
1199500 37 49
1200000 37 53
1200500 37 53
1201000 37 50
1201500 37 61
1202000 37 52
1202500 37 52
1203000 37 55
1203500 37 57
1204000 37 55
1204500 37 56
1205000 37 55
1205500 37 52
1206000 37 46
1206500 37 55
1207000 37 61
1207500 37 50
1208000 37 60
1208500 37 53
1209000 37 57
1209500 37 53
1210000 37 52
1210500 37 53
1211000 37 61
1211500 37 45
1212000 37 62
1212500 37 50
1213000 37 56
1213500 37 49
1214000 37 53
1214500 37 59
1215000 37 51
1215500 37 57
1216000 37 53
1216500 37 48
1217000 37 52
1217500 37 50
1218000 37 47
1218500 37 58
1219000 37 57
1219500 37 61
1220000 37 57
1220500 37 64
1221000 37 61
1221500 37 56
1222000 37 50
1222500 37 47
1223000 37 52
1223500 37 66
1224000 37 49
1224500 37 51
1225000 37 52
1225500 37 56
1226000 37 51
1226500 37 63
1227000 37 51
1227500 37 55
1228000 37 48
1228500 37 66
1229000 37 52
1229500 37 57
1230000 37 56
1230500 37 55
1231000 37 54
1231500 37 56
1232000 37 53
1232500 37 56
1233000 37 52
1233500 37 56
1234000 37 56
1234500 37 52
1235000 37 56
1235500 37 46
1236000 37 61
1236500 37 52
1237000 37 45
1237500 37 53
1238000 37 51
1238500 37 56
1239000 37 53
1239500 37 57
1240000 37 57
1240500 37 54
1241000 37 50
1241500 37 54
1242000 37 55
1242500 37 51
1243000 37 53
1243500 37 59
1244000 37 52
1244500 37 54
1245000 37 50
1245500 37 57
1246000 37 57
1246500 37 59
1247000 37 49
1247500 37 55
1248000 37 60
1248500 37 50
1249000 37 55
1249500 37 55
1250000 37 61
1250500 37 50
1251000 37 60
1251500 37 57
1252000 37 45
1252500 37 57
1253000 37 63
1253500 37 54
1254000 37 57
1254500 37 52
1255000 37 41
1255500 37 59
1256000 37 59
1256500 37 55
1257000 37 52
1257500 37 50
1258000 37 58
1258500 37 53
1259000 37 53
1259500 37 49
1260000 37 51
1260500 37 57
1261000 37 58
1261500 37 52
1262000 37 48
1262500 37 56
1263000 37 60
1263500 37 58
1264000 37 52
1264500 37 61
1265000 37 49
1265500 37 55
1266000 37 47
1266500 37 55
1267000 37 48
1267500 37 51
1268000 37 63
1268500 37 52
1269000 37 51
1269500 37 53
1270000 37 59
1270500 37 50
1271000 37 59
1271500 37 60
1272000 37 49
1272500 37 58
1273000 37 63
1273500 37 56
1274000 37 55
1274500 37 52
1275000 37 63
1275500 37 58
1276000 37 52
1276500 37 49
1277000 37 55
1277500 37 50
1278000 37 54
1278500 37 58
1279000 37 51
1279500 37 50
1280000 37 45
1280500 37 59
1281000 37 58
1281500 37 61
1282000 37 53
1282500 37 53
1283000 37 43
1283500 37 57
1284000 37 52
1284500 37 57
1285000 37 51
1285500 37 55
1286000 37 57
1286500 37 59
1287000 37 50
1287500 37 50
1288000 37 59
1288500 37 54
1289000 37 61
1289500 37 55
1290000 37 60
1290500 37 59
1291000 37 56
1291500 37 51
1292000 37 52
1292500 37 57
1293000 37 54
1293500 37 68
1294000 37 57
1294500 37 70
1295000 37 63
1295500 37 57
1296000 37 63
1296500 37 58
1297000 37 52
1297500 37 51
1298000 37 54
1298500 37 55
1299000 37 58
1299500 37 60
1300000 37 51
1300500 37 56
1301000 37 62
1301500 37 56
1302000 37 55
1302500 37 57
1303000 37 59
1303500 37 62
1304000 37 51
1304500 37 49
1305000 37 50
1305500 37 52
1306000 37 52
1306500 37 55
1307000 37 54
1307500 37 56
1308000 37 48
1308500 37 59
1309000 37 48
1309500 37 52
1310000 37 52
1310500 37 59
1311000 37 56
1311500 37 54
1312000 37 55
1312500 37 54
1313000 37 49
1313500 37 60
1314000 37 51
1314500 37 58
1315000 37 73
1315500 37 46
1316000 37 55
1316500 37 56
1317000 37 50
1317500 37 56
1318000 37 52
1318500 37 53
1319000 37 59
1319500 37 53
1320000 37 48
1320500 37 58
1321000 37 48
1321500 37 48
1322000 37 50
1322500 37 48
1323000 37 51
1323500 37 52
1324000 37 57
1324500 37 48
1325000 37 53
1325500 37 53
1326000 37 57
1326500 37 55
1327000 37 58
1327500 37 53
1328000 37 47
1328500 37 49
1329000 37 59
1329500 37 52
1330000 37 54
1330500 37 56
1331000 37 52
1331500 37 53
1332000 37 57
1332500 37 65
1333000 37 57
1333500 37 49
1334000 37 51
1334500 37 53
1335000 37 51
1335500 37 61
1336000 37 48
1336500 37 49
1337000 37 58
1337500 37 51
1338000 37 53
1338500 37 56
1339000 37 55
1339500 37 47
1340000 37 58
1340500 37 54
1341000 37 51
1341500 37 43
1342000 37 55
1342500 37 59
1343000 37 48
1343500 37 55
1344000 37 55
1344500 37 56
1345000 37 63
1345500 37 61
1346000 37 53
1346500 37 51
1347000 37 52
1347500 37 48
1348000 37 61
1348500 37 55
1349000 37 50
1349500 37 58
1350000 37 57
1350500 37 56
1351000 37 53
1351500 37 65
1352000 37 55
1352500 37 49
1353000 37 62
1353500 37 58
1354000 37 48
1354500 37 51
1355000 37 46
1355500 37 59
1356000 37 50
1356500 37 52
1357000 37 56
1357500 37 53
1358000 37 55
1358500 37 60
1359000 37 58
1359500 37 55
1360000 37 61
1360500 37 61
1361000 37 56
1361500 37 53
1362000 37 51
1362500 37 51
1363000 37 54
1363500 37 54
1364000 37 64
1364500 37 53
1365000 37 55
1365500 37 61
1366000 37 48
1366500 37 56
1367000 37 49
1367500 37 48
1368000 37 56
1368500 37 51
1369000 37 60
1369500 37 51
1370000 37 58
1370500 37 52
1371000 37 46
1371500 37 55
1372000 37 49
1372500 37 60
1373000 37 60
1373500 37 62
1374000 37 53
1374500 37 51
1375000 37 61
1375500 37 57
1376000 37 52
1376500 37 49
1377000 37 58
1377500 37 53
1378000 37 68
1378500 37 47
1379000 37 58
1379500 37 53
1380000 37 52
1380500 37 56
1381000 37 52
1381500 37 52
1382000 37 55
1382500 37 57
1383000 37 59
1383500 37 45
1384000 37 55
1384500 37 51
1385000 37 48
1385500 37 57
1386000 37 56
1386500 37 50
1387000 37 50
1387500 37 42
1388000 37 59
1388500 37 49
1389000 37 50
1389500 37 51
1390000 37 58
1390500 37 61
1391000 37 52
1391500 37 57
1392000 37 51
1392500 37 55
1393000 37 58
1393500 37 50
1394000 37 54
1394500 37 54
1395000 37 64
1395500 37 55
1396000 37 54
1396500 37 63
1397000 37 59
1397500 37 61
1398000 37 53
1398500 37 50
1399000 37 51
1399500 37 50
1400000 37 56
1400500 37 52
1401000 37 59
1401500 37 56
1402000 37 57
1402500 37 53
1403000 37 46
1403500 37 49
1404000 37 51
1404500 37 56
1405000 37 50
1405500 37 64
1406000 37 55
1406500 37 54
1407000 37 54
1407500 37 52
1408000 37 47
1408500 37 50
1409000 37 59
1409500 37 49
1410000 37 66
1410500 37 67
1411000 37 49
1411500 37 64
1412000 37 52
1412500 37 52
1413000 37 51
1413500 37 50
1414000 37 65
1414500 37 60
1415000 37 56
1415500 37 49
1416000 37 56
1416500 37 49
1417000 37 52
1417500 37 61
1418000 37 54
1418500 37 48
1419000 37 52
1419500 37 55
1420000 37 54
1420500 37 53
1421000 37 50
1421500 37 51
1422000 37 56
1422500 37 54
1423000 37 53
1423500 37 55
1424000 37 50
1424500 37 63
1425000 37 51
1425500 37 51
1426000 37 54
1426500 37 54
1427000 37 56
1427500 37 58
1428000 37 49
1428500 37 52
1429000 37 46
1429500 37 54
1430000 37 55
1430500 37 56
1431000 37 57
1431500 37 58
1432000 37 55
1432500 37 59
1433000 37 50
1433500 37 52
1434000 37 54
1434500 37 58
1435000 37 61
1435500 37 58
1436000 37 60
1436500 37 47
1437000 37 66
1437500 37 52
1438000 37 51
1438500 37 60
1439000 37 54
1439500 37 57
1440000 37 58
1440500 37 57
1441000 37 59
1441500 37 53
1442000 37 58
1442500 37 51
1443000 37 56
1443500 37 59
1444000 37 58
1444500 37 53
1445000 37 53
1445500 37 55
1446000 37 53
1446500 37 60
1447000 37 56
1447500 37 64
1448000 37 47
1448500 37 55
1449000 37 56
1449500 37 48
1450000 37 58
1450500 37 53
1451000 37 56
1451500 37 67
1452000 37 51
1452500 37 45
1453000 37 50
1453500 37 43
1454000 37 54
1454500 37 69
1455000 37 58
1455500 37 62
1456000 37 49
1456500 37 60
1457000 37 60
1457500 37 52
1458000 37 56
1458500 37 54
1459000 37 48
1459500 37 61
1460000 37 55
1460500 37 55
1461000 37 61
1461500 37 49
1462000 37 54
1462500 37 55
1463000 37 51
1463500 37 51
1464000 37 54
1464500 37 57
1465000 37 58
1465500 37 60
1466000 37 57
1466500 37 47
1467000 37 51
1467500 37 61
1468000 37 49
1468500 37 46
1469000 37 56
1469500 37 58
1470000 37 55
1470500 37 52
1471000 37 63
1471500 37 55
1472000 37 58
1472500 37 49
1473000 37 62
1473500 37 61
1474000 37 53
1474500 37 62
1475000 37 58
1475500 37 69
1476000 37 59
1476500 37 52
1477000 37 53
1477500 37 54
1478000 37 54
1478500 37 44
1479000 37 53
1479500 37 59
1480000 37 56
1480500 37 58
1481000 37 53
1481500 37 59
1482000 37 53
1482500 37 55
1483000 37 50
1483500 37 68
1484000 37 56
1484500 37 54
1485000 37 60
1485500 37 54
1486000 37 51
1486500 37 61
1487000 37 50
1487500 37 57
1488000 37 57
1488500 37 63
1489000 37 54
1489500 37 54
1490000 37 55
1490500 37 54
1491000 37 50
1491500 37 52
1492000 37 54
1492500 37 51
1493000 37 57
1493500 37 60
1494000 37 51
1494500 37 55
1495000 37 51
1495500 37 61
1496000 37 51
1496500 37 61
1497000 37 61
1497500 37 56
1498000 37 55
1498500 37 59
1499000 37 54
1499500 37 55
1500000 37 55
1500500 37 56
1501000 37 54
1501500 37 59
1502000 37 51
1502500 37 51
1503000 37 62
1503500 37 57
1504000 37 50
1504500 37 56
1505000 37 60
1505500 37 54
1506000 37 53
1506500 37 51
1507000 37 54
1507500 37 52
1508000 37 56
1508500 37 51
1509000 37 60
1509500 37 56
1510000 37 49
1510500 37 59
1511000 37 53
1511500 37 56
1512000 37 58
1512500 37 51
1513000 37 58
1513500 37 47
1514000 37 47
1514500 37 50
1515000 37 52
1515500 37 64
1516000 37 46
1516500 37 62
1517000 37 46
1517500 37 55
1518000 37 51
1518500 37 52
1519000 37 59
1519500 37 52
1520000 37 53
1520500 37 52
1521000 37 58
1521500 37 49
1522000 37 57
1522500 37 56
1523000 37 57
1523500 37 49
1524000 37 59
1524500 37 43
1525000 37 49
1525500 37 45
1526000 37 55
1526500 37 66
1527000 37 51
1527500 37 57
1528000 37 49
1528500 37 48
1529000 37 58
1529500 37 52
1530000 37 55
1530500 37 63
1531000 37 52
1531500 37 56
1532000 37 54
1532500 37 58
1533000 37 54
1533500 37 49
1534000 37 64
1534500 37 51
1535000 37 53
1535500 37 54
1536000 37 51
1536500 37 55
1537000 37 54
1537500 37 52
1538000 37 54
1538500 37 52
1539000 37 48
1539500 37 48
1540000 37 56
1540500 37 51
1541000 37 64
1541500 37 53
1542000 37 47
1542500 37 50
1543000 37 45
1543500 37 57
1544000 37 58
1544500 37 56
1545000 37 56
1545500 37 56
1546000 37 46
1546500 37 57
1547000 37 49
1547500 37 58
1548000 37 53
1548500 37 60
1549000 37 56
1549500 37 45
1550000 37 49
1550500 37 50
1551000 37 57
1551500 37 52
1552000 37 48
1552500 37 51
1553000 37 54
1553500 37 63
1554000 37 54
1554500 37 59
1555000 37 47
1555500 37 59
1556000 37 56
1556500 37 60
1557000 37 52
1557500 37 50
1558000 37 56
1558500 37 71
1559000 37 55
1559500 37 56
1560000 37 66
1560500 37 46
1561000 37 49
1561500 37 56
1562000 37 65
1562500 37 55
1563000 37 65
1563500 37 51
1564000 37 45
1564500 37 61
1565000 37 59
1565500 37 48
1566000 37 50
1566500 37 54
1567000 37 60
1567500 37 43
1568000 37 55
1568500 37 56
1569000 37 62
1569500 37 60
1570000 37 48
1570500 37 48
1571000 37 64
1571500 37 52
1572000 37 53
1572500 37 57
1573000 37 56
1573500 37 53
1574000 37 54
1574500 37 49
1575000 37 55
1575500 37 54
1576000 37 66
1576500 37 60
1577000 37 60
1577500 37 53
1578000 37 60
1578500 37 51
1579000 37 49
1579500 37 54
1580000 37 52
1580500 37 55
1581000 37 56
1581500 37 49
1582000 37 60
1582500 37 55
1583000 37 59
1583500 37 56
1584000 37 50
1584500 37 45
1585000 37 50
1585500 37 55
1586000 37 55
1586500 37 58
1587000 37 51
1587500 37 54
1588000 37 62
1588500 37 51
1589000 37 58
1589500 37 51
1590000 37 52
1590500 37 50
1591000 37 52
1591500 37 52
1592000 37 47
1592500 37 49
1593000 37 58
1593500 37 62
1594000 37 64
1594500 37 64
1595000 37 60
1595500 37 47
1596000 37 49
1596500 37 63
1597000 37 50
1597500 37 64
1598000 37 66
1598500 37 62
1599000 37 57
1599500 37 58
1600000 37 49
1600500 37 51
1601000 37 63
1601500 37 61
1602000 37 54
1602500 37 55
1603000 37 54
1603500 37 53
1604000 37 50
1604500 37 65
1605000 37 69
1605500 37 59
1606000 37 52
1606500 37 54
1607000 37 52
1607500 37 53
1608000 37 61
1608500 37 59
1609000 37 61
1609500 37 50
1610000 37 51
1610500 37 56
1611000 37 51
1611500 37 63
1612000 37 50
1612500 37 54
1613000 37 52
1613500 37 49
1614000 37 48
1614500 37 45
1615000 37 61
1615500 37 46
1616000 37 58
1616500 37 47
1617000 37 61
1617500 37 52
1618000 37 53
1618500 37 49
1619000 37 58
1619500 37 55
1620000 37 61
1620500 37 58
1621000 37 54
1621500 37 56
1622000 37 54
1622500 37 58
1623000 37 50
1623500 37 60
1624000 37 48
1624500 37 48
1625000 37 59
1625500 37 57
1626000 37 55
1626500 37 56
1627000 37 52
1627500 37 52
1628000 37 52
1628500 37 58
1629000 37 56
1629500 37 59
1630000 37 57
1630500 37 50
1631000 37 56
1631500 37 56
1632000 37 48
1632500 37 57
1633000 37 48
1633500 37 48
1634000 37 52
1634500 37 55
1635000 37 60
1635500 37 52
1636000 37 52
1636500 37 57
1637000 37 49
1637500 37 62
1638000 37 54
1638500 37 51
1639000 37 56
1639500 37 50
1640000 37 53
1640500 37 53
1641000 37 49
1641500 37 52
1642000 37 47
1642500 37 51
1643000 37 56
1643500 37 48
1644000 37 50
1644500 37 52
1645000 37 61
1645500 37 51
1646000 37 49
1646500 37 52
1647000 37 49
1647500 37 51
1648000 37 56
1648500 37 58
1649000 37 59
1649500 37 54
1650000 37 55
1650500 37 60
1651000 37 61
1651500 37 63
1652000 37 51
1652500 37 56
1653000 37 48
1653500 37 54
1654000 37 55
1654500 37 62
1655000 37 52
1655500 37 55
1656000 37 47
1656500 37 57
1657000 37 55
1657500 37 57
1658000 37 54
1658500 37 59
1659000 37 51
1659500 37 54
1660000 37 56
1660500 37 47
1661000 37 50
1661500 37 61
1662000 37 56
1662500 37 54
1663000 37 55
1663500 37 48
1664000 37 56
1664500 37 43
1665000 37 53
1665500 37 57
1666000 37 49
1666500 37 51
1667000 37 60
1667500 37 55
1668000 37 42
1668500 37 50
1669000 37 64
1669500 37 47
1670000 37 50
1670500 37 49
1671000 37 56
1671500 37 56
1672000 37 54
1672500 37 54
1673000 37 55
1673500 37 51
1674000 37 61
1674500 37 51
1675000 37 57
1675500 37 62
1676000 37 51
1676500 37 54
1677000 37 49
1677500 37 52
1678000 37 51
1678500 37 52
1679000 37 56
1679500 37 62
1680000 37 56
1680500 37 51
1681000 37 49
1681500 37 49
1682000 37 58
1682500 37 52
1683000 37 57
1683500 37 61
1684000 37 59
1684500 37 70
1685000 37 50
1685500 37 53
1686000 37 63
1686500 37 50
1687000 37 51
1687500 37 58
1688000 37 60
1688500 37 49
1689000 37 53
1689500 37 49
1690000 37 54
1690500 37 58
1691000 37 56
1691500 37 54
1692000 37 60
1692500 37 54
1693000 37 62
1693500 37 57
1694000 37 49
1694500 37 52
1695000 37 59
1695500 37 60
1696000 37 62
1696500 37 54
1697000 37 50
1697500 37 59
1698000 37 51
1698500 37 66
1699000 37 54
1699500 37 57
1700000 37 48
1700500 37 51
1701000 37 62
1701500 37 52
1702000 37 52
1702500 37 54
1703000 37 46
1703500 37 61
1704000 37 51
1704500 37 50
1705000 37 52
1705500 37 51
1706000 37 61
1706500 37 55
1707000 37 52
1707500 37 59
1708000 37 50
1708500 37 55
1709000 37 57
1709500 37 60
1710000 37 58
1710500 37 55
1711000 37 52
1711500 37 55
1712000 37 55
1712500 37 57
1713000 37 54
1713500 37 57
1714000 37 51
1714500 37 54
1715000 37 49
1715500 37 58
1716000 37 58
1716500 37 55
1717000 37 61
1717500 37 56
1718000 37 63
1718500 37 51
1719000 37 51
1719500 37 48
1720000 37 53
1720500 37 59
1721000 37 56
1721500 37 56
1722000 37 49
1722500 37 59
1723000 37 60
1723500 37 47
1724000 37 48
1724500 37 58
1725000 37 54
1725500 37 55
1726000 37 53
1726500 37 58
1727000 37 51
1727500 37 60
1728000 37 48
1728500 37 59
1729000 37 50
1729500 37 49
1730000 37 55
1730500 37 64
1731000 37 55
1731500 37 55
1732000 37 54
1732500 37 47
1733000 37 54
1733500 37 56
1734000 37 53
1734500 37 61
1735000 37 57
1735500 37 49
1736000 37 47
1736500 37 57
1737000 37 54
1737500 37 58
1738000 37 60
1738500 37 55
1739000 37 48
1739500 37 63
1740000 37 59
1740500 37 52
1741000 37 50
1741500 37 58
1742000 37 57
1742500 37 53
1743000 37 56
1743500 37 62
1744000 37 70
1744500 37 56
1745000 37 52
1745500 37 56
1746000 37 50
1746500 37 58
1747000 37 56
1747500 37 60
1748000 37 56
1748500 37 55
1749000 37 56
1749500 37 54
1750000 37 61
1750500 37 47
1751000 37 55
1751500 37 46
1752000 37 50
1752500 37 48
1753000 37 52
1753500 37 62
1754000 37 51
1754500 37 60
1755000 37 55
1755500 37 46
1756000 37 63
1756500 37 62
1757000 37 46
1757500 37 55
1758000 37 56
1758500 37 54
1759000 37 53
1759500 37 53
1760000 37 57
1760500 37 56
1761000 37 50
1761500 37 56
1762000 37 54
1762500 37 54
1763000 37 56
1763500 37 50
1764000 37 53
1764500 37 59
1765000 37 47
1765500 37 51
1766000 37 53
1766500 37 61
1767000 37 50
1767500 37 48
1768000 37 55
1768500 37 57
1769000 37 57
1769500 37 56
1770000 37 55
1770500 37 51
1771000 37 62
1771500 37 52
1772000 37 52
1772500 37 54
1773000 37 54
1773500 37 57
1774000 37 50
1774500 37 50
1775000 37 51
1775500 37 52
1776000 37 51
1776500 37 55
1777000 37 46
1777500 37 57
1778000 37 56
1778500 37 49
1779000 37 57
1779500 37 52
1780000 37 61
1780500 37 46
1781000 37 55
1781500 37 54
1782000 37 55
1782500 37 53
1783000 37 55
1783500 37 50
1784000 37 60
1784500 37 56
1785000 37 59
1785500 37 54
1786000 37 55
1786500 37 53
1787000 37 56
1787500 37 52
1788000 37 59
1788500 37 53
1789000 37 55
1789500 37 50
1790000 37 53
1790500 37 53
1791000 37 56
1791500 37 60
1792000 37 48
1792500 37 57
1793000 37 48
1793500 37 53
1794000 37 53
1794500 37 65
1795000 37 49
1795500 37 53
1796000 37 46
1796500 37 52
1797000 37 51
1797500 37 47
1798000 37 51
1798500 37 52
1799000 37 44
1799500 37 45
1800000 37 54
1800500 37 53
1801000 37 48
1801500 37 58
1802000 37 58
1802500 37 55
1803000 37 61
1803500 37 56
1804000 37 51
1804500 37 55
1805000 37 53
1805500 37 59
1806000 37 54
1806500 37 48
1807000 37 53
1807500 37 58
1808000 37 46
1808500 37 59
1809000 37 55
1809500 37 52
1810000 37 61
1810500 37 69
1811000 37 55
1811500 37 62
1812000 37 56
1812500 37 54
1813000 37 62
1813500 37 52
1814000 37 56
1814500 37 54
1815000 37 53
1815500 37 52
1816000 37 56
1816500 37 50
1817000 37 55
1817500 37 50
1818000 37 71
1818500 37 54
1819000 37 54
1819500 37 56
1820000 37 57
1820500 37 51
1821000 37 64
1821500 37 67
1822000 37 56
1822500 37 54
1823000 37 56
1823500 37 52
1824000 37 52
1824500 37 50
1825000 37 51
1825500 37 59
1826000 37 51
1826500 37 61
1827000 37 55
1827500 37 46
1828000 37 58
1828500 37 55
1829000 37 50
1829500 37 50
1830000 37 57
1830500 37 49
1831000 37 48
1831500 37 58
1832000 37 47
1832500 37 56
1833000 37 53
1833500 37 51
1834000 37 49
1834500 37 51
1835000 37 63
1835500 37 47
1836000 37 58
1836500 37 66
1837000 37 53
1837500 37 45
1838000 37 59
1838500 37 66
1839000 37 57
1839500 37 51
1840000 37 56
1840500 37 56
1841000 37 51
1841500 37 49
1842000 37 46
1842500 37 54
1843000 37 54
1843500 37 51
1844000 37 57
1844500 37 51
1845000 37 61
1845500 37 49
1846000 37 54
1846500 37 57
1847000 37 56
1847500 37 54
1848000 37 60
1848500 37 53
1849000 37 58
1849500 37 53
1850000 37 52
1850500 37 57
1851000 37 42
1851500 37 60
1852000 37 47
1852500 37 47
1853000 37 47
1853500 37 50
1854000 37 46
1854500 37 49
1855000 37 52
1855500 37 55
1856000 37 56
1856500 37 60
1857000 37 53
1857500 37 61
1858000 37 57
1858500 37 57
1859000 37 62
1859500 37 53
1860000 37 48
1860500 37 56
1861000 37 61
1861500 37 60
1862000 37 49
1862500 37 56
1863000 37 50
1863500 37 53
1864000 37 52
1864500 37 58
1865000 37 52
1865500 37 50
1866000 37 50
1866500 37 54
1867000 37 48
1867500 37 55
1868000 37 56
1868500 37 49
1869000 37 54
1869500 37 53
1870000 37 55
1870500 37 56
1871000 37 58
1871500 37 49
1872000 37 59
1872500 37 52
1873000 37 52
1873500 37 53
1874000 37 49
1874500 37 58
1875000 37 57
1875500 37 51
1876000 37 53
1876500 37 48
1877000 37 57
1877500 37 47
1878000 37 51
1878500 37 58
1879000 37 58
1879500 37 56
1880000 37 48
1880500 37 61
1881000 37 51
1881500 37 63
1882000 37 49
1882500 37 49
1883000 37 63
1883500 37 48
1884000 37 54
1884500 37 50
1885000 37 56
1885500 37 48
1886000 37 56
1886500 37 52
1887000 37 51
1887500 37 54
1888000 37 61
1888500 37 58
1889000 37 61
1889500 37 63
1890000 37 49
1890500 37 61
1891000 37 51
1891500 37 58
1892000 37 57
1892500 37 48
1893000 37 51
1893500 37 51
1894000 37 56
1894500 37 51
1895000 37 58
1895500 37 54
1896000 37 53
1896500 37 59
1897000 37 59
1897500 37 61
1898000 37 58
1898500 37 58
1899000 37 53
1899500 37 54
1900000 37 53
1900500 37 55
1901000 37 41
1901500 37 46
1902000 37 50
1902500 37 55
1903000 37 56
1903500 37 58
1904000 37 49
1904500 37 54
1905000 37 45
1905500 37 49
1906000 37 54
1906500 37 55
1907000 37 47
1907500 37 48
1908000 37 53
1908500 37 57
1909000 37 50
1909500 37 50
1910000 37 49
1910500 37 49
1911000 37 48
1911500 37 57
1912000 37 57
1912500 37 47
1913000 37 48
1913500 37 60
1914000 37 50
1914500 37 58
1915000 37 46
1915500 37 50
1916000 37 58
1916500 37 52
1917000 37 56
1917500 37 51
1918000 37 47
1918500 37 52
1919000 37 58
1919500 37 51
1920000 37 57
1920500 37 61
1921000 37 54
1921500 37 53
1922000 37 56
1922500 37 53
1923000 37 53
1923500 37 53
1924000 37 55
1924500 37 52
1925000 37 52
1925500 37 53
1926000 37 52
1926500 37 56
1927000 37 51
1927500 37 50
1928000 37 57
1928500 37 57
1929000 37 48
1929500 37 55
1930000 37 55
1930500 37 54
1931000 37 52
1931500 37 48
1932000 37 47
1932500 37 55
1933000 37 49
1933500 37 47
1934000 37 55
1934500 37 56
1935000 37 45
1935500 37 58
1936000 37 50
1936500 37 52
1937000 37 57
1937500 37 58
1938000 37 50
1938500 37 46
1939000 37 64
1939500 37 59
1940000 37 45
1940500 37 61
1941000 37 61
1941500 37 56
1942000 37 52
1942500 37 53
1943000 37 57
1943500 37 64
1944000 37 50
1944500 37 49
1945000 37 55
1945500 37 58
1946000 37 53
1946500 37 53
1947000 37 50
1947500 37 61
1948000 37 52
1948500 37 50
1949000 37 55
1949500 37 56
1950000 37 56
1950500 37 45
1951000 37 60
1951500 37 55
1952000 37 49
1952500 37 56
1953000 37 54
1953500 37 54
1954000 37 51
1954500 37 53
1955000 37 52
1955500 37 61
1956000 37 45
1956500 37 50
1957000 37 52
1957500 37 53
1958000 37 58
1958500 37 48
1959000 37 56
1959500 37 56
1960000 37 60
1960500 37 62
1961000 37 62
1961500 37 53
1962000 37 52
1962500 37 56
1963000 37 55
1963500 37 46
1964000 37 63
1964500 37 57
1965000 37 59
1965500 37 64
1966000 37 53
1966500 37 57
1967000 37 46
1967500 37 58
1968000 37 51
1968500 37 48
1969000 37 57
1969500 37 51
1970000 37 49
1970500 37 59
1971000 37 55
1971500 37 61
1972000 37 55
1972500 37 50
1973000 37 55
1973500 37 53
1974000 37 59
1974500 37 55
1975000 37 53
1975500 37 59
1976000 37 45
1976500 37 53
1977000 37 47
1977500 37 49
1978000 37 54
1978500 37 52
1979000 37 55
1979500 37 57
1980000 37 58
1980500 37 56
1981000 37 70
1981500 37 53
1982000 37 53
1982500 37 54
1983000 37 58
1983500 37 57
1984000 37 57
1984500 37 51
1985000 37 48
1985500 37 54
1986000 37 58
1986500 37 64
1987000 37 57
1987500 37 59
1988000 37 54
1988500 37 50
1989000 37 60
1989500 37 47
1990000 37 59
1990500 37 48
1991000 37 47
1991500 37 42
1992000 37 59
1992500 37 59
1993000 37 58
1993500 37 55
1994000 37 55
1994500 37 60
1995000 37 50
1995500 37 54
1996000 37 41
1996500 37 47
1997000 37 60
1997500 37 53
1998000 37 52
1998500 37 53
1999000 37 62
1999500 37 51
2000000 37 56
2000500 37 50
2001000 37 56
2001500 37 50
2002000 37 52
2002500 37 58
2003000 37 52
2003500 37 52
2004000 37 49
2004500 37 61
2005000 37 59
2005500 37 60
2006000 37 48
2006500 37 52
2007000 37 57
2007500 37 58
2008000 37 54
2008500 37 60
2009000 37 59
2009500 37 59
2010000 37 57
2010500 37 55
2011000 37 57
2011500 37 62
2012000 37 45
2012500 37 52
2013000 37 59
2013500 37 45
2014000 37 63
2014500 37 48
2015000 37 47
2015500 37 50
2016000 37 54
2016500 37 49
2017000 37 45
2017500 37 60
2018000 37 50
2018500 37 49
2019000 37 51
2019500 37 54
2020000 37 53
2020500 37 53
2021000 37 53
2021500 37 53
2022000 37 50
2022500 37 54
2023000 37 51
2023500 37 53
2024000 37 50
2024500 37 50
2025000 37 60
2025500 37 57
2026000 37 59
2026500 37 48
2027000 37 58
2027500 37 56
2028000 37 50
2028500 37 52
2029000 37 54
2029500 37 54
2030000 37 59
2030500 37 49
2031000 37 49
2031500 37 61
2032000 37 50
2032500 37 50
2033000 37 56
2033500 37 52
2034000 37 52
2034500 37 51
2035000 37 52
2035500 37 55
2036000 37 56
2036500 37 68
2037000 37 46
2037500 37 51
2038000 37 52
2038500 37 57
2039000 37 58
2039500 37 56
2040000 37 53
2040500 37 54
2041000 37 49
2041500 37 60
2042000 37 52
2042500 37 60
2043000 37 56
2043500 37 52
2044000 37 49
2044500 37 56
2045000 37 60
2045500 37 59
2046000 37 49
2046500 37 50
2047000 37 48
2047500 37 57
2048000 37 51
2048500 37 59
2049000 37 50
2049500 37 53
2050000 37 60
2050500 37 49
2051000 37 57
2051500 37 59
2052000 37 51
2052500 37 57
2053000 37 59
2053500 37 57
2054000 37 62
2054500 37 58
2055000 37 43
2055500 37 53
2056000 37 54
2056500 37 51
2057000 37 58
2057500 37 49
2058000 37 48
2058500 37 51
2059000 37 50
2059500 37 51
2060000 37 50
2060500 37 57
2061000 37 66
2061500 37 61
2062000 37 50
2062500 37 52
2063000 37 53
2063500 37 60
2064000 37 50
2064500 37 51
2065000 37 50
2065500 37 53
2066000 37 48
2066500 37 55
2067000 37 59
2067500 37 54
2068000 37 56
2068500 37 53
2069000 37 55
2069500 37 47
2070000 37 53
2070500 37 54
2071000 37 56
2071500 37 53
2072000 37 59
2072500 37 54
2073000 37 51
2073500 37 63
2074000 37 57
2074500 37 49
2075000 37 63
2075500 37 57
2076000 37 62
2076500 37 54
2077000 37 59
2077500 37 59
2078000 37 57
2078500 37 57
2079000 37 56
2079500 37 55
2080000 37 53
2080500 37 55
2081000 37 59
2081500 37 50
2082000 37 53
2082500 37 60
2083000 37 64
2083500 37 54
2084000 37 53
2084500 37 54
2085000 37 61
2085500 37 51
2086000 37 57
2086500 37 60
2087000 37 51
2087500 37 57
2088000 37 54
2088500 37 63
2089000 37 49
2089500 37 45
2090000 37 55
2090500 37 51
2091000 37 55
2091500 37 56
2092000 37 49
2092500 37 51
2093000 37 57
2093500 37 65
2094000 37 52
2094500 37 46
2095000 37 51
2095500 37 49
2096000 37 44
2096500 37 49
2097000 37 60
2097500 37 60
2098000 37 48
2098500 37 51
2099000 37 63
2099500 37 52
2100000 37 48
2100500 37 50
2101000 37 49
2101500 37 56
2102000 37 61
2102500 37 50
2103000 37 59
2103500 37 50
2104000 37 48
2104500 37 51
2105000 37 60
2105500 37 59
2106000 37 61
2106500 37 56
2107000 37 56
2107500 37 61
2108000 37 58
2108500 37 56
2109000 37 56
2109500 37 50
2110000 37 61
2110500 37 60
2111000 37 56
2111500 37 53
2112000 37 61
2112500 37 51
2113000 37 49
2113500 37 52
2114000 37 59
2114500 37 54
2115000 37 52
2115500 37 60
2116000 37 63
2116500 37 50
2117000 37 57
2117500 37 57
2118000 37 56
2118500 37 60
2119000 37 47
2119500 37 54
2120000 37 53
2120500 37 55
2121000 37 52
2121500 37 57
2122000 37 52
2122500 37 46
2123000 37 52
2123500 37 54
2124000 37 61
2124500 37 57
2125000 37 47
2125500 37 52
2126000 37 64
2126500 37 58
2127000 37 58
2127500 37 54
2128000 37 59
2128500 37 57
2129000 37 52
2129500 37 55
2130000 37 53
2130500 37 46
2131000 37 54
2131500 37 60
2132000 37 60
2132500 37 52
2133000 37 56
2133500 37 56
2134000 37 54
2134500 37 48
2135000 37 49
2135500 37 51
2136000 37 49
2136500 37 58
2137000 37 51
2137500 37 53
2138000 37 52
2138500 37 61
2139000 37 60
2139500 37 52
2140000 37 51
2140500 37 61
2141000 37 52
2141500 37 45
2142000 37 56
2142500 37 55
2143000 37 50
2143500 37 52
2144000 37 50
2144500 37 53
2145000 37 47
2145500 37 50
2146000 37 49
2146500 37 56
2147000 37 52
2147500 37 56
2148000 37 55
2148500 37 50
2149000 37 55
2149500 37 52
2150000 37 54
2150500 37 59
2151000 37 64
2151500 37 54
2152000 37 51
2152500 37 50
2153000 37 52
2153500 37 53
2154000 37 47
2154500 37 53
2155000 37 61
2155500 37 50
2156000 37 52
2156500 37 44
2157000 37 52
2157500 37 52
2158000 37 62
2158500 37 50
2159000 37 54
2159500 37 61
2160000 37 67
2160500 37 58
2161000 37 64
2161500 37 57
2162000 37 60
2162500 37 60
2163000 37 50
2163500 37 55
2164000 37 59
2164500 37 47
2165000 37 59
2165500 37 51
2166000 37 51
2166500 37 53
2167000 37 54
2167500 37 47
2168000 37 59
2168500 37 61
2169000 37 59
2169500 37 50
2170000 37 54
2170500 37 53
2171000 37 47
2171500 37 47
2172000 37 49
2172500 37 55
2173000 37 53
2173500 37 50
2174000 37 45
2174500 37 55
2175000 37 54
2175500 37 54
2176000 37 52
2176500 37 51
2177000 37 51
2177500 37 57
2178000 37 58
2178500 37 63
2179000 37 51
2179500 37 67
2180000 37 58
2180500 37 55
2181000 37 48
2181500 37 56
2182000 37 52
2182500 37 53
2183000 37 52
2183500 37 53
2184000 37 51
2184500 37 56
2185000 37 61
2185500 37 58
2186000 37 51
2186500 37 51
2187000 37 47
2187500 37 52
2188000 37 55
2188500 37 48
2189000 37 47
2189500 37 51
2190000 37 64
2190500 37 47
2191000 37 57
2191500 37 47
2192000 37 54
2192500 37 51
2193000 37 59
2193500 37 56
2194000 37 48
2194500 37 50
2195000 37 63
2195500 37 53
2196000 37 51
2196500 37 58
2197000 37 57
2197500 37 47
2198000 37 55
2198500 37 58
2199000 37 58
2199500 37 53
2200000 37 62
2200500 37 52
2201000 37 52
2201500 37 66
2202000 37 63
2202500 37 56
2203000 37 54
2203500 37 52
2204000 37 51
2204500 37 55
2205000 37 58
2205500 37 53
2206000 37 64
2206500 37 46
2207000 37 48
2207500 37 56
2208000 37 59
2208500 37 53
2209000 37 52
2209500 37 58
2210000 37 54
2210500 37 52
2211000 37 55
2211500 37 57
2212000 37 50
2212500 37 59
2213000 37 52
2213500 37 49
2214000 37 60
2214500 37 51
2215000 37 56
2215500 37 54
2216000 37 53
2216500 37 58
2217000 37 42
2217500 37 54
2218000 37 51
2218500 37 61
2219000 37 51
2219500 37 58
2220000 37 52
2220500 37 60
2221000 37 56
2221500 37 52
2222000 37 53
2222500 37 54
2223000 37 64
2223500 37 48
2224000 37 58
2224500 37 51
2225000 37 53
2225500 37 56
2226000 37 55
2226500 37 58
2227000 37 48
2227500 37 52
2228000 37 53
2228500 37 58
2229000 37 60
2229500 37 60
2230000 37 59
2230500 37 54
2231000 37 57
2231500 37 49
2232000 37 58
2232500 37 55
2233000 37 48
2233500 37 61
2234000 37 53
2234500 37 55
2235000 37 60
2235500 37 49
2236000 37 59
2236500 37 55
2237000 37 59
2237500 37 50
2238000 37 50
2238500 37 50
2239000 37 47
2239500 37 54
2240000 37 52
2240500 37 51
2241000 37 48
2241500 37 51
2242000 37 54
2242500 37 58
2243000 37 59
2243500 37 47
2244000 37 52
2244500 37 45
2245000 37 54
2245500 37 54
2246000 37 61
2246500 37 49
2247000 37 55
2247500 37 57
2248000 37 57
2248500 37 54
2249000 37 51
2249500 37 60
2250000 37 50
2250500 37 65
2251000 37 62
2251500 37 56
2252000 37 54
2252500 37 55
2253000 37 57
2253500 37 59
2254000 37 54
2254500 37 54
2255000 37 54
2255500 37 49
2256000 37 54
2256500 37 54
2257000 37 52
2257500 37 53
2258000 37 61
2258500 37 59
2259000 37 53
2259500 37 55
2260000 37 50
2260500 37 48
2261000 37 60
2261500 37 49
2262000 37 52
2262500 37 58
2263000 37 49
2263500 37 63
2264000 37 42
2264500 37 46
2265000 37 60
2265500 37 53
2266000 37 50
2266500 37 58
2267000 37 56
2267500 37 50
2268000 37 57
2268500 37 59
2269000 37 58
2269500 37 57
2270000 37 53
2270500 37 59
2271000 37 59
2271500 37 58
2272000 37 55
2272500 37 50
2273000 37 51
2273500 37 45
2274000 37 61
2274500 37 58
2275000 37 49
2275500 37 58
2276000 37 55
2276500 37 55
2277000 37 57
2277500 37 50
2278000 37 55
2278500 37 42
2279000 37 50
2279500 37 53
2280000 37 52
2280500 37 55
2281000 37 64
2281500 37 54
2282000 37 60
2282500 37 56
2283000 37 65
2283500 37 49
2284000 37 54
2284500 37 52
2285000 37 53
2285500 37 54
2286000 37 54
2286500 37 52
2287000 37 60
2287500 37 57
2288000 37 43
2288500 37 59
2289000 37 48
2289500 37 52
2290000 37 61
2290500 37 54
2291000 37 50
2291500 37 60
2292000 37 58
2292500 37 51
2293000 37 49
2293500 37 51
2294000 37 47
2294500 37 58
2295000 37 54
2295500 37 64
2296000 37 46
2296500 37 49
2297000 37 63
2297500 37 56
2298000 37 52
2298500 37 56
2299000 37 54
2299500 37 48
2300000 37 57
2300500 37 65
2301000 37 56
2301500 37 51
2302000 37 59
2302500 37 60
2303000 37 51
2303500 37 48
2304000 37 44
2304500 37 53
2305000 37 56
2305500 37 68
2306000 37 55
2306500 37 61
2307000 37 56
2307500 37 54
2308000 37 56
2308500 37 50
2309000 37 50
2309500 37 57
2310000 37 62
2310500 37 49
2311000 37 59
2311500 37 55
2312000 37 60
2312500 37 56
2313000 37 52
2313500 37 63
2314000 37 51
2314500 37 49
2315000 37 47
2315500 37 55
2316000 37 52
2316500 37 58
2317000 37 59
2317500 37 56
2318000 37 57
2318500 37 60
2319000 37 46
2319500 37 62
2320000 37 53
2320500 37 46
2321000 37 51
2321500 37 57
2322000 37 50
2322500 37 53
2323000 37 62
2323500 37 56
2324000 37 55
2324500 37 49
2325000 37 55
2325500 37 52
2326000 37 48
2326500 37 50
2327000 37 48
2327500 37 52
2328000 37 55
2328500 37 56
2329000 37 50
2329500 37 59
2330000 37 46
2330500 37 50
2331000 37 50
2331500 37 61
2332000 37 56
2332500 37 56
2333000 37 49
2333500 37 51
2334000 37 53
2334500 37 60
2335000 37 54
2335500 37 59
2336000 37 60
2336500 37 53
2337000 37 63
2337500 37 60
2338000 37 50
2338500 37 57
2339000 37 44
2339500 37 55
2340000 37 58
2340500 37 50
2341000 37 47
2341500 37 59
2342000 37 55
2342500 37 58
2343000 37 63
2343500 37 47
2344000 37 51
2344500 37 54
2345000 37 52
2345500 37 52
2346000 37 52
2346500 37 57
2347000 37 57
2347500 37 55
2348000 37 53
2348500 37 52
2349000 37 47
2349500 37 52
2350000 37 49
2350500 37 54
2351000 37 57
2351500 37 55
2352000 37 55
2352500 37 55
2353000 37 57
2353500 37 53
2354000 37 51
2354500 37 47
2355000 37 50
2355500 37 54
2356000 37 55
2356500 37 51
2357000 37 51
2357500 37 57
2358000 37 55
2358500 37 63
2359000 37 57
2359500 37 45
2360000 37 54
2360500 37 52
2361000 37 56
2361500 37 49
2362000 37 55
2362500 37 55
2363000 37 56
2363500 37 49
2364000 37 54
2364500 37 57
2365000 37 52
2365500 37 57
2366000 37 53
2366500 37 54
2367000 37 50
2367500 37 51
2368000 37 49
2368500 37 61
2369000 37 64
2369500 37 47
2370000 37 54
2370500 37 53
2371000 37 55
2371500 37 47
2372000 37 57
2372500 37 65
2373000 37 62
2373500 37 50
2374000 37 51
2374500 37 52
2375000 37 64
2375500 37 61
2376000 37 54
2376500 37 53
2377000 37 62
2377500 37 48
2378000 37 51
2378500 37 50
2379000 37 60
2379500 37 52
2380000 37 53
2380500 37 55
2381000 37 51
2381500 37 55
2382000 37 51
2382500 37 63
2383000 37 56
2383500 37 56
2384000 37 50
2384500 37 49
2385000 37 52
2385500 37 52
2386000 37 50
2386500 37 51
2387000 37 54
2387500 37 63
2388000 37 53
2388500 37 50
2389000 37 53
2389500 37 46
2390000 37 62
2390500 37 53
2391000 37 62
2391500 37 48
2392000 37 59
2392500 37 63
2393000 37 52
2393500 37 49
2394000 37 54
2394500 37 65
2395000 37 57
2395500 37 52
2396000 37 52
2396500 37 64
2397000 37 53
2397500 37 54
2398000 37 48
2398500 37 52
2399000 37 59
2399500 37 50
2400000 37 52
2400500 37 57
2401000 37 53
2401500 37 60
2402000 37 50
2402500 37 59
2403000 37 49
2403500 37 61
2404000 37 61
2404500 37 49
2405000 37 57
2405500 37 53
2406000 37 58
2406500 37 52
2407000 37 48
2407500 37 50
2408000 37 61
2408500 37 54
2409000 37 55
2409500 37 56
2410000 37 52
2410500 37 60
2411000 37 53
2411500 37 55
2412000 37 55
2412500 37 51
2413000 37 47
2413500 37 48
2414000 37 55
2414500 37 53
2415000 37 58
2415500 37 57
2416000 37 46
2416500 37 57
2417000 37 47
2417500 37 48
2418000 37 59
2418500 37 53
2419000 37 48
2419500 37 54
2420000 37 54
2420500 37 54
2421000 37 60
2421500 37 54
2422000 37 67
2422500 37 49
2423000 37 55
2423500 37 55
2424000 37 56
2424500 37 46
2425000 37 54
2425500 37 61
2426000 37 56
2426500 37 49
2427000 37 59
2427500 37 49
2428000 37 47
2428500 37 60
2429000 37 64
2429500 37 60
2430000 37 51
2430500 37 50
2431000 37 60
2431500 37 55
2432000 37 53
2432500 37 47
2433000 37 61
2433500 37 49
2434000 37 50
2434500 37 54
2435000 37 58
2435500 37 53
2436000 37 55
2436500 37 46
2437000 37 57
2437500 37 53
2438000 37 53
2438500 37 55
2439000 37 53
2439500 37 50
2440000 37 55
2440500 37 55
2441000 37 47
2441500 37 54
2442000 37 51
2442500 37 56
2443000 37 55
2443500 37 59
2444000 37 53
2444500 37 53
2445000 37 62
2445500 37 53
2446000 37 53
2446500 37 44
2447000 37 55
2447500 37 58
2448000 37 52
2448500 37 51
2449000 37 54
2449500 37 56
2450000 37 54
2450500 37 52
2451000 37 57
2451500 37 54
2452000 37 51
2452500 37 53
2453000 37 55
2453500 37 52
2454000 37 54
2454500 37 52
2455000 37 49
2455500 37 50
2456000 37 53
2456500 37 49
2457000 37 60
2457500 37 53
2458000 37 54
2458500 37 54
2459000 37 53
2459500 37 66
2460000 37 60
2460500 37 49
2461000 37 45
2461500 37 51
2462000 37 49
2462500 37 50
2463000 37 58
2463500 37 48
2464000 37 56
2464500 37 50
2465000 37 52
2465500 37 54
2466000 37 58
2466500 37 55
2467000 37 55
2467500 37 60
2468000 37 53
2468500 37 59
2469000 37 53
2469500 37 56
2470000 37 51
2470500 37 53
2471000 37 50
2471500 37 56
2472000 37 59
2472500 37 54
2473000 37 47
2473500 37 54
2474000 37 52
2474500 37 52
2475000 37 57
2475500 37 56
2476000 37 60
2476500 37 56
2477000 37 50
2477500 37 50
2478000 37 50
2478500 37 48
2479000 37 54
2479500 37 57
2480000 37 52
2480500 37 57
2481000 37 50
2481500 37 58
2482000 37 51
2482500 37 60
2483000 37 60
2483500 37 54
2484000 37 51
2484500 37 55
2485000 37 49
2485500 37 57
2486000 37 57
2486500 37 52
2487000 37 58
2487500 37 56
2488000 37 49
2488500 37 49
2489000 37 59
2489500 37 62
2490000 37 53
2490500 37 51
2491000 37 56
2491500 37 53
2492000 37 50
2492500 37 59
2493000 37 49
2493500 37 62
2494000 37 52
2494500 37 54
2495000 37 62
2495500 37 50
2496000 37 55
2496500 37 48
2497000 37 53
2497500 37 61
2498000 37 60
2498500 37 50
2499000 37 52
2499500 37 45
2500000 37 52
2500500 37 57
2501000 37 60
2501500 37 53
2502000 37 39
2502500 37 54
2503000 37 49
2503500 37 52
2504000 37 61
2504500 37 64
2505000 37 52
2505500 37 47
2506000 37 51
2506500 37 61
2507000 37 58
2507500 37 49
2508000 37 52
2508500 37 55
2509000 37 50
2509500 37 49
2510000 37 46
2510500 37 62
2511000 37 53
2511500 37 51
2512000 37 52
2512500 37 58
2513000 37 55
2513500 37 58
2514000 37 53
2514500 37 57
2515000 37 48
2515500 37 55
2516000 37 51
2516500 37 58
2517000 37 55
2517500 37 50
2518000 37 46
2518500 37 49
2519000 37 55
2519500 37 49
2520000 37 48
2520500 37 56
2521000 37 59
2521500 37 56
2522000 37 47
2522500 37 48
2523000 37 50
2523500 37 52
2524000 37 61
2524500 37 51
2525000 37 54
2525500 37 59
2526000 37 60
2526500 37 64
2527000 37 57
2527500 37 49
2528000 37 47
2528500 37 65
2529000 37 52
2529500 37 61
2530000 37 51
2530500 37 66
2531000 37 60
2531500 37 58
2532000 37 63
2532500 37 50
2533000 37 66
2533500 37 51
2534000 37 57
2534500 37 45
2535000 37 46
2535500 37 56
2536000 37 57
2536500 37 45
2537000 37 49
2537500 37 48
2538000 37 53
2538500 37 52
2539000 37 60
2539500 37 56
2540000 37 50
2540500 37 54
2541000 37 53
2541500 37 51
2542000 37 57
2542500 37 49
2543000 37 44
2543500 37 52
2544000 37 63
2544500 37 53
2545000 37 63
2545500 37 48
2546000 37 47
2546500 37 57
2547000 37 50
2547500 37 55
2548000 37 55
2548500 37 51
2549000 37 50
2549500 37 49
2550000 37 55
2550500 37 51
2551000 37 58
2551500 37 58
2552000 37 61
2552500 37 51
2553000 37 52
2553500 37 58
2554000 37 56
2554500 37 50
2555000 37 62
2555500 37 54
2556000 37 54
2556500 37 53
2557000 37 51
2557500 37 58
2558000 37 58
2558500 37 52
2559000 37 60
2559500 37 51
2560000 37 54
2560500 37 48
2561000 37 51
2561500 37 51
2562000 37 49
2562500 37 47
2563000 37 51
2563500 37 52
2564000 37 56
2564500 37 54
2565000 37 61
2565500 37 49
2566000 37 58
2566500 37 56
2567000 37 60
2567500 37 53
2568000 37 40
2568500 37 56
2569000 37 47
2569500 37 61
2570000 37 52
2570500 37 49
2571000 37 55
2571500 37 57
2572000 37 55
2572500 37 53
2573000 37 52
2573500 37 46
2574000 37 57
2574500 37 50
2575000 37 57
2575500 37 53
2576000 37 49
2576500 37 51
2577000 37 56
2577500 37 61
2578000 37 48
2578500 37 57
2579000 37 49
2579500 37 54
2580000 37 55
2580500 37 60
2581000 37 60
2581500 37 60
2582000 37 56
2582500 37 52
2583000 37 52
2583500 37 54
2584000 37 52
2584500 37 52
2585000 37 61
2585500 37 54
2586000 37 55
2586500 37 60
2587000 37 56
2587500 37 58
2588000 37 56
2588500 37 58
2589000 37 59
2589500 37 48
2590000 37 54
2590500 37 60
2591000 37 62
2591500 37 59
2592000 37 60
2592500 37 47
2593000 37 55
2593500 37 54
2594000 37 53
2594500 37 54
2595000 37 48
2595500 37 61
2596000 37 51
2596500 37 53
2597000 37 55
2597500 37 55
2598000 37 60
2598500 37 56
2599000 37 56
2599500 37 61
2600000 37 52
2600500 37 56
2601000 37 57
2601500 37 53
2602000 37 58
2602500 37 54
2603000 37 55
2603500 37 64
2604000 37 61
2604500 37 58
2605000 37 54
2605500 37 54
2606000 37 65
2606500 37 55
2607000 37 51
2607500 37 53
2608000 37 52
2608500 37 62
2609000 37 55
2609500 37 60
2610000 37 61
2610500 37 48
2611000 37 54
2611500 37 48
2612000 37 54
2612500 37 57
2613000 37 61
2613500 37 60
2614000 37 54
2614500 37 55
2615000 37 45
2615500 37 59
2616000 37 53
2616500 37 62
2617000 37 59
2617500 37 55
2618000 37 45
2618500 37 48
2619000 37 53
2619500 37 50
2620000 37 53
2620500 37 56
2621000 37 55
2621500 37 55
2622000 37 55
2622500 37 50
2623000 37 52
2623500 37 55
2624000 37 62
2624500 37 43
2625000 37 54
2625500 37 67
2626000 37 54
2626500 37 56
2627000 37 57
2627500 37 56
2628000 37 57
2628500 37 56
2629000 37 57
2629500 37 54
2630000 37 55
2630500 37 60
2631000 37 52
2631500 37 60
2632000 37 52
2632500 37 53
2633000 37 51
2633500 37 59
2634000 37 48
2634500 37 51
2635000 37 54
2635500 37 49
2636000 37 53
2636500 37 57
2637000 37 53
2637500 37 55
2638000 37 50
2638500 37 52
2639000 37 52
2639500 37 51
2640000 37 53
2640500 37 55
2641000 37 57
2641500 37 50
2642000 37 46
2642500 37 51
2643000 37 52
2643500 37 50
2644000 37 59
2644500 37 50
2645000 37 58
2645500 37 51
2646000 37 58
2646500 37 51
2647000 37 44
2647500 37 57
2648000 37 58
2648500 37 66
2649000 37 54
2649500 37 49
2650000 37 58
2650500 37 54
2651000 37 58
2651500 37 49
2652000 37 57
2652500 37 63
2653000 37 60
2653500 37 53
2654000 37 53
2654500 37 57
2655000 37 57
2655500 37 51
2656000 37 51
2656500 37 59
2657000 37 48
2657500 37 56
2658000 37 48
2658500 37 53
2659000 37 55
2659500 37 57
2660000 37 57
2660500 37 60
2661000 37 62
2661500 37 58
2662000 37 61
2662500 37 52
2663000 37 61
2663500 37 50
2664000 37 54
2664500 37 58
2665000 37 44
2665500 37 55
2666000 37 50
2666500 37 56
2667000 37 54
2667500 37 52
2668000 37 55
2668500 37 57
2669000 37 55
2669500 37 51
2670000 37 54
2670500 37 51
2671000 37 57
2671500 37 56
2672000 37 58
2672500 37 57
2673000 37 56
2673500 37 49
2674000 37 51
2674500 37 49
2675000 37 55
2675500 37 49
2676000 37 50
2676500 37 64
2677000 37 64
2677500 37 54
2678000 37 53
2678500 37 51
2679000 37 58
2679500 37 50
2680000 37 53
2680500 37 52
2681000 37 53
2681500 37 58
2682000 37 58
2682500 37 45
2683000 37 60
2683500 37 47
2684000 37 51
2684500 37 52
2685000 37 48
2685500 37 55
2686000 37 57
2686500 37 52
2687000 37 56
2687500 37 51
2688000 37 56
2688500 37 53
2689000 37 52
2689500 37 50
2690000 37 59
2690500 37 52
2691000 37 61
2691500 37 59
2692000 37 42
2692500 37 51
2693000 37 53
2693500 37 53
2694000 37 58
2694500 37 44
2695000 37 53
2695500 37 49
2696000 37 50
2696500 37 57
2697000 37 57
2697500 37 53
2698000 37 62
2698500 37 56
2699000 37 43
2699500 37 48
2700000 37 53
2700500 37 56
2701000 37 53
2701500 37 51
2702000 37 61
2702500 37 55
2703000 37 52
2703500 37 55
2704000 37 56
2704500 37 49
2705000 37 52
2705500 37 46
2706000 37 68
2706500 37 49
2707000 37 65
2707500 37 57
2708000 37 54
2708500 37 50
2709000 37 52
2709500 37 56
2710000 37 56
2710500 37 49
2711000 37 52
2711500 37 53
2712000 37 51
2712500 37 54
2713000 37 64
2713500 37 62
2714000 37 58
2714500 37 60
2715000 37 48
2715500 37 48
2716000 37 52
2716500 37 46
2717000 37 49
2717500 37 62
2718000 37 60
2718500 37 48
2719000 37 60
2719500 37 60
2720000 37 51
2720500 37 51
2721000 37 58
2721500 37 57
2722000 37 50
2722500 37 51
2723000 37 57
2723500 37 50
2724000 37 64
2724500 37 51
2725000 37 54
2725500 37 66
2726000 37 52
2726500 37 49
2727000 37 58
2727500 37 54
2728000 37 53
2728500 37 55
2729000 37 52
2729500 37 57
2730000 37 50
2730500 37 58
2731000 37 55
2731500 37 65
2732000 37 50
2732500 37 56
2733000 37 55
2733500 37 61
2734000 37 59
2734500 37 59
2735000 37 55
2735500 37 59
2736000 37 47
2736500 37 47
2737000 37 48
2737500 37 57
2738000 37 53
2738500 37 59
2739000 37 67
2739500 37 49
2740000 37 60
2740500 37 51
2741000 37 52
2741500 37 51
2742000 37 62
2742500 37 65
2743000 37 45
2743500 37 56
2744000 37 51
2744500 37 55
2745000 37 50
2745500 37 59
2746000 37 59
2746500 37 51
2747000 37 49
2747500 37 58
2748000 37 56
2748500 37 61
2749000 37 51
2749500 37 53
2750000 37 59
2750500 37 54
2751000 37 48
2751500 37 55
2752000 37 50
2752500 37 47
2753000 37 55
2753500 37 61
2754000 37 53
2754500 37 64
2755000 37 57
2755500 37 54
2756000 37 51
2756500 37 59
2757000 37 56
2757500 37 54
2758000 37 50
2758500 37 52
2759000 37 55
2759500 37 61
2760000 37 54
2760500 37 53
2761000 37 52
2761500 37 51
2762000 37 55
2762500 37 59
2763000 37 49
2763500 37 59
2764000 37 54
2764500 37 58
2765000 37 58
2765500 37 58
2766000 37 57
2766500 37 57
2767000 37 58
2767500 37 58
2768000 37 48
2768500 37 50
2769000 37 58
2769500 37 55
2770000 37 52
2770500 37 58
2771000 37 56
2771500 37 55
2772000 37 52
2772500 37 57
2773000 37 50
2773500 37 55
2774000 37 55
2774500 37 56
2775000 37 57
2775500 37 56
2776000 37 55
2776500 37 49
2777000 37 49
2777500 37 60
2778000 37 52
2778500 37 55
2779000 37 53
2779500 37 53
2780000 37 56
2780500 37 57
2781000 37 58
2781500 37 48
2782000 37 51
2782500 37 53
2783000 37 60
2783500 37 51
2784000 37 63
2784500 37 49
2785000 37 63
2785500 37 49
2786000 37 66
2786500 37 57
2787000 37 52
2787500 37 51
2788000 37 52
2788500 37 52
2789000 37 44
2789500 37 47
2790000 37 47
2790500 37 60
2791000 37 49
2791500 37 57
2792000 37 54
2792500 37 60
2793000 37 54
2793500 37 56
2794000 37 56
2794500 37 52
2795000 37 51
2795500 37 53
2796000 37 57
2796500 37 63
2797000 37 46
2797500 37 50
2798000 37 52
2798500 37 50
2799000 37 65
2799500 37 49
2800000 37 57
2800500 37 53
2801000 37 51
2801500 37 62
2802000 37 60
2802500 37 48
2803000 37 50
2803500 37 52
2804000 37 53
2804500 37 50
2805000 37 54
2805500 37 48
2806000 37 53
2806500 37 53
2807000 37 49
2807500 37 57
2808000 37 52
2808500 37 55
2809000 37 48
2809500 37 46
2810000 37 49
2810500 37 58
2811000 37 45
2811500 37 57
2812000 37 57
2812500 37 58
2813000 37 52
2813500 37 53
2814000 37 58
2814500 37 56
2815000 37 58
2815500 37 49
2816000 37 52
2816500 37 57
2817000 37 48
2817500 37 51
2818000 37 56
2818500 37 48
2819000 37 63
2819500 37 56
2820000 37 50
2820500 37 60
2821000 37 57
2821500 37 53
2822000 37 52
2822500 37 56
2823000 37 50
2823500 37 56
2824000 37 53
2824500 37 52
2825000 37 55
2825500 37 49
2826000 37 50
2826500 37 63
2827000 37 48
2827500 37 52
2828000 37 50
2828500 37 66
2829000 37 59
2829500 37 61
2830000 37 50
2830500 37 57
2831000 37 58
2831500 37 57
2832000 37 57
2832500 37 47
2833000 37 47
2833500 37 53
2834000 37 51
2834500 37 49
2835000 37 53
2835500 37 68
2836000 37 57
2836500 37 52
2837000 37 48
2837500 37 51
2838000 37 57
2838500 37 53
2839000 37 50
2839500 37 54
2840000 37 47
2840500 37 58
2841000 37 52
2841500 37 59
2842000 37 56
2842500 37 58
2843000 37 49
2843500 37 48
2844000 37 49
2844500 37 50
2845000 37 63
2845500 37 50
2846000 37 52
2846500 37 59
2847000 37 58
2847500 37 57
2848000 37 60
2848500 37 61
2849000 37 54
2849500 37 53
2850000 37 49
2850500 37 61
2851000 37 49
2851500 37 55
2852000 37 45
2852500 37 53
2853000 37 45
2853500 37 56
2854000 37 51
2854500 37 58
2855000 37 53
2855500 37 55
2856000 37 52
2856500 37 53
2857000 37 57
2857500 37 60
2858000 37 48
2858500 37 47
2859000 37 65
2859500 37 48
2860000 37 57
2860500 37 52
2861000 37 51
2861500 37 52
2862000 37 57
2862500 37 54
2863000 37 57
2863500 37 60
2864000 37 52
2864500 37 50
2865000 37 51
2865500 37 55
2866000 37 59
2866500 37 55
2867000 37 60
2867500 37 52
2868000 37 58
2868500 37 49
2869000 37 58
2869500 37 57
2870000 37 57
2870500 37 53
2871000 37 59
2871500 37 50
2872000 37 62
2872500 37 55
2873000 37 52
2873500 37 52
2874000 37 57
2874500 37 59
2875000 37 51
2875500 37 51
2876000 37 64
2876500 37 52
2877000 37 48
2877500 37 52
2878000 37 54
2878500 37 57
2879000 37 59
2879500 37 53
2880000 37 54
2880500 37 58
2881000 37 55
2881500 37 54
2882000 37 52
2882500 37 52
2883000 37 59
2883500 37 57
2884000 37 59
2884500 37 48
2885000 37 46
2885500 37 50
2886000 37 50
2886500 37 51
2887000 37 57
2887500 37 54
2888000 37 47
2888500 37 52
2889000 37 56
2889500 37 49
2890000 37 54
2890500 37 52
2891000 37 48
2891500 37 55
2892000 37 60
2892500 37 54
2893000 37 48
2893500 37 51
2894000 37 65
2894500 37 51
2895000 37 56
2895500 37 60
2896000 37 55
2896500 37 47
2897000 37 43
2897500 37 54
2898000 37 43
2898500 37 54
2899000 37 48
2899500 37 52
2900000 37 57
2900500 37 65
2901000 37 53
2901500 37 58
2902000 37 53
2902500 37 52
2903000 37 47
2903500 37 61
2904000 37 52
2904500 37 56
2905000 37 51
2905500 37 56
2906000 37 65
2906500 37 52
2907000 37 64
2907500 37 47
2908000 37 51
2908500 37 53
2909000 37 54
2909500 37 54
2910000 37 57
2910500 37 53
2911000 37 62
2911500 37 59
2912000 37 50
2912500 37 47
2913000 37 58
2913500 37 58
2914000 37 56
2914500 37 45
2915000 37 63
2915500 37 55
2916000 37 66
2916500 37 52
2917000 37 57
2917500 37 53
2918000 37 47
2918500 37 50
2919000 37 47
2919500 37 52
2920000 37 66
2920500 37 61
2921000 37 62
2921500 37 53
2922000 37 50
2922500 37 57
2923000 37 52
2923500 37 47
2924000 37 51
2924500 37 52
2925000 37 60
2925500 37 54
2926000 37 56
2926500 37 53
2927000 37 50
2927500 37 48
2928000 37 56
2928500 37 57
2929000 37 53
2929500 37 57
2930000 37 56
2930500 37 51
2931000 37 51
2931500 37 58
2932000 37 53
2932500 37 55
2933000 37 49
2933500 37 52
2934000 37 50
2934500 37 57
2935000 37 56
2935500 37 46
2936000 37 56
2936500 37 53
2937000 37 49
2937500 37 51
2938000 37 54
2938500 37 50
2939000 37 53
2939500 37 47
2940000 37 54
2940500 37 51
2941000 37 54
2941500 37 53
2942000 37 55
2942500 37 50
2943000 37 51
2943500 37 51
2944000 37 49
2944500 37 54
2945000 37 59
2945500 37 51
2946000 37 60
2946500 37 54
2947000 37 51
2947500 37 54
2948000 37 57
2948500 37 50
2949000 37 52
2949500 37 47
2950000 37 59
2950500 37 58
2951000 37 50
2951500 37 59
2952000 37 64
2952500 37 62
2953000 37 51
2953500 37 56
2954000 37 43
2954500 37 58
2955000 37 61
2955500 37 61
2956000 37 49
2956500 37 49
2957000 37 58
2957500 37 56
2958000 37 56
2958500 37 49
2959000 37 65
2959500 37 47
2960000 37 52
2960500 37 57
2961000 37 60
2961500 37 55
2962000 37 57
2962500 37 58
2963000 37 58
2963500 37 51
2964000 37 48
2964500 37 55
2965000 37 54
2965500 37 46
2966000 37 55
2966500 37 66
2967000 37 54
2967500 37 56
2968000 37 55
2968500 37 50
2969000 37 55
2969500 37 54
2970000 37 49
2970500 37 56
2971000 37 56
2971500 37 56
2972000 37 56
2972500 37 59
2973000 37 48
2973500 37 53
2974000 37 49
2974500 37 54
2975000 37 53
2975500 37 56
2976000 37 57
2976500 37 55
2977000 37 46
2977500 37 55
2978000 37 57
2978500 37 52
2979000 37 55
2979500 37 55
2980000 37 54
2980500 37 57
2981000 37 57
2981500 37 51
2982000 37 49
2982500 37 63
2983000 37 54
2983500 37 53
2984000 37 51
2984500 37 57
2985000 37 54
2985500 37 55
2986000 37 47
2986500 37 59
2987000 37 54
2987500 37 55
2988000 37 54
2988500 37 53
2989000 37 48
2989500 37 54
2990000 37 57
2990500 37 62
2991000 37 51
2991500 37 58
2992000 37 51
2992500 37 52
2993000 37 51
2993500 37 46
2994000 37 58
2994500 37 54
2995000 37 56
2995500 37 57
2996000 37 51
2996500 37 57
2997000 37 57
2997500 37 46
2998000 37 51
2998500 37 47
2999000 37 55
2999500 37 58
3000000 37 56
3000500 37 56
3001000 37 58
3001500 37 60
3002000 37 54
3002500 37 61
3003000 37 54
3003500 37 57
3004000 37 53
3004500 37 53
3005000 37 59
3005500 37 56
3006000 37 57
3006500 37 58
3007000 37 47
3007500 37 49
3008000 37 53
3008500 37 54
3009000 37 56
3009500 37 66
3010000 37 58
3010500 37 52
3011000 37 47
3011500 37 62
3012000 37 50
3012500 37 59
3013000 37 51
3013500 37 55
3014000 37 51
3014500 37 54
3015000 37 52
3015500 37 54
3016000 37 55
3016500 37 60
3017000 37 52
3017500 37 56
3018000 37 58
3018500 37 56
3019000 37 55
3019500 37 59
3020000 37 62
3020500 37 47
3021000 37 50
3021500 37 48
3022000 37 49
3022500 37 50
3023000 37 50
3023500 37 57
3024000 37 52
3024500 37 50
3025000 37 55
3025500 37 59
3026000 37 57
3026500 37 55
3027000 37 51
3027500 37 60
3028000 37 56
3028500 37 54
3029000 37 51
3029500 37 51
3030000 37 47
3030500 37 62
3031000 37 62
3031500 37 55
3032000 37 61
3032500 37 66
3033000 37 57
3033500 37 56
3034000 37 51
3034500 37 57
3035000 37 54
3035500 37 50
3036000 37 57
3036500 37 51
3037000 37 63
3037500 37 54
3038000 37 48
3038500 37 59
3039000 37 54
3039500 37 55
3040000 37 59
3040500 37 55
3041000 37 56
3041500 37 59
3042000 37 59
3042500 37 55
3043000 37 53
3043500 37 62
3044000 37 49
3044500 37 56
3045000 37 56
3045500 37 53
3046000 37 55
3046500 37 54
3047000 37 46
3047500 37 51
3048000 37 46
3048500 37 61
3049000 37 48
3049500 37 58
3050000 37 58
3050500 37 48
3051000 37 51
3051500 37 59
3052000 37 51
3052500 37 54
3053000 37 51
3053500 37 53
3054000 37 51
3054500 37 47
3055000 37 54
3055500 37 55
3056000 37 54
3056500 37 53
3057000 37 52
3057500 37 58
3058000 37 44
3058500 37 55
3059000 37 60
3059500 37 47
3060000 37 51
3060500 37 55
3061000 37 59
3061500 37 54
3062000 37 49
3062500 37 55
3063000 37 55
3063500 37 48
3064000 37 51
3064500 37 52
3065000 37 55
3065500 37 50
3066000 37 55
3066500 37 54
3067000 37 53
3067500 37 50
3068000 37 53
3068500 37 53
3069000 37 60
3069500 37 52
3070000 37 49
3070500 37 46
3071000 37 50
3071500 37 51
3072000 37 59
3072500 37 48
3073000 37 50
3073500 37 52
3074000 37 51
3074500 37 59
3075000 37 53
3075500 37 48
3076000 37 57
3076500 37 59
3077000 37 48
3077500 37 51
3078000 37 66
3078500 37 58
3079000 37 52
3079500 37 59
3080000 37 53
3080500 37 51
3081000 37 59
3081500 37 52
3082000 37 59
3082500 37 60
3083000 37 59
3083500 37 47
3084000 37 48
3084500 37 55
3085000 37 54
3085500 37 55
3086000 37 51
3086500 37 56
3087000 37 58
3087500 37 51
3088000 37 55
3088500 37 51
3089000 37 58
3089500 37 49
3090000 37 49
3090500 37 50
3091000 37 44
3091500 37 56
3092000 37 55
3092500 37 48
3093000 37 49
3093500 37 54
3094000 37 51
3094500 37 51
3095000 37 60
3095500 37 49
3096000 37 47
3096500 37 59
3097000 37 56
3097500 37 58
3098000 37 55
3098500 37 48
3099000 37 48
3099500 37 63
3100000 37 50
3100500 37 58
3101000 37 58
3101500 37 49
3102000 37 43
3102500 37 56
3103000 37 55
3103500 37 62
3104000 37 56
3104500 37 54
3105000 37 51
3105500 37 46
3106000 37 46
3106500 37 53
3107000 37 54
3107500 37 48
3108000 37 51
3108500 37 49
3109000 37 48
3109500 37 43
3110000 37 58
3110500 37 54
3111000 37 54
3111500 37 57
3112000 37 48
3112500 37 66
3113000 37 57
3113500 37 52
3114000 37 52
3114500 37 59
3115000 37 57
3115500 37 52
3116000 37 52
3116500 37 54
3117000 37 59
3117500 37 61
3118000 37 57
3118500 37 50
3119000 37 57
3119500 37 51
3120000 37 45
3120500 37 48
3121000 37 45
3121500 37 57
3122000 37 57
3122500 37 51
3123000 37 47
3123500 37 57
3124000 37 51
3124500 37 57
3125000 37 51
3125500 37 51
3126000 37 48
3126500 37 57
3127000 37 55
3127500 37 46
3128000 37 52
3128500 37 45
3129000 37 54
3129500 37 47
3130000 37 56
3130500 37 54
3131000 37 60
3131500 37 46
3132000 37 60
3132500 37 59
3133000 37 64
3133500 37 57
3134000 37 63
3134500 37 57
3135000 37 57
3135500 37 49
3136000 37 49
3136500 37 49
3137000 37 57
3137500 37 46
3138000 37 60
3138500 37 50
3139000 37 50
3139500 37 50
3140000 37 49
3140500 37 57
3141000 37 53
3141500 37 63
3142000 37 52
3142500 37 52
3143000 37 50
3143500 37 60
3144000 37 59
3144500 37 53
3145000 37 58
3145500 37 53
3146000 37 49
3146500 37 51
3147000 37 52
3147500 37 58
3148000 37 57
3148500 37 57
3149000 37 59
3149500 37 60
3150000 37 59
3150500 37 55
3151000 37 57
3151500 37 61
3152000 37 52
3152500 37 55
3153000 37 53
3153500 37 64
3154000 37 60
3154500 37 58
3155000 37 54
3155500 37 46
3156000 37 51
3156500 37 56
3157000 37 56
3157500 37 47
3158000 37 52
3158500 37 58
3159000 37 52
3159500 37 59
3160000 37 53
3160500 37 65
3161000 37 53
3161500 37 60
3162000 37 51
3162500 37 51
3163000 37 53
3163500 37 51
3164000 37 57
3164500 37 51
3165000 37 55
3165500 37 52
3166000 37 56
3166500 37 51
3167000 37 58
3167500 37 50
3168000 37 49
3168500 37 47
3169000 37 56
3169500 37 52
3170000 37 43
3170500 37 47
3171000 37 56
3171500 37 54
3172000 37 56
3172500 37 58
3173000 37 53
3173500 37 50
3174000 37 52
3174500 37 53
3175000 37 62
3175500 37 60
3176000 37 46
3176500 37 45
3177000 37 58
3177500 37 57
3178000 37 55
3178500 37 57
3179000 37 52
3179500 37 47
3180000 37 50
3180500 37 55
3181000 37 52
3181500 37 48
3182000 37 49
3182500 37 60
3183000 37 61
3183500 37 63
3184000 37 54
3184500 37 61
3185000 37 54
3185500 37 52
3186000 37 53
3186500 37 50
3187000 37 57
3187500 37 51
3188000 37 57
3188500 37 52
3189000 37 57
3189500 37 54
3190000 37 52
3190500 37 49
3191000 37 52
3191500 37 59
3192000 37 46
3192500 37 50
3193000 37 55
3193500 37 55
3194000 37 61
3194500 37 50
3195000 37 58
3195500 37 57
3196000 37 61
3196500 37 50
3197000 37 60
3197500 37 48
3198000 37 50
3198500 37 54
3199000 37 54
3199500 37 50
3200000 37 46
3200500 37 50
3201000 37 59
3201500 37 49
3202000 37 55
3202500 37 47
3203000 37 52
3203500 37 56
3204000 37 54
3204500 37 58
3205000 37 54
3205500 37 56
3206000 37 59
3206500 37 55
3207000 37 48
3207500 37 59
3208000 37 56
3208500 37 53
3209000 37 53
3209500 37 49
3210000 37 46
3210500 37 55
3211000 37 57
3211500 37 52
3212000 37 55
3212500 37 54
3213000 37 60
3213500 37 52
3214000 37 55
3214500 37 60
3215000 37 57
3215500 37 59
3216000 37 51
3216500 37 48
3217000 37 49
3217500 37 50
3218000 37 53
3218500 37 57
3219000 37 50
3219500 37 48
3220000 37 58
3220500 37 58
3221000 37 59
3221500 37 56
3222000 37 55
3222500 37 54
3223000 37 53
3223500 37 64
3224000 37 54
3224500 37 55
3225000 37 49
3225500 37 49
3226000 37 57
3226500 37 50
3227000 37 62
3227500 37 57
3228000 37 60
3228500 37 53
3229000 37 56
3229500 37 51
3230000 37 58
3230500 37 52
3231000 37 56
3231500 37 52
3232000 37 55
3232500 37 53
3233000 37 57
3233500 37 52
3234000 37 58
3234500 37 66
3235000 37 59
3235500 37 56
3236000 37 59
3236500 37 51
3237000 37 56
3237500 37 48
3238000 37 56
3238500 37 53
3239000 37 57
3239500 37 50
3240000 37 56
3240500 37 53
3241000 37 52
3241500 37 52
3242000 37 57
3242500 37 50
3243000 37 49
3243500 37 55
3244000 37 55
3244500 37 63
3245000 37 58
3245500 37 49
3246000 37 57
3246500 37 62
3247000 37 50
3247500 37 51
3248000 37 50
3248500 37 49
3249000 37 52
3249500 37 61
3250000 37 50
3250500 37 55
3251000 37 56
3251500 37 51
3252000 37 50
3252500 37 53
3253000 37 56
3253500 37 53
3254000 37 50
3254500 37 58
3255000 37 61
3255500 37 52
3256000 37 50
3256500 37 53
3257000 37 58
3257500 37 55
3258000 37 45
3258500 37 52
3259000 37 62
3259500 37 58
3260000 37 49
3260500 37 54
3261000 37 55
3261500 37 62
3262000 37 50
3262500 37 51
3263000 37 52
3263500 37 50
3264000 37 59
3264500 37 46
3265000 37 55
3265500 37 52
3266000 37 54
3266500 37 54
3267000 37 45
3267500 37 59
3268000 37 62
3268500 37 59
3269000 37 54
3269500 37 71
3270000 37 60
3270500 37 55
3271000 37 61
3271500 37 63
3272000 37 48
3272500 37 52
3273000 37 50
3273500 37 61
3274000 37 56
3274500 37 54
3275000 37 49
3275500 37 53
3276000 37 60
3276500 37 50
3277000 37 56
3277500 37 56
3278000 37 42
3278500 37 55
3279000 37 56
3279500 37 59
3280000 37 55
3280500 37 52
3281000 37 54
3281500 37 57
3282000 37 52
3282500 37 55
3283000 37 47
3283500 37 55
3284000 37 52
3284500 37 49
3285000 37 59
3285500 37 55
3286000 37 56
3286500 37 44
3287000 37 57
3287500 37 57
3288000 37 58
3288500 37 53
3289000 37 51
3289500 37 59
3290000 37 61
3290500 37 60
3291000 37 51
3291500 37 53
3292000 37 57
3292500 37 48
3293000 37 50
3293500 37 48
3294000 37 60
3294500 37 56
3295000 37 57
3295500 37 54
3296000 37 61
3296500 37 51
3297000 37 50
3297500 37 49
3298000 37 43
3298500 37 60
3299000 37 50
3299500 37 54
3300000 37 56
3300500 37 60
3301000 37 49
3301500 37 59
3302000 37 48
3302500 37 53
3303000 37 51
3303500 37 51
3304000 37 57
3304500 37 55
3305000 37 56
3305500 37 56
3306000 37 57
3306500 37 50
3307000 37 58
3307500 37 53
3308000 37 49
3308500 37 54
3309000 37 61
3309500 37 54
3310000 37 52
3310500 37 51
3311000 37 43
3311500 37 56
3312000 37 62
3312500 37 53
3313000 37 53
3313500 37 53
3314000 37 59
3314500 37 56
3315000 37 55
3315500 37 66
3316000 37 50
3316500 37 54
3317000 37 53
3317500 37 51
3318000 37 53
3318500 37 48
3319000 37 58
3319500 37 46
3320000 37 52
3320500 37 61
3321000 37 53
3321500 37 64
3322000 37 67
3322500 37 58
3323000 37 60
3323500 37 57
3324000 37 60
3324500 37 48
3325000 37 53
3325500 37 57
3326000 37 57
3326500 37 61
3327000 37 58
3327500 37 48
3328000 37 58
3328500 37 59
3329000 37 51
3329500 37 51
3330000 37 54
3330500 37 48
3331000 37 46
3331500 37 52
3332000 37 53
3332500 37 54
3333000 37 56
3333500 37 60
3334000 37 49
3334500 37 54
3335000 37 47
3335500 37 65
3336000 37 53
3336500 37 54
3337000 37 56
3337500 37 56
3338000 37 58
3338500 37 56
3339000 37 49
3339500 37 56
3340000 37 50
3340500 37 53
3341000 37 53
3341500 37 54
3342000 37 54
3342500 37 56
3343000 37 52
3343500 37 58
3344000 37 58
3344500 37 54
3345000 37 52
3345500 37 59
3346000 37 42
3346500 37 57
3347000 37 53
3347500 37 49
3348000 37 54
3348500 37 54
3349000 37 48
3349500 37 75
3350000 37 56
3350500 37 57
3351000 37 53
3351500 37 54
3352000 37 59
3352500 37 56
3353000 37 52
3353500 37 59
3354000 37 51
3354500 37 55
3355000 37 54
3355500 37 53
3356000 37 58
3356500 37 47
3357000 37 45
3357500 37 50
3358000 37 52
3358500 37 47
3359000 37 56
3359500 37 60
3360000 37 51
3360500 37 52
3361000 37 51
3361500 37 55
3362000 37 49
3362500 37 55
3363000 37 47
3363500 37 54
3364000 37 55
3364500 37 57
3365000 37 57
3365500 37 48
3366000 37 55
3366500 37 60
3367000 37 53
3367500 37 53
3368000 37 56
3368500 37 55
3369000 37 56
3369500 37 56
3370000 37 49
3370500 37 58
3371000 37 53
3371500 37 62
3372000 37 61
3372500 37 51
3373000 37 56
3373500 37 50
3374000 37 62
3374500 37 53
3375000 37 56
3375500 37 51
e
