0 126 127
500 119 119
1000 114 116
1500 110 112
2000 107 107
2500 104 106
3000 101 103
3500 96 99
4000 91 94
4500 90 96
5000 86 91
5500 79 84
6000 77 81
6500 76 82
7000 73 79
7500 73 79
8000 71 77
8500 67 77
9000 64 73
9500 64 75
10000 62 70
10500 61 75
11000 60 68
11500 59 65
12000 58 66
12500 58 68
13000 56 67
13500 56 69
14000 56 75
14500 55 70
15000 55 65
15500 54 71
16000 53 64
16500 52 70
17000 51 66
17500 50 55
18000 50 62
18500 50 64
19000 49 60
19500 49 65
20000 49 64
20500 49 62
21000 49 58
21500 49 61
22000 49 66
22500 49 60
23000 48 63
23500 48 56
24000 48 65
24500 48 65
25000 48 60
25500 48 56
26000 48 55
26500 48 54
27000 47 60
27500 47 57
28000 47 55
28500 47 56
29000 47 58
29500 47 57
30000 47 59
30500 47 55
31000 47 58
31500 47 65
32000 47 58
32500 47 57
33000 47 54
33500 47 64
34000 47 68
34500 47 59
35000 47 60
35500 47 56
36000 47 60
36500 47 67
37000 47 60
37500 47 60
38000 47 58
38500 47 62
39000 47 59
39500 47 54
40000 47 64
40500 47 63
41000 47 50
41500 47 55
42000 47 63
42500 47 59
43000 47 63
43500 47 64
44000 47 63
44500 47 62
45000 47 56
45500 46 60
46000 46 58
46500 46 59
47000 46 66
47500 46 62
48000 46 59
48500 46 59
49000 46 57
49500 46 61
50000 46 57
50500 46 58
51000 46 59
51500 46 55
52000 46 59
52500 46 52
53000 46 62
53500 46 59
54000 46 64
54500 46 62
55000 46 59
55500 46 61
56000 46 60
56500 46 52
57000 46 62
57500 46 57
58000 46 56
58500 46 56
59000 46 56
59500 46 61
60000 46 56
60500 46 64
61000 46 56
61500 46 63
62000 46 62
62500 46 59
63000 46 59
63500 46 55
64000 46 54
64500 46 62
65000 46 56
65500 46 61
66000 46 57
66500 46 62
67000 46 65
67500 46 49
68000 45 52
68500 45 54
69000 45 60
69500 45 56
70000 45 60
70500 45 60
71000 45 58
71500 45 63
72000 45 59
72500 45 55
73000 45 55
73500 45 53
74000 45 63
74500 44 59
75000 44 53
75500 44 54
76000 44 54
76500 44 57
77000 44 56
77500 44 51
78000 44 56
78500 44 56
79000 44 53
79500 44 59
80000 44 60
80500 44 54
81000 44 60
81500 44 57
82000 44 56
82500 44 65
83000 44 55
83500 44 63
84000 44 57
84500 44 61
85000 44 52
85500 44 54
86000 44 62
86500 44 54
87000 44 53
87500 44 56
88000 44 62
88500 44 63
89000 44 56
89500 44 56
90000 44 57
90500 44 59
91000 44 58
91500 44 51
92000 44 52
92500 44 56
93000 44 59
93500 44 56
94000 44 55
94500 44 60
95000 44 66
95500 44 57
96000 44 58
96500 44 50
97000 44 54
97500 44 56
98000 44 58
98500 44 58
99000 44 53
99500 44 58
100000 44 64
100500 44 53
101000 44 56
101500 44 61
102000 44 57
102500 44 61
103000 44 65
103500 44 60
104000 44 62
104500 44 57
105000 44 58
105500 43 53
106000 43 51
106500 43 55
107000 43 52
107500 43 60
108000 43 54
108500 43 56
109000 43 64
109500 43 56
110000 43 58
110500 43 57
111000 43 55
111500 43 53
112000 43 58
112500 43 59
113000 43 54
113500 43 57
114000 43 61
114500 43 53
115000 43 52
115500 43 61
116000 43 52
116500 43 55
117000 43 58
117500 43 65
118000 43 62
118500 43 63
119000 43 54
119500 43 53
120000 43 56
120500 43 61
121000 43 57
121500 43 51
122000 43 56
122500 43 55
123000 43 55
123500 43 60
124000 43 49
124500 43 57
125000 43 53
125500 43 64
126000 43 57
126500 43 59
127000 43 56
127500 43 59
128000 43 63
128500 43 58
129000 43 54
129500 43 60
130000 43 61
130500 43 59
131000 43 57
131500 43 56
132000 43 50
132500 43 56
133000 43 57
133500 43 59
134000 43 65
134500 43 51
135000 43 59
135500 43 63
136000 43 59
136500 43 51
137000 43 68
137500 43 57
138000 43 58
138500 43 53
139000 43 59
139500 43 62
140000 43 60
140500 43 59
141000 43 64
141500 43 57
142000 43 52
142500 43 58
143000 43 62
143500 43 58
144000 43 55
144500 43 57
145000 43 54
145500 43 60
146000 43 54
146500 43 57
147000 43 58
147500 43 56
148000 43 54
148500 43 50
149000 43 57
149500 43 52
150000 43 54
150500 43 54
151000 43 54
151500 43 50
152000 43 58
152500 43 59
153000 43 54
153500 43 64
154000 43 60
154500 43 53
155000 43 59
155500 43 49
156000 43 58
156500 43 54
157000 43 57
157500 43 58
158000 43 53
158500 43 61
159000 43 53
159500 43 56
160000 43 56
160500 43 51
161000 43 56
161500 43 58
162000 43 52
162500 43 52
163000 43 57
163500 43 54
164000 43 55
164500 43 52
165000 43 57
165500 43 63
166000 43 59
166500 43 63
167000 43 54
167500 43 51
168000 43 53
168500 43 57
169000 43 53
169500 43 53
170000 43 55
170500 43 60
171000 43 60
171500 43 59
172000 43 59
172500 43 57
173000 43 54
173500 43 57
174000 43 55
174500 43 52
175000 43 60
175500 43 59
176000 43 49
176500 43 58
177000 43 58
177500 43 60
178000 43 59
178500 43 54
179000 43 54
179500 43 57
180000 43 57
180500 43 52
181000 43 62
181500 43 60
182000 43 56
182500 43 51
183000 43 62
183500 43 52
184000 43 54
184500 43 60
185000 43 52
185500 43 57
186000 43 60
186500 43 54
187000 43 53
187500 43 57
188000 43 51
188500 43 59
189000 43 57
189500 43 59
190000 43 55
190500 43 54
191000 43 57
191500 43 55
192000 43 57
192500 43 57
193000 43 56
193500 43 54
194000 43 57
194500 43 60
195000 43 57
195500 43 54
196000 43 56
196500 43 71
197000 43 60
197500 43 62
198000 43 60
198500 43 56
199000 43 58
199500 43 52
200000 43 59
200500 43 59
201000 43 54
201500 43 54
202000 43 60
202500 43 62
203000 43 57
203500 43 53
204000 43 49
204500 43 57
205000 43 56
205500 43 51
206000 43 54
206500 43 56
207000 43 51
207500 43 59
208000 43 57
208500 43 62
209000 43 51
209500 43 62
210000 43 56
210500 43 58
211000 43 56
211500 43 51
212000 43 61
212500 43 53
213000 43 56
213500 43 55
214000 43 51
214500 43 55
215000 43 55
215500 43 62
216000 43 55
216500 43 55
217000 43 56
217500 43 62
218000 43 59
218500 43 62
219000 43 58
219500 43 62
220000 43 52
220500 43 60
221000 43 55
221500 43 54
222000 43 60
222500 43 51
223000 43 54
223500 43 53
224000 43 58
224500 43 53
225000 43 54
225500 43 54
226000 43 61
226500 43 59
227000 43 55
227500 43 54
228000 43 57
228500 43 60
229000 43 56
229500 43 58
230000 43 56
230500 43 51
231000 43 60
231500 43 58
232000 43 60
232500 43 52
233000 43 61
233500 43 52
234000 43 58
234500 43 59
235000 43 58
235500 43 52
236000 43 55
236500 43 62
237000 43 53
237500 43 54
238000 43 58
238500 43 58
239000 43 63
239500 43 57
240000 43 52
240500 43 58
241000 43 58
241500 43 60
242000 43 49
242500 43 58
243000 43 61
243500 43 57
244000 43 53
244500 43 52
245000 43 51
245500 43 51
246000 43 60
246500 43 54
247000 43 56
247500 43 56
248000 43 56
248500 43 57
249000 43 56
249500 43 62
250000 43 58
250500 43 58
251000 43 60
251500 43 57
252000 43 56
252500 43 54
253000 43 62
253500 43 55
254000 43 51
254500 43 52
255000 43 57
255500 43 57
256000 43 53
256500 43 53
257000 43 57
257500 43 58
258000 43 53
258500 43 54
259000 43 54
259500 43 57
260000 43 49
260500 43 57
261000 43 59
261500 43 56
262000 43 57
262500 43 54
263000 43 57
263500 43 48
264000 43 63
264500 43 54
265000 43 66
265500 43 56
266000 43 60
266500 43 58
267000 43 57
267500 43 59
268000 43 55
268500 43 60
269000 43 61
269500 43 57
270000 43 56
270500 43 56
271000 43 64
271500 43 55
272000 43 58
272500 43 61
273000 43 55
273500 43 64
274000 43 63
274500 43 58
275000 43 58
275500 43 56
276000 43 62
276500 43 47
277000 43 59
277500 43 59
278000 43 50
278500 43 53
279000 43 59
279500 43 53
280000 43 62
280500 43 64
281000 43 61
281500 43 53
282000 43 58
282500 43 55
283000 43 58
283500 43 53
284000 43 56
284500 43 55
285000 43 60
285500 43 55
286000 43 56
286500 43 54
287000 43 50
287500 43 56
288000 43 52
288500 43 52
289000 43 52
289500 43 59
290000 43 52
290500 43 52
291000 43 58
291500 43 63
292000 43 58
292500 43 65
293000 43 54
293500 43 59
294000 43 61
294500 43 60
295000 43 58
295500 43 51
296000 43 51
296500 43 60
297000 43 64
297500 43 53
298000 43 55
298500 43 57
299000 43 54
299500 43 50
300000 43 57
300500 43 59
301000 43 56
301500 43 53
302000 43 53
302500 43 55
303000 43 51
303500 43 61
304000 43 51
304500 43 54
305000 43 50
305500 43 55
306000 43 55
306500 43 53
307000 43 58
307500 43 54
308000 43 60
308500 43 55
309000 43 60
309500 43 57
310000 43 58
310500 43 61
311000 43 52
311500 43 58
312000 43 55
312500 42 56
313000 42 50
313500 42 58
314000 42 56
314500 42 63
315000 42 56
315500 42 55
316000 42 55
316500 42 57
317000 42 60
317500 42 54
318000 42 52
318500 42 60
319000 42 51
319500 42 56
320000 42 59
320500 42 53
321000 42 56
321500 42 53
322000 42 55
322500 42 58
323000 42 58
323500 42 50
324000 42 53
324500 42 57
325000 42 54
325500 42 65
326000 42 51
326500 42 53
327000 42 55
327500 42 56
328000 42 52
328500 42 51
329000 42 67
329500 42 56
330000 42 53
330500 42 62
331000 42 53
331500 42 49
332000 42 53
332500 42 55
333000 42 54
333500 42 58
334000 42 55
334500 42 57
335000 42 58
335500 42 63
336000 42 53
336500 42 58
337000 42 60
337500 42 56
338000 42 57
338500 42 55
339000 42 59
339500 42 52
340000 42 56
340500 42 48
341000 42 59
341500 42 57
342000 42 56
342500 42 54
343000 42 57
343500 42 55
344000 42 58
344500 42 54
345000 42 65
345500 42 61
346000 42 47
346500 42 51
347000 42 56
347500 42 52
348000 42 57
348500 42 61
349000 42 57
349500 42 55
350000 42 59
350500 42 54
351000 42 55
351500 42 50
352000 42 51
352500 42 53
353000 42 62
353500 42 62
354000 42 58
354500 42 52
355000 42 55
355500 42 47
356000 42 54
356500 42 55
357000 42 63
357500 42 50
358000 42 56
358500 42 54
359000 42 53
359500 42 53
360000 42 65
360500 42 69
361000 42 63
361500 42 47
362000 42 52
362500 42 55
363000 42 57
363500 42 45
364000 42 52
364500 42 53
365000 42 55
365500 42 57
366000 42 53
366500 42 54
367000 42 61
367500 42 56
368000 42 47
368500 42 51
369000 42 58
369500 42 59
370000 42 59
370500 42 49
371000 42 54
371500 42 54
372000 42 54
372500 42 55
373000 42 52
373500 42 65
374000 42 53
374500 42 55
375000 42 55
375500 42 54
376000 42 59
376500 42 60
377000 42 56
377500 42 59
378000 42 56
378500 42 55
379000 42 54
379500 42 57
380000 42 59
380500 42 61
381000 42 47
381500 42 55
382000 42 59
382500 42 52
383000 42 53
383500 42 55
384000 42 57
384500 42 51
385000 42 55
385500 42 61
386000 42 62
386500 42 54
387000 42 53
387500 42 53
388000 42 54
388500 42 60
389000 42 60
389500 42 58
390000 42 58
390500 42 50
391000 42 54
391500 42 60
392000 42 50
392500 42 53
393000 42 49
393500 42 68
394000 42 48
394500 42 55
395000 42 57
395500 42 63
396000 42 58
396500 42 54
397000 42 52
397500 42 59
398000 42 56
398500 42 53
399000 42 58
399500 42 50
400000 42 60
400500 42 61
401000 42 52
401500 42 52
402000 42 52
402500 42 55
403000 42 54
403500 42 64
404000 42 57
404500 42 57
405000 42 55
405500 42 57
406000 42 58
406500 42 56
407000 42 51
407500 42 53
408000 42 55
408500 42 61
409000 42 61
409500 42 50
410000 42 56
410500 42 54
411000 42 64
411500 42 58
412000 42 56
412500 42 52
413000 42 53
413500 42 56
414000 42 63
414500 42 58
415000 42 57
415500 42 52
416000 42 54
416500 42 57
417000 42 56
417500 42 59
418000 42 56
418500 42 57
419000 42 50
419500 42 57
420000 42 55
420500 42 53
421000 42 55
421500 42 53
422000 42 57
422500 42 62
423000 42 48
423500 42 57
424000 42 53
424500 42 62
425000 42 55
425500 42 57
426000 42 59
426500 42 52
427000 42 61
427500 42 49
428000 42 57
428500 42 56
429000 42 57
429500 42 47
430000 42 55
430500 42 66
431000 42 50
431500 42 54
432000 42 57
432500 42 54
433000 42 51
433500 42 60
434000 42 55
434500 42 51
435000 42 58
435500 42 61
436000 42 61
436500 42 60
437000 42 58
437500 42 59
438000 42 56
438500 42 65
439000 42 54
439500 42 55
440000 42 51
440500 42 55
441000 42 57
441500 42 59
442000 42 54
442500 42 57
443000 42 56
443500 42 52
444000 42 53
444500 42 63
445000 42 60
445500 42 59
446000 42 53
446500 42 61
447000 42 64
447500 42 58
448000 42 53
448500 42 58
449000 42 62
449500 42 52
450000 42 53
450500 42 49
451000 42 55
451500 42 58
452000 42 55
452500 42 56
453000 42 57
453500 42 56
454000 42 60
454500 42 60
455000 42 50
455500 42 49
456000 42 50
456500 42 53
457000 42 56
457500 42 57
458000 42 60
458500 42 61
459000 42 58
459500 42 53
460000 42 64
460500 42 49
461000 42 52
461500 42 49
462000 42 55
462500 42 58
463000 42 55
463500 42 59
464000 42 60
464500 42 49
465000 42 56
465500 42 54
466000 42 53
466500 42 52
467000 42 61
467500 42 59
468000 42 52
468500 42 60
469000 42 51
469500 42 50
470000 42 52
470500 42 59
471000 42 51
471500 42 63
472000 42 53
472500 42 53
473000 42 58
473500 42 58
474000 42 56
474500 42 63
475000 42 56
475500 42 57
476000 42 60
476500 42 61
477000 42 62
477500 42 60
478000 42 52
478500 42 56
479000 42 58
479500 42 53
480000 42 54
480500 42 53
481000 42 58
481500 42 53
482000 42 49
482500 42 49
483000 42 52
483500 42 52
484000 42 60
484500 42 60
485000 42 54
485500 42 56
486000 42 56
486500 42 55
487000 42 56
487500 42 58
488000 42 51
488500 42 56
489000 42 51
489500 42 49
490000 42 57
490500 42 59
491000 42 59
491500 42 52
492000 42 53
492500 42 55
493000 42 53
493500 42 63
494000 42 58
494500 42 54
495000 42 56
495500 42 54
496000 42 61
496500 42 56
497000 42 55
497500 42 55
498000 42 61
498500 42 59
499000 42 52
499500 42 52
500000 42 54
500500 42 52
501000 42 53
501500 42 60
502000 42 52
502500 42 57
503000 42 61
503500 42 55
504000 42 47
504500 42 56
505000 42 54
505500 42 53
506000 42 53
506500 42 57
507000 42 51
507500 42 57
508000 42 56
508500 42 58
509000 42 65
509500 42 57
510000 42 59
510500 42 58
511000 42 60
511500 42 61
512000 42 55
512500 42 54
513000 42 57
513500 42 55
514000 42 53
514500 42 52
515000 42 57
515500 42 57
516000 42 56
516500 42 54
517000 42 52
517500 42 54
518000 42 56
518500 42 57
519000 42 55
519500 42 56
520000 42 51
520500 42 57
521000 42 56
521500 42 57
522000 42 59
522500 42 52
523000 42 57
523500 42 59
524000 42 57
524500 42 56
525000 42 57
525500 42 58
526000 42 63
526500 42 54
527000 42 54
527500 42 57
528000 42 51
528500 42 55
529000 42 57
529500 42 58
530000 42 55
530500 42 57
531000 42 59
531500 42 57
532000 42 54
532500 42 58
533000 42 57
533500 42 54
534000 42 56
534500 42 62
535000 42 54
535500 42 61
536000 42 51
536500 42 56
537000 42 62
537500 42 55
538000 42 63
538500 42 62
539000 42 53
539500 42 59
540000 42 56
540500 42 52
541000 42 62
541500 42 56
542000 42 55
542500 42 55
543000 42 59
543500 42 57
544000 42 54
544500 42 58
545000 42 56
545500 42 57
546000 42 51
546500 42 61
547000 42 56
547500 42 60
548000 42 58
548500 42 57
549000 42 54
549500 42 56
550000 42 57
550500 42 63
551000 42 56
551500 42 47
552000 42 55
552500 42 57
553000 42 58
553500 42 55
554000 42 52
554500 42 59
555000 42 54
555500 42 56
556000 42 66
556500 42 49
557000 42 56
557500 42 54
558000 42 50
558500 42 52
559000 42 45
559500 42 51
560000 42 51
560500 42 51
561000 42 60
561500 42 54
562000 42 51
562500 42 53
563000 42 55
563500 42 58
564000 42 56
564500 42 59
565000 42 48
565500 42 58
566000 42 74
566500 42 59
567000 42 52
567500 42 51
568000 42 51
568500 42 49
569000 42 59
569500 42 52
570000 42 56
570500 42 57
571000 42 56
571500 42 58
572000 42 59
572500 42 54
573000 42 53
573500 42 55
574000 42 62
574500 42 61
575000 42 61
575500 42 60
576000 42 53
576500 42 57
577000 42 54
577500 42 53
578000 42 65
578500 42 54
579000 42 52
579500 42 55
580000 42 56
580500 42 56
581000 42 59
581500 42 60
582000 42 53
582500 42 58
583000 42 58
583500 42 62
584000 42 51
584500 42 65
585000 42 49
585500 42 56
586000 42 62
586500 42 54
587000 42 57
587500 42 51
588000 42 56
588500 42 54
589000 42 68
589500 42 52
590000 42 58
590500 42 59
591000 42 56
591500 42 56
592000 42 50
592500 42 55
593000 42 51
593500 42 57
594000 42 54
594500 42 62
595000 42 52
595500 42 47
596000 42 54
596500 41 61
597000 41 50
597500 41 56
598000 41 56
598500 41 59
599000 41 61
599500 41 58
600000 41 52
600500 41 54
601000 41 52
601500 41 54
602000 41 57
602500 41 60
603000 41 52
603500 41 54
604000 41 56
604500 41 63
605000 41 60
605500 41 61
606000 41 59
606500 41 59
607000 41 59
607500 41 59
608000 41 55
608500 41 57
609000 41 64
609500 41 55
610000 41 51
610500 41 53
611000 41 53
611500 41 55
612000 41 57
612500 41 47
613000 41 55
613500 41 56
614000 41 57
614500 41 52
615000 41 55
615500 41 54
616000 41 53
616500 41 53
617000 41 55
617500 41 51
618000 41 55
618500 41 46
619000 41 63
619500 41 49
620000 41 60
620500 41 54
621000 41 53
621500 41 53
622000 41 58
622500 41 54
623000 41 56
623500 41 56
624000 41 59
624500 41 59
625000 41 51
625500 41 52
626000 41 49
626500 41 53
627000 41 56
627500 41 57
628000 41 55
628500 41 48
629000 41 53
629500 41 52
630000 41 56
630500 41 55
631000 41 55
631500 41 52
632000 41 56
632500 41 55
633000 41 53
633500 41 57
634000 41 57
634500 41 53
635000 41 53
635500 41 56
636000 41 56
636500 41 54
637000 41 57
637500 41 48
638000 41 53
638500 41 56
639000 41 53
639500 41 63
640000 41 51
640500 41 56
641000 41 54
641500 41 52
642000 41 54
642500 41 54
643000 41 54
643500 41 54
644000 41 57
644500 41 60
645000 41 56
645500 41 54
646000 41 55
646500 41 61
647000 41 51
647500 41 55
648000 41 47
648500 41 53
649000 41 57
649500 41 52
650000 41 58
650500 41 54
651000 41 52
651500 41 59
652000 41 57
652500 41 57
653000 41 55
653500 41 53
654000 41 53
654500 41 54
655000 41 53
655500 41 51
656000 41 54
656500 41 57
657000 41 56
657500 41 55
658000 41 51
658500 41 55
659000 41 57
659500 41 57
660000 41 56
660500 41 57
661000 41 51
661500 41 53
662000 41 52
662500 41 60
663000 41 55
663500 41 51
664000 41 51
664500 41 53
665000 41 62
665500 41 53
666000 41 61
666500 41 55
667000 41 59
667500 41 54
668000 41 49
668500 41 54
669000 41 50
669500 41 60
670000 41 52
670500 41 58
671000 41 52
671500 41 52
672000 41 55
672500 41 52
673000 41 56
673500 41 59
674000 41 54
674500 41 48
675000 41 57
675500 41 52
676000 41 58
676500 41 55
677000 41 63
677500 41 55
678000 41 54
678500 41 50
679000 41 60
679500 41 58
680000 41 52
680500 41 51
681000 41 52
681500 41 53
682000 41 61
682500 41 54
683000 41 63
683500 41 53
684000 41 53
684500 41 54
685000 41 56
685500 41 59
686000 41 52
686500 41 51
687000 41 48
687500 41 56
688000 41 57
688500 41 54
689000 41 58
689500 41 59
690000 41 57
690500 41 48
691000 41 57
691500 41 49
692000 41 59
692500 41 53
693000 41 57
693500 41 54
694000 41 52
694500 41 45
695000 41 54
695500 41 51
696000 41 60
696500 41 50
697000 41 55
697500 41 57
698000 41 56
698500 41 54
699000 41 63
699500 41 50
700000 41 54
700500 41 55
701000 41 59
701500 41 55
702000 41 55
702500 41 50
703000 41 51
703500 41 47
704000 41 52
704500 41 53
705000 41 52
705500 41 54
706000 41 57
706500 41 55
707000 41 53
707500 41 55
708000 41 51
708500 41 62
709000 41 54
709500 41 59
710000 41 58
710500 41 51
711000 41 60
711500 41 55
712000 41 53
712500 41 51
713000 41 53
713500 41 56
714000 41 49
714500 41 51
715000 41 48
715500 41 55
716000 41 56
716500 41 59
717000 41 56
717500 41 59
718000 41 56
718500 41 56
719000 41 54
719500 41 54
720000 41 54
720500 41 58
721000 41 57
721500 41 62
722000 41 51
722500 41 56
723000 41 53
723500 41 53
724000 41 54
724500 41 50
725000 41 56
725500 41 56
726000 41 59
726500 41 52
727000 41 61
727500 41 59
728000 41 54
728500 41 56
729000 41 51
729500 41 57
730000 41 49
730500 41 55
731000 41 53
731500 41 48
732000 41 52
732500 41 59
733000 41 66
733500 41 52
734000 41 54
734500 41 54
735000 41 59
735500 41 54
736000 41 55
736500 41 57
737000 41 55
737500 41 53
738000 41 59
738500 41 53
739000 41 57
739500 41 54
740000 41 54
740500 41 51
741000 41 60
741500 41 55
742000 41 56
742500 41 51
743000 41 52
743500 41 55
744000 41 51
744500 41 56
745000 41 59
745500 41 56
746000 41 57
746500 41 52
747000 41 52
747500 41 53
748000 41 52
748500 41 54
749000 41 55
749500 41 50
750000 41 56
750500 41 54
751000 41 57
751500 41 49
752000 41 50
752500 41 64
753000 41 51
753500 41 49
754000 41 55
754500 41 61
755000 41 55
755500 41 53
756000 41 54
756500 41 55
757000 41 54
757500 41 56
758000 41 54
758500 41 50
759000 41 54
759500 41 57
760000 41 55
760500 41 59
761000 41 55
761500 41 54
762000 41 63
762500 41 56
763000 41 57
763500 41 56
764000 41 58
764500 41 55
765000 41 52
765500 41 56
766000 41 48
766500 41 50
767000 41 50
767500 41 57
768000 41 53
768500 41 54
769000 41 61
769500 41 58
770000 41 55
770500 41 59
771000 41 61
771500 41 53
772000 41 55
772500 41 59
773000 41 56
773500 41 56
774000 41 54
774500 41 56
775000 41 62
775500 41 55
776000 41 68
776500 41 59
777000 41 62
777500 41 51
778000 41 52
778500 41 57
779000 41 53
779500 41 53
780000 41 47
780500 41 57
781000 41 56
781500 41 54
782000 41 49
782500 41 57
783000 41 59
783500 41 54
784000 41 57
784500 41 48
785000 41 52
785500 41 59
786000 41 50
786500 41 55
787000 41 61
787500 41 61
788000 41 52
788500 41 52
789000 41 59
789500 41 58
790000 41 64
790500 41 54
791000 41 60
791500 41 59
792000 41 64
792500 41 51
793000 41 54
793500 41 50
794000 41 60
794500 41 56
795000 41 56
795500 41 58
796000 41 56
796500 41 61
797000 41 58
797500 41 58
798000 41 58
798500 41 52
799000 41 53
799500 41 48
800000 41 55
800500 41 50
801000 41 52
801500 41 50
802000 41 47
802500 41 50
803000 41 55
803500 41 59
804000 41 52
804500 41 53
805000 41 54
805500 41 58
806000 41 56
806500 41 57
807000 41 57
807500 41 54
808000 41 57
808500 41 55
809000 41 47
809500 41 66
810000 41 47
810500 41 56
811000 41 49
811500 41 59
812000 41 57
812500 41 51
813000 41 55
813500 41 50
814000 41 52
814500 41 56
815000 41 56
815500 41 51
816000 41 58
816500 41 55
817000 41 64
817500 41 56
818000 41 55
818500 41 57
819000 41 60
819500 41 57
820000 41 63
820500 41 52
821000 41 55
821500 41 58
822000 41 60
822500 41 54
823000 41 51
823500 41 56
824000 41 57
824500 41 64
825000 41 55
825500 41 55
826000 41 58
826500 41 54
827000 41 55
827500 41 55
828000 41 60
828500 41 51
829000 41 51
829500 41 57
830000 41 53
830500 41 62
831000 41 52
831500 41 49
832000 41 58
832500 41 57
833000 41 53
833500 41 53
834000 41 47
834500 41 48
835000 41 51
835500 41 57
836000 41 57
836500 41 55
837000 41 59
837500 41 54
838000 41 57
838500 41 56
839000 41 52
839500 41 51
840000 41 55
840500 41 54
841000 41 58
841500 41 51
842000 41 54
842500 41 57
843000 41 61
843500 41 48
844000 41 48
844500 41 53
845000 41 49
845500 41 56
846000 41 55
846500 41 54
847000 41 63
847500 41 55
848000 41 57
848500 41 54
849000 41 58
849500 41 54
850000 41 56
850500 41 60
851000 41 56
851500 41 58
852000 41 52
852500 41 59
853000 41 52
853500 41 53
854000 41 60
854500 41 57
855000 41 52
855500 41 55
856000 41 58
856500 41 59
857000 41 60
857500 41 57
858000 41 59
858500 41 56
859000 41 54
859500 41 52
860000 41 56
860500 41 54
861000 41 50
861500 41 57
862000 41 54
862500 41 54
863000 41 55
863500 41 58
864000 41 56
864500 41 52
865000 41 48
865500 41 62
866000 41 53
866500 41 48
867000 41 63
867500 41 50
868000 41 51
868500 41 58
869000 41 53
869500 41 54
870000 41 56
870500 41 52
871000 41 48
871500 41 50
872000 41 53
872500 41 54
873000 41 54
873500 41 57
874000 41 52
874500 41 49
875000 41 50
875500 41 51
876000 41 52
876500 41 56
877000 41 57
877500 41 54
878000 41 57
878500 41 52
879000 41 56
879500 41 59
880000 41 56
880500 41 59
881000 41 58
881500 41 55
882000 41 53
882500 41 63
883000 41 57
883500 41 53
884000 41 55
884500 41 56
885000 41 57
885500 41 52
886000 41 49
886500 41 59
887000 41 64
887500 41 57
888000 41 58
888500 41 56
889000 41 53
889500 41 60
890000 41 57
890500 41 52
891000 41 57
891500 41 56
892000 41 48
892500 41 45
893000 41 55
893500 41 61
894000 41 58
894500 41 51
895000 41 68
895500 41 56
896000 41 57
896500 41 54
897000 41 51
897500 41 58
898000 41 61
898500 41 54
899000 41 55
899500 41 54
900000 41 54
900500 41 55
901000 41 55
901500 41 61
902000 41 52
902500 41 57
903000 41 57
903500 41 54
904000 41 56
904500 41 53
905000 41 55
905500 41 55
906000 41 56
906500 41 51
907000 41 52
907500 41 56
908000 41 54
908500 41 56
909000 41 56
909500 41 53
910000 41 54
910500 41 54
911000 41 50
911500 41 56
912000 41 54
912500 41 54
913000 41 55
913500 41 57
914000 41 62
914500 41 51
915000 41 59
915500 41 53
916000 41 51
916500 41 59
917000 41 54
917500 41 50
918000 41 55
918500 41 58
919000 41 55
919500 41 52
920000 41 55
920500 41 58
921000 41 48
921500 41 52
922000 41 54
922500 41 56
923000 41 57
923500 41 55
924000 41 52
924500 41 65
925000 41 58
925500 41 48
926000 41 55
926500 41 45
927000 41 56
927500 41 54
928000 41 62
928500 41 59
929000 41 65
929500 41 58
930000 41 50
930500 41 56
931000 41 49
931500 41 57
932000 41 54
932500 41 60
933000 41 53
933500 41 54
934000 41 53
934500 41 53
935000 41 53
935500 41 47
936000 41 61
936500 41 54
937000 41 55
937500 41 60
938000 41 56
938500 41 52
939000 41 50
939500 41 50
940000 41 56
940500 41 51
941000 41 59
941500 41 49
942000 41 58
942500 41 57
943000 41 61
943500 41 54
944000 41 61
944500 41 53
945000 41 58
945500 41 54
946000 41 54
946500 41 51
947000 41 56
947500 41 53
948000 41 53
948500 41 56
949000 41 53
949500 41 54
950000 41 57
950500 41 55
951000 41 50
951500 41 57
952000 41 51
952500 41 67
953000 41 57
953500 41 55
954000 41 57
954500 41 57
955000 41 54
955500 41 59
956000 41 58
956500 41 55
957000 41 51
957500 41 61
958000 41 49
958500 41 60
959000 41 54
959500 41 67
960000 41 54
960500 41 52
961000 41 55
961500 41 52
962000 41 52
962500 41 52
963000 41 53
963500 41 54
964000 41 64
964500 41 51
965000 41 54
965500 41 56
966000 41 56
966500 41 53
967000 41 57
967500 41 58
968000 41 67
968500 41 60
969000 41 54
969500 41 55
970000 41 54
970500 41 50
971000 41 49
971500 41 55
972000 41 56
972500 41 54
973000 41 54
973500 41 56
974000 41 55
974500 41 58
975000 41 53
975500 41 54
976000 41 52
976500 41 49
977000 41 47
977500 41 53
978000 41 56
978500 41 55
979000 41 54
979500 41 66
980000 41 53
980500 41 51
981000 41 53
981500 41 67
982000 41 56
982500 41 55
983000 41 55
983500 41 54
984000 41 55
984500 41 50
985000 41 50
985500 41 55
986000 41 63
986500 41 59
987000 41 62
987500 41 53
988000 41 62
988500 41 60
989000 41 48
989500 41 54
990000 41 55
990500 41 54
991000 41 56
991500 41 47
992000 41 57
992500 41 59
993000 41 48
993500 41 59
994000 41 51
994500 41 64
995000 41 58
995500 41 51
996000 41 58
996500 41 55
997000 41 57
997500 41 55
998000 41 56
998500 41 53
999000 41 56
999500 41 52
1000000 41 53
1000500 41 50
1001000 41 56
1001500 41 51
1002000 41 52
1002500 41 53
1003000 41 57
1003500 41 48
1004000 41 53
1004500 41 55
1005000 41 53
1005500 41 60
1006000 41 49
1006500 41 52
1007000 41 49
1007500 41 59
1008000 41 53
1008500 41 55
1009000 41 52
1009500 41 51
1010000 41 55
1010500 41 60
1011000 41 53
1011500 41 53
1012000 41 61
1012500 41 54
1013000 41 54
1013500 41 56
1014000 41 58
1014500 41 48
1015000 41 53
1015500 41 49
1016000 41 60
1016500 41 52
1017000 41 56
1017500 41 57
1018000 41 56
1018500 41 57
1019000 41 44
1019500 41 55
1020000 41 59
1020500 41 57
1021000 41 58
1021500 41 65
1022000 41 52
1022500 41 55
1023000 41 54
1023500 41 58
1024000 41 60
1024500 41 56
1025000 41 52
1025500 41 57
1026000 41 60
1026500 41 52
1027000 41 55
1027500 41 52
1028000 41 57
1028500 41 51
1029000 41 58
1029500 41 63
1030000 41 59
1030500 41 58
1031000 41 52
1031500 41 61
1032000 41 51
1032500 41 54
1033000 41 56
1033500 41 61
1034000 41 52
1034500 41 58
1035000 41 51
1035500 41 51
1036000 41 50
1036500 41 61
1037000 41 47
1037500 41 59
1038000 41 61
1038500 41 55
1039000 41 66
1039500 41 55
1040000 41 56
1040500 41 52
1041000 41 51
1041500 41 57
1042000 41 57
1042500 41 55
1043000 41 55
1043500 41 50
1044000 41 57
1044500 40 44
1045000 40 59
1045500 40 52
1046000 40 64
1046500 40 54
1047000 40 56
1047500 40 50
1048000 40 53
1048500 40 56
1049000 40 54
1049500 40 55
1050000 40 54
1050500 40 53
1051000 40 51
1051500 40 58
1052000 40 53
1052500 40 56
1053000 40 56
1053500 40 61
1054000 40 54
1054500 40 58
1055000 40 49
1055500 40 51
1056000 40 55
1056500 40 53
1057000 40 57
1057500 40 53
1058000 40 61
1058500 40 48
1059000 40 57
1059500 40 52
1060000 40 56
1060500 40 49
1061000 40 59
1061500 40 56
1062000 40 53
1062500 40 56
1063000 40 59
1063500 40 47
1064000 40 55
1064500 40 56
1065000 40 53
1065500 40 57
1066000 40 55
1066500 40 61
1067000 40 55
1067500 40 54
1068000 40 57
1068500 40 51
1069000 40 53
1069500 40 57
1070000 40 54
1070500 40 58
1071000 40 49
1071500 40 51
1072000 40 49
1072500 40 59
1073000 40 60
1073500 40 56
1074000 40 52
1074500 40 58
1075000 40 59
1075500 40 58
1076000 40 57
1076500 40 58
1077000 40 56
1077500 40 49
1078000 40 54
1078500 40 50
1079000 40 61
1079500 40 55
1080000 40 46
1080500 40 54
1081000 40 49
1081500 40 61
1082000 40 55
1082500 40 54
1083000 40 52
1083500 40 60
1084000 40 54
1084500 40 50
1085000 40 50
1085500 40 55
1086000 40 50
1086500 40 54
1087000 40 52
1087500 40 56
1088000 40 55
1088500 40 53
1089000 40 51
1089500 40 49
1090000 40 52
1090500 40 54
1091000 40 54
1091500 40 58
1092000 40 56
1092500 40 61
1093000 40 57
1093500 40 54
1094000 40 52
1094500 40 56
1095000 40 55
1095500 40 49
1096000 40 53
1096500 40 55
1097000 40 51
1097500 40 60
1098000 40 62
1098500 40 54
1099000 40 56
1099500 40 52
1100000 40 49
1100500 40 60
1101000 40 52
1101500 40 49
1102000 40 55
1102500 40 55
1103000 40 56
1103500 40 52
1104000 40 50
1104500 40 55
1105000 40 58
1105500 40 49
1106000 40 52
1106500 40 57
1107000 40 57
1107500 40 57
1108000 40 51
1108500 40 55
1109000 40 60
1109500 40 56
1110000 40 55
1110500 40 55
1111000 40 59
1111500 40 60
1112000 40 53
1112500 40 50
1113000 40 51
1113500 40 53
1114000 40 56
1114500 40 50
1115000 40 56
1115500 40 53
1116000 40 60
1116500 40 56
1117000 40 51
1117500 40 63
1118000 40 54
1118500 40 59
1119000 40 59
1119500 40 61
1120000 40 56
1120500 40 55
1121000 40 59
1121500 40 52
1122000 40 45
1122500 40 52
1123000 40 54
1123500 40 58
1124000 40 55
1124500 40 63
1125000 40 52
1125500 40 54
1126000 40 49
1126500 40 56
1127000 40 53
1127500 40 45
1128000 40 58
1128500 40 58
1129000 40 57
1129500 40 51
1130000 40 56
1130500 40 57
1131000 40 48
1131500 40 60
1132000 40 50
1132500 40 49
1133000 40 49
1133500 40 50
1134000 40 51
1134500 40 53
1135000 40 55
1135500 40 54
1136000 40 61
1136500 40 49
1137000 40 59
1137500 40 56
1138000 40 50
1138500 40 55
1139000 40 49
1139500 40 51
1140000 40 58
1140500 40 57
1141000 40 47
1141500 40 50
1142000 40 53
1142500 40 52
1143000 40 59
1143500 40 58
1144000 40 51
1144500 40 58
1145000 40 56
1145500 40 52
1146000 40 55
1146500 40 55
1147000 40 52
1147500 40 52
1148000 40 50
1148500 40 54
1149000 40 51
1149500 40 49
1150000 40 47
1150500 40 55
1151000 40 63
1151500 40 60
1152000 40 52
1152500 40 52
1153000 40 61
1153500 40 47
1154000 40 50
1154500 40 56
1155000 40 51
1155500 40 57
1156000 40 53
1156500 40 54
1157000 40 55
1157500 40 55
1158000 40 52
1158500 40 56
1159000 40 57
1159500 40 55
1160000 40 53
1160500 40 53
1161000 40 56
1161500 40 55
1162000 40 56
1162500 40 54
1163000 40 52
1163500 40 52
1164000 40 56
1164500 40 46
1165000 40 55
1165500 40 51
1166000 40 62
1166500 40 48
1167000 40 45
1167500 40 55
1168000 40 55
1168500 40 56
1169000 40 56
1169500 40 52
1170000 40 53
1170500 40 58
1171000 40 53
1171500 40 57
1172000 40 60
1172500 40 50
1173000 40 56
1173500 40 50
1174000 40 56
1174500 40 49
1175000 40 51
1175500 40 52
1176000 40 54
1176500 40 54
1177000 40 56
1177500 40 53
1178000 40 54
1178500 40 50
1179000 40 57
1179500 40 56
1180000 40 54
1180500 40 54
1181000 40 51
1181500 40 64
1182000 40 54
1182500 40 51
1183000 40 53
1183500 40 51
1184000 40 50
1184500 40 55
1185000 40 59
1185500 40 51
1186000 40 48
1186500 40 59
1187000 40 58
1187500 40 53
1188000 40 59
1188500 40 58
1189000 40 61
1189500 40 52
1190000 40 56
1190500 40 62
1191000 40 59
1191500 40 56
1192000 40 60
1192500 40 54
1193000 40 60
1193500 40 62
1194000 40 47
1194500 40 67
1195000 40 52
1195500 40 53
1196000 40 60
1196500 40 54
1197000 40 46
1197500 40 63
1198000 40 57
1198500 40 62
1199000 40 57
1199500 40 50
1200000 40 56
1200500 40 57
1201000 40 55
1201500 40 59
1202000 40 55
1202500 40 52
1203000 40 52
1203500 40 52
1204000 40 51
1204500 40 54
1205000 40 45
1205500 40 50
1206000 40 50
1206500 40 59
1207000 40 56
1207500 40 52
1208000 40 54
1208500 40 52
1209000 40 45
1209500 40 51
1210000 40 59
1210500 40 57
1211000 40 61
1211500 40 49
1212000 40 55
1212500 40 55
1213000 40 56
1213500 40 54
1214000 40 54
1214500 40 52
1215000 40 57
1215500 40 55
1216000 40 55
1216500 40 47
1217000 40 57
1217500 40 52
1218000 40 45
1218500 40 53
1219000 40 57
1219500 40 53
1220000 40 50
1220500 40 61
1221000 40 56
1221500 40 59
1222000 40 56
1222500 40 47
1223000 40 56
1223500 40 60
1224000 40 54
1224500 40 49
1225000 40 53
1225500 40 57
1226000 40 51
1226500 40 49
1227000 40 61
1227500 40 52
1228000 40 62
1228500 40 67
1229000 40 57
1229500 40 56
1230000 40 58
1230500 40 63
1231000 40 56
1231500 40 54
1232000 40 58
1232500 40 50
1233000 40 56
1233500 40 50
1234000 40 48
1234500 40 51
1235000 40 58
1235500 40 47
1236000 40 49
1236500 40 54
1237000 40 51
1237500 40 55
1238000 40 53
1238500 40 56
1239000 40 50
1239500 40 48
1240000 40 59
1240500 40 56
1241000 40 61
1241500 40 52
1242000 40 54
1242500 40 54
1243000 40 58
1243500 40 55
1244000 40 57
1244500 40 56
1245000 40 52
1245500 40 48
1246000 40 48
1246500 40 53
1247000 40 53
1247500 40 52
1248000 40 48
1248500 40 51
1249000 40 59
1249500 40 56
1250000 40 58
1250500 40 59
1251000 40 49
1251500 40 54
1252000 40 51
1252500 40 51
1253000 40 54
1253500 40 55
1254000 40 55
1254500 40 56
1255000 40 56
1255500 40 57
1256000 40 56
1256500 40 59
1257000 40 53
1257500 40 52
1258000 40 58
1258500 40 48
1259000 40 52
1259500 40 60
1260000 40 49
1260500 40 53
1261000 40 59
1261500 40 56
1262000 40 55
1262500 40 50
1263000 40 49
1263500 40 59
1264000 40 53
1264500 40 52
1265000 40 58
1265500 40 60
1266000 40 45
1266500 40 54
1267000 40 59
1267500 40 61
1268000 40 61
1268500 40 54
1269000 40 56
1269500 40 50
1270000 40 59
1270500 40 54
1271000 40 56
1271500 40 55
1272000 40 59
1272500 40 54
1273000 40 52
1273500 40 49
1274000 40 50
1274500 40 45
1275000 40 52
1275500 40 57
1276000 40 59
1276500 40 57
1277000 40 54
1277500 40 50
1278000 40 56
1278500 40 53
1279000 40 52
1279500 40 50
1280000 40 50
1280500 40 51
1281000 40 56
1281500 40 58
1282000 40 52
1282500 40 48
1283000 40 52
1283500 40 54
1284000 40 51
1284500 40 55
1285000 40 52
1285500 40 51
1286000 40 59
1286500 40 51
1287000 40 50
1287500 40 50
1288000 40 57
1288500 40 53
1289000 40 55
1289500 40 59
1290000 40 53
1290500 40 53
1291000 40 58
1291500 40 60
1292000 40 59
1292500 40 51
1293000 40 62
1293500 40 52
1294000 40 52
1294500 40 55
1295000 40 59
1295500 40 58
1296000 40 54
1296500 40 60
1297000 40 50
1297500 40 52
1298000 40 52
1298500 40 46
1299000 40 53
1299500 40 63
1300000 40 54
1300500 40 48
1301000 40 49
1301500 40 47
1302000 40 51
1302500 40 60
1303000 40 50
1303500 40 53
1304000 40 55
1304500 40 50
1305000 40 53
1305500 40 52
1306000 40 60
1306500 40 52
1307000 40 52
1307500 40 45
1308000 40 58
1308500 40 56
1309000 40 53
1309500 40 47
1310000 40 55
1310500 40 56
1311000 40 52
1311500 40 54
1312000 40 53
1312500 40 51
1313000 40 58
1313500 40 60
1314000 40 49
1314500 40 56
1315000 40 50
1315500 40 49
1316000 40 49
1316500 40 51
1317000 40 56
1317500 40 54
1318000 40 51
1318500 40 55
1319000 40 51
1319500 40 52
1320000 40 49
1320500 40 60
1321000 40 51
1321500 40 58
1322000 40 52
1322500 40 52
1323000 40 54
1323500 40 51
1324000 40 59
1324500 40 60
1325000 40 55
1325500 40 53
1326000 40 55
1326500 40 50
1327000 40 53
1327500 40 50
1328000 40 54
1328500 40 51
1329000 40 55
1329500 40 50
1330000 40 56
1330500 40 48
1331000 40 54
1331500 40 57
1332000 40 52
1332500 40 49
1333000 40 54
1333500 40 53
1334000 40 51
1334500 40 55
1335000 40 48
1335500 40 50
1336000 40 47
1336500 40 52
1337000 40 59
1337500 40 57
1338000 40 56
1338500 40 54
1339000 40 51
1339500 40 51
1340000 40 54
1340500 40 53
1341000 40 66
1341500 40 49
1342000 40 57
1342500 40 59
1343000 40 52
1343500 40 54
1344000 40 50
1344500 40 50
1345000 40 50
1345500 40 62
1346000 40 58
1346500 40 52
1347000 40 52
1347500 40 56
1348000 40 50
1348500 40 47
1349000 40 58
1349500 40 57
1350000 40 51
1350500 40 56
1351000 40 53
1351500 40 60
1352000 40 49
1352500 40 60
1353000 40 52
1353500 40 52
1354000 40 52
1354500 40 52
1355000 40 49
1355500 40 46
1356000 40 55
1356500 40 50
1357000 40 60
1357500 40 56
1358000 40 50
1358500 40 57
1359000 40 50
1359500 40 57
1360000 40 54
1360500 40 57
1361000 40 51
1361500 40 60
1362000 40 52
1362500 40 56
1363000 40 52
1363500 40 57
1364000 40 57
1364500 40 51
1365000 40 57
1365500 40 55
1366000 40 61
1366500 40 53
1367000 40 53
1367500 40 57
1368000 40 52
1368500 40 51
1369000 40 52
1369500 40 57
1370000 40 51
1370500 40 61
1371000 40 54
1371500 40 56
1372000 40 54
1372500 40 57
1373000 40 45
1373500 40 50
1374000 40 56
1374500 40 57
1375000 40 48
1375500 40 54
1376000 40 53
1376500 40 61
1377000 40 65
1377500 40 56
1378000 40 55
1378500 40 50
1379000 40 53
1379500 40 51
1380000 40 56
1380500 40 59
1381000 40 55
1381500 40 59
1382000 40 55
1382500 40 56
1383000 40 57
1383500 40 54
1384000 40 60
1384500 40 58
1385000 40 58
1385500 40 55
1386000 40 52
1386500 40 54
1387000 40 55
1387500 40 59
1388000 40 56
1388500 40 55
1389000 40 54
1389500 40 57
1390000 40 53
1390500 40 49
1391000 40 49
1391500 40 55
1392000 40 55
1392500 40 52
1393000 40 51
1393500 40 55
1394000 40 56
1394500 40 59
1395000 40 62
1395500 40 53
1396000 40 52
1396500 40 55
1397000 40 48
1397500 40 49
1398000 40 56
1398500 40 52
1399000 40 62
1399500 40 50
1400000 40 53
1400500 40 57
1401000 40 62
1401500 40 54
1402000 40 51
1402500 40 51
1403000 40 57
1403500 40 54
1404000 40 55
1404500 40 58
1405000 40 60
1405500 40 49
1406000 40 58
1406500 40 53
1407000 40 59
1407500 40 51
1408000 40 55
1408500 40 53
1409000 40 53
1409500 40 54
1410000 40 60
1410500 40 50
1411000 40 56
1411500 40 54
1412000 40 55
1412500 40 53
1413000 40 52
1413500 40 56
1414000 40 51
1414500 40 56
1415000 40 56
1415500 40 60
1416000 40 51
1416500 40 51
1417000 40 57
1417500 40 47
1418000 40 66
1418500 40 50
1419000 40 51
1419500 40 51
1420000 40 54
1420500 40 52
1421000 40 67
1421500 40 50
1422000 40 58
1422500 40 59
1423000 40 54
1423500 40 57
1424000 40 56
1424500 40 50
1425000 40 51
1425500 40 53
1426000 40 57
1426500 40 55
1427000 40 55
1427500 40 48
1428000 40 58
1428500 40 54
1429000 40 47
1429500 40 48
1430000 40 55
1430500 40 55
1431000 40 47
1431500 40 59
1432000 40 61
1432500 40 57
1433000 40 50
1433500 40 56
1434000 40 51
1434500 40 54
1435000 40 58
1435500 40 51
1436000 40 59
1436500 40 55
1437000 40 54
1437500 40 52
1438000 40 49
1438500 40 54
1439000 40 54
1439500 40 51
1440000 40 56
1440500 40 54
1441000 40 56
1441500 40 52
1442000 40 61
1442500 40 51
1443000 40 50
1443500 40 57
1444000 40 58
1444500 40 47
1445000 40 45
1445500 40 56
1446000 40 58
1446500 40 62
1447000 40 55
1447500 40 50
1448000 40 57
1448500 40 55
1449000 40 54
1449500 40 49
1450000 40 64
1450500 40 61
1451000 40 59
1451500 40 48
1452000 40 53
1452500 40 52
1453000 40 57
1453500 40 50
1454000 40 62
1454500 40 55
1455000 40 51
1455500 40 54
1456000 40 51
1456500 40 58
1457000 40 52
1457500 40 54
1458000 40 55
1458500 40 45
1459000 40 57
1459500 40 59
1460000 40 58
1460500 40 56
1461000 40 54
1461500 40 54
1462000 40 53
1462500 40 48
1463000 40 56
1463500 40 56
1464000 40 48
1464500 40 57
1465000 40 57
1465500 40 52
1466000 40 52
1466500 40 62
1467000 40 53
1467500 40 44
1468000 40 50
1468500 40 53
1469000 40 55
1469500 40 55
1470000 40 60
1470500 40 58
1471000 40 56
1471500 40 55
1472000 40 51
1472500 40 53
1473000 40 50
1473500 40 54
1474000 40 51
1474500 40 57
1475000 40 58
1475500 40 57
1476000 40 53
1476500 40 53
1477000 40 51
1477500 40 58
1478000 40 49
1478500 40 58
1479000 40 50
1479500 40 55
1480000 40 55
1480500 40 53
1481000 40 56
1481500 40 50
1482000 40 51
1482500 40 62
1483000 40 50
1483500 40 48
1484000 40 54
1484500 40 56
1485000 40 50
1485500 40 49
1486000 40 47
1486500 40 51
1487000 40 53
1487500 40 55
1488000 40 58
1488500 40 55
1489000 40 59
1489500 40 54
1490000 40 49
1490500 40 51
1491000 40 51
1491500 40 47
1492000 40 51
1492500 40 50
1493000 40 53
1493500 40 59
1494000 40 55
1494500 40 61
1495000 40 58
1495500 40 54
1496000 40 56
1496500 40 61
1497000 40 60
1497500 40 57
1498000 40 51
1498500 40 57
1499000 40 49
1499500 40 49
1500000 40 53
1500500 40 57
1501000 40 52
1501500 40 50
1502000 40 56
1502500 40 52
1503000 40 63
1503500 40 47
1504000 40 54
1504500 40 57
1505000 40 49
1505500 40 54
1506000 40 56
1506500 40 64
1507000 40 55
1507500 40 56
1508000 40 60
1508500 40 49
1509000 40 55
1509500 40 55
1510000 40 60
1510500 40 58
1511000 40 50
1511500 40 54
1512000 40 58
1512500 40 51
1513000 40 58
1513500 40 59
1514000 40 52
1514500 40 58
1515000 40 54
1515500 40 58
1516000 40 56
1516500 40 52
1517000 40 64
1517500 40 56
1518000 40 56
1518500 40 50
1519000 40 54
1519500 40 54
1520000 40 48
1520500 40 50
1521000 40 53
1521500 40 56
1522000 40 50
1522500 40 51
1523000 40 61
1523500 40 53
1524000 40 61
1524500 40 52
1525000 40 48
1525500 40 54
1526000 40 57
1526500 40 46
1527000 40 47
1527500 40 63
1528000 40 56
1528500 40 58
1529000 40 53
1529500 40 55
1530000 40 55
1530500 40 58
1531000 40 53
1531500 40 50
1532000 40 57
1532500 40 60
1533000 40 58
1533500 40 48
1534000 40 54
1534500 40 57
1535000 40 55
1535500 40 58
1536000 40 56
1536500 40 54
1537000 40 51
1537500 40 55
1538000 40 55
1538500 40 49
1539000 40 51
1539500 40 50
1540000 40 55
1540500 40 62
1541000 40 54
1541500 40 50
1542000 40 55
1542500 40 50
1543000 40 55
1543500 40 55
1544000 40 52
1544500 40 50
1545000 40 47
1545500 40 48
1546000 40 61
1546500 40 51
1547000 40 63
1547500 40 55
1548000 40 54
1548500 40 55
1549000 40 62
1549500 40 51
1550000 40 51
1550500 40 50
1551000 40 57
1551500 40 52
1552000 40 47
1552500 40 55
1553000 40 49
1553500 40 53
1554000 40 57
1554500 40 50
1555000 40 51
1555500 40 52
1556000 40 51
1556500 40 59
1557000 40 57
1557500 40 57
1558000 40 51
1558500 40 52
1559000 40 49
1559500 40 49
1560000 40 56
1560500 40 54
1561000 40 51
1561500 40 54
1562000 40 51
1562500 40 50
1563000 40 50
1563500 40 60
1564000 40 59
1564500 40 59
1565000 40 56
1565500 40 59
1566000 40 51
1566500 40 57
1567000 40 55
1567500 40 51
1568000 40 56
1568500 40 57
1569000 40 52
1569500 40 50
1570000 40 56
1570500 40 59
1571000 40 60
1571500 40 59
1572000 40 55
1572500 40 54
1573000 40 52
1573500 40 60
1574000 40 52
1574500 40 50
1575000 40 50
1575500 40 60
1576000 40 50
1576500 40 49
1577000 40 53
1577500 40 51
1578000 40 57
1578500 40 54
1579000 40 49
1579500 40 54
1580000 40 58
1580500 40 55
1581000 40 49
1581500 40 60
1582000 40 56
1582500 40 60
1583000 40 50
1583500 40 52
1584000 40 58
1584500 40 53
1585000 40 52
1585500 40 48
1586000 40 62
1586500 40 46
1587000 40 61
1587500 40 59
1588000 40 56
1588500 40 56
1589000 40 61
1589500 40 55
1590000 40 46
1590500 40 51
1591000 40 52
1591500 40 54
1592000 40 56
1592500 40 56
1593000 40 49
1593500 40 50
1594000 40 57
1594500 40 50
1595000 40 50
1595500 40 59
1596000 40 53
1596500 40 50
1597000 40 50
1597500 40 51
1598000 40 53
1598500 40 51
1599000 40 59
1599500 40 55
1600000 40 52
1600500 40 65
1601000 40 49
1601500 40 51
1602000 40 52
1602500 40 59
1603000 40 55
1603500 40 53
1604000 40 57
1604500 40 49
1605000 40 53
1605500 40 61
1606000 40 57
1606500 40 56
1607000 40 55
1607500 40 60
1608000 40 54
1608500 40 54
1609000 40 50
1609500 40 51
1610000 40 61
1610500 40 51
1611000 40 60
1611500 40 60
1612000 40 46
1612500 40 55
1613000 40 60
1613500 40 48
1614000 40 64
1614500 40 57
1615000 40 54
1615500 40 60
1616000 40 56
1616500 40 51
1617000 40 60
1617500 40 54
1618000 40 53
1618500 40 49
1619000 40 53
1619500 40 52
1620000 40 57
1620500 40 56
1621000 40 51
1621500 40 57
1622000 40 58
1622500 40 49
1623000 40 53
1623500 40 53
1624000 40 51
1624500 40 54
1625000 40 52
1625500 40 55
1626000 40 60
1626500 40 49
1627000 40 52
1627500 40 55
1628000 40 55
1628500 40 52
1629000 40 56
1629500 40 55
1630000 40 63
1630500 40 58
1631000 40 55
1631500 40 53
1632000 40 55
1632500 40 64
1633000 40 57
1633500 40 58
1634000 40 54
1634500 40 59
1635000 40 55
1635500 40 57
1636000 40 52
1636500 40 54
1637000 40 59
1637500 40 54
1638000 40 50
1638500 40 59
1639000 40 55
1639500 40 56
1640000 40 56
1640500 40 55
1641000 40 60
1641500 40 54
1642000 40 52
1642500 40 53
1643000 40 54
1643500 40 57
1644000 40 54
1644500 40 47
1645000 40 48
1645500 40 63
1646000 40 50
1646500 40 54
1647000 40 58
1647500 40 62
1648000 40 52
1648500 40 58
1649000 40 55
1649500 40 55
1650000 40 63
1650500 40 48
1651000 40 50
1651500 40 55
1652000 40 52
1652500 40 60
1653000 40 56
1653500 40 63
1654000 40 51
1654500 40 59
1655000 40 55
1655500 40 65
1656000 40 54
1656500 40 52
1657000 40 53
1657500 40 53
1658000 40 56
1658500 40 53
1659000 40 57
1659500 40 55
1660000 40 56
1660500 40 61
1661000 40 49
1661500 40 52
1662000 40 53
1662500 40 50
1663000 40 51
1663500 40 57
1664000 40 54
1664500 40 46
1665000 40 55
1665500 40 51
1666000 40 49
1666500 40 53
1667000 40 53
1667500 40 63
1668000 40 50
1668500 40 54
1669000 40 51
1669500 40 51
1670000 40 55
1670500 40 51
1671000 40 56
1671500 40 49
1672000 40 59
1672500 40 55
1673000 40 57
1673500 40 61
1674000 40 52
1674500 40 48
1675000 40 58
1675500 40 54
1676000 40 54
1676500 40 52
1677000 40 51
1677500 40 57
1678000 40 55
1678500 40 53
1679000 40 57
1679500 40 51
1680000 40 46
1680500 40 47
1681000 40 50
1681500 40 52
1682000 40 49
1682500 40 54
1683000 40 58
1683500 40 55
1684000 40 56
1684500 40 50
1685000 40 52
1685500 40 56
1686000 40 52
1686500 40 52
1687000 40 57
1687500 40 49
1688000 40 56
1688500 40 52
1689000 40 55
1689500 40 54
1690000 40 59
1690500 40 63
1691000 40 51
1691500 40 56
1692000 40 52
1692500 40 52
1693000 40 51
1693500 40 55
1694000 40 63
1694500 40 64
1695000 40 51
1695500 40 52
1696000 40 52
1696500 40 60
1697000 40 55
1697500 40 49
1698000 40 54
1698500 40 57
1699000 40 58
1699500 40 56
1700000 40 55
1700500 40 59
1701000 40 56
1701500 40 53
1702000 40 57
1702500 40 49
1703000 40 52
1703500 40 53
1704000 40 57
1704500 40 53
1705000 40 59
1705500 40 55
1706000 40 53
1706500 40 53
1707000 40 52
1707500 40 57
1708000 40 59
1708500 40 58
1709000 40 53
1709500 40 61
1710000 40 57
1710500 40 55
1711000 40 49
1711500 40 55
1712000 40 53
1712500 40 49
1713000 40 56
1713500 40 53
1714000 40 56
1714500 40 54
1715000 40 55
1715500 40 57
1716000 40 57
1716500 40 53
1717000 40 54
1717500 40 58
1718000 40 59
1718500 40 59
1719000 40 52
1719500 40 51
1720000 40 59
1720500 40 48
1721000 40 56
1721500 40 51
1722000 40 56
1722500 40 49
1723000 40 57
1723500 40 47
1724000 40 55
1724500 40 51
1725000 40 48
1725500 40 49
1726000 40 50
1726500 40 55
1727000 40 47
1727500 40 49
1728000 40 51
1728500 40 45
1729000 40 52
1729500 40 50
1730000 40 51
1730500 40 52
1731000 40 49
1731500 40 51
1732000 40 60
1732500 40 56
1733000 40 50
1733500 40 57
1734000 40 52
1734500 40 58
1735000 40 55
1735500 40 54
1736000 40 49
1736500 40 52
1737000 40 55
1737500 40 52
1738000 40 54
1738500 40 58
1739000 40 62
1739500 40 57
1740000 40 49
1740500 40 54
1741000 40 49
1741500 40 51
1742000 40 56
1742500 40 46
1743000 40 54
1743500 40 61
1744000 40 46
1744500 40 49
1745000 40 52
1745500 40 57
1746000 40 56
1746500 40 58
1747000 40 55
1747500 40 54
1748000 40 48
1748500 40 55
1749000 40 58
1749500 40 50
1750000 40 57
1750500 40 51
1751000 40 50
1751500 40 58
1752000 40 52
1752500 40 60
1753000 40 47
1753500 40 60
1754000 40 53
1754500 40 62
1755000 40 67
1755500 40 49
1756000 40 57
1756500 40 59
1757000 40 58
1757500 40 56
1758000 40 47
1758500 40 54
1759000 40 52
1759500 40 54
1760000 40 55
1760500 40 48
1761000 40 51
1761500 40 61
1762000 40 56
1762500 40 49
1763000 40 60
1763500 40 53
1764000 40 55
1764500 40 50
1765000 40 52
1765500 40 55
1766000 40 48
1766500 40 53
1767000 40 50
1767500 40 52
1768000 40 66
1768500 40 55
1769000 40 54
1769500 40 52
1770000 40 50
1770500 40 54
1771000 40 51
1771500 40 52
1772000 40 59
1772500 40 54
1773000 40 65
1773500 40 58
1774000 40 54
1774500 40 49
1775000 40 60
1775500 40 53
1776000 40 52
1776500 40 54
1777000 40 55
1777500 40 58
1778000 40 48
1778500 40 51
1779000 40 59
1779500 40 56
1780000 40 53
1780500 40 47
1781000 40 58
1781500 40 51
1782000 40 54
1782500 40 58
1783000 40 52
1783500 40 49
1784000 40 55
1784500 40 52
1785000 40 59
1785500 40 54
1786000 40 55
1786500 40 55
1787000 40 56
1787500 40 48
1788000 40 63
1788500 40 61
1789000 40 47
1789500 40 59
1790000 40 49
1790500 40 52
1791000 40 47
1791500 40 52
1792000 40 50
1792500 40 55
1793000 40 59
1793500 40 56
1794000 40 50
1794500 40 55
1795000 40 56
1795500 40 53
1796000 40 52
1796500 40 57
1797000 40 54
1797500 40 56
1798000 40 57
1798500 40 57
1799000 40 53
1799500 40 53
1800000 40 49
1800500 40 49
1801000 40 58
1801500 40 50
1802000 40 51
1802500 40 50
1803000 40 50
1803500 40 50
1804000 40 53
1804500 40 58
1805000 40 54
1805500 40 60
1806000 40 53
1806500 40 51
1807000 40 52
1807500 40 56
1808000 40 50
1808500 40 56
1809000 40 47
1809500 40 51
1810000 40 53
1810500 40 58
1811000 40 52
1811500 40 57
1812000 40 48
1812500 40 54
1813000 40 51
1813500 40 51
1814000 40 58
1814500 40 54
1815000 40 53
1815500 40 52
1816000 40 51
1816500 40 59
1817000 40 53
1817500 40 49
1818000 40 53
1818500 40 58
1819000 40 55
1819500 40 55
1820000 40 55
1820500 40 55
1821000 40 50
1821500 40 64
1822000 40 54
1822500 40 56
1823000 40 55
1823500 40 49
1824000 40 59
1824500 40 60
1825000 40 54
1825500 40 43
1826000 40 54
1826500 40 52
1827000 40 54
1827500 40 52
1828000 40 57
1828500 40 60
1829000 40 50
1829500 40 53
1830000 40 49
1830500 40 53
1831000 40 48
1831500 40 56
1832000 40 53
1832500 40 59
1833000 40 55
1833500 40 52
1834000 40 55
1834500 40 50
1835000 40 61
1835500 40 52
1836000 40 55
1836500 40 49
1837000 40 56
1837500 40 53
1838000 40 49
1838500 40 54
1839000 40 55
1839500 40 58
1840000 40 55
1840500 40 54
1841000 40 53
1841500 40 56
1842000 40 54
1842500 40 52
1843000 40 60
1843500 40 58
1844000 40 63
1844500 40 51
1845000 40 55
1845500 40 56
1846000 40 58
1846500 40 59
1847000 40 53
1847500 40 55
1848000 40 46
1848500 40 58
1849000 40 55
1849500 40 48
1850000 40 45
1850500 40 56
1851000 40 54
1851500 40 54
1852000 40 49
1852500 40 55
1853000 40 61
1853500 40 60
1854000 40 56
1854500 40 57
1855000 40 50
1855500 40 58
1856000 40 49
1856500 40 57
1857000 40 57
1857500 40 55
1858000 40 62
1858500 40 53
1859000 40 51
1859500 40 53
1860000 40 55
1860500 40 56
1861000 40 54
1861500 40 47
1862000 40 56
1862500 40 53
1863000 40 57
1863500 40 57
1864000 40 46
1864500 40 57
1865000 40 56
1865500 40 47
1866000 40 50
1866500 40 52
1867000 40 54
1867500 40 61
1868000 40 50
1868500 40 55
1869000 40 55
1869500 40 54
1870000 40 54
1870500 40 59
1871000 40 53
1871500 40 55
1872000 40 54
1872500 40 50
1873000 40 53
1873500 40 54
1874000 40 47
1874500 40 47
1875000 40 44
1875500 40 49
1876000 40 54
1876500 40 59
1877000 40 50
1877500 40 48
1878000 40 52
1878500 40 60
1879000 40 52
1879500 40 56
1880000 40 51
1880500 40 60
1881000 40 60
1881500 40 51
1882000 40 60
1882500 40 59
1883000 40 52
1883500 40 50
1884000 40 49
1884500 40 56
1885000 40 51
1885500 40 56
1886000 40 56
1886500 40 50
1887000 40 56
1887500 40 57
1888000 40 58
1888500 40 54
1889000 40 61
1889500 40 52
1890000 40 53
1890500 40 56
1891000 40 58
1891500 40 55
1892000 40 51
1892500 40 49
1893000 40 57
1893500 40 49
1894000 40 53
1894500 40 55
1895000 40 60
1895500 40 53
1896000 40 53
1896500 40 53
1897000 40 55
1897500 40 57
1898000 40 62
1898500 40 53
1899000 40 61
1899500 40 57
1900000 40 57
1900500 40 52
1901000 40 54
1901500 40 47
1902000 40 49
1902500 40 53
1903000 40 51
1903500 40 53
1904000 40 52
1904500 40 58
1905000 40 55
1905500 40 50
1906000 40 52
1906500 40 54
1907000 40 55
1907500 40 60
1908000 40 52
1908500 40 52
1909000 40 47
1909500 40 55
1910000 40 60
1910500 40 55
1911000 40 67
1911500 40 49
1912000 40 56
1912500 40 58
1913000 40 50
1913500 40 56
1914000 40 47
1914500 40 52
1915000 40 59
1915500 40 51
1916000 40 50
1916500 40 57
1917000 40 52
1917500 40 55
1918000 40 48
1918500 40 53
1919000 40 50
1919500 40 68
1920000 40 47
1920500 40 58
1921000 40 50
1921500 40 62
1922000 40 52
1922500 40 49
1923000 40 54
1923500 40 50
1924000 40 55
1924500 40 51
1925000 40 60
1925500 40 50
1926000 40 52
1926500 40 63
1927000 40 57
1927500 40 58
1928000 40 48
1928500 40 60
1929000 40 55
1929500 40 53
1930000 40 58
1930500 40 62
1931000 40 47
1931500 40 50
1932000 40 59
1932500 40 49
1933000 40 55
1933500 40 46
1934000 40 49
1934500 40 59
1935000 40 53
1935500 40 55
1936000 40 53
1936500 40 51
1937000 40 54
1937500 40 55
1938000 40 52
1938500 40 52
1939000 40 49
1939500 40 50
1940000 40 54
1940500 40 59
1941000 40 57
1941500 40 55
1942000 40 58
1942500 40 54
1943000 40 54
1943500 40 54
1944000 40 51
1944500 40 49
1945000 40 51
1945500 40 54
1946000 40 49
1946500 40 54
1947000 40 52
1947500 40 53
1948000 40 55
1948500 40 51
1949000 40 55
1949500 40 56
1950000 40 60
1950500 40 55
1951000 40 52
1951500 40 51
1952000 40 52
1952500 40 59
1953000 40 52
1953500 40 60
1954000 40 54
1954500 40 57
1955000 40 49
1955500 40 48
1956000 40 57
1956500 40 52
1957000 40 55
1957500 40 55
1958000 40 54
1958500 40 51
1959000 40 52
1959500 40 54
1960000 40 58
1960500 40 55
1961000 40 57
1961500 40 58
1962000 40 54
1962500 40 53
1963000 40 46
1963500 40 55
1964000 40 55
1964500 40 50
1965000 40 52
1965500 40 52
1966000 40 53
1966500 40 59
1967000 40 65
1967500 40 56
1968000 40 50
1968500 40 52
1969000 40 53
1969500 40 53
1970000 40 53
1970500 40 51
1971000 40 56
1971500 40 55
1972000 40 55
1972500 40 49
1973000 40 51
1973500 40 59
1974000 40 51
1974500 40 56
1975000 40 52
1975500 40 60
1976000 40 59
1976500 40 53
1977000 40 61
1977500 40 53
1978000 40 56
1978500 40 51
1979000 40 58
1979500 40 50
1980000 40 58
1980500 40 54
1981000 40 58
1981500 40 54
1982000 40 50
1982500 40 52
1983000 40 52
1983500 40 48
1984000 40 58
1984500 40 56
1985000 40 59
1985500 40 57
1986000 40 53
1986500 40 53
1987000 40 59
1987500 40 58
1988000 40 58
1988500 40 58
1989000 40 56
1989500 40 51
1990000 40 51
1990500 40 54
1991000 40 55
1991500 40 56
1992000 40 54
1992500 40 56
1993000 40 50
1993500 40 59
1994000 40 53
1994500 40 55
1995000 40 50
1995500 40 57
1996000 40 54
1996500 40 58
1997000 40 51
1997500 40 48
1998000 40 51
1998500 40 59
1999000 40 54
1999500 40 58
2000000 40 52
2000500 40 55
2001000 40 53
2001500 40 58
2002000 40 55
2002500 40 53
2003000 40 55
2003500 40 53
2004000 40 57
2004500 40 49
2005000 40 51
2005500 40 56
2006000 40 54
2006500 40 56
2007000 40 54
2007500 40 51
2008000 40 56
2008500 40 54
2009000 40 52
2009500 40 53
2010000 40 61
2010500 40 54
2011000 40 55
2011500 40 46
2012000 40 59
2012500 40 59
2013000 40 53
2013500 40 60
2014000 40 58
2014500 40 54
2015000 40 55
2015500 40 60
2016000 40 53
2016500 40 59
2017000 40 59
2017500 40 49
2018000 40 51
2018500 40 50
2019000 40 57
2019500 40 55
2020000 40 51
2020500 40 49
2021000 40 59
2021500 40 49
2022000 40 56
2022500 40 59
2023000 40 52
2023500 40 59
2024000 40 49
2024500 40 55
2025000 40 47
2025500 40 50
2026000 40 50
2026500 40 64
2027000 40 64
2027500 40 58
2028000 40 51
2028500 40 54
2029000 40 47
2029500 40 57
2030000 40 54
2030500 40 52
2031000 40 56
2031500 40 58
2032000 40 53
2032500 40 51
2033000 40 55
2033500 40 55
2034000 40 57
2034500 40 56
2035000 40 51
2035500 40 54
2036000 40 60
2036500 40 57
2037000 40 59
2037500 40 50
2038000 40 51
2038500 40 52
2039000 40 57
2039500 40 54
2040000 40 57
2040500 40 59
2041000 40 51
2041500 40 56
2042000 40 53
2042500 40 51
2043000 40 60
2043500 40 57
2044000 40 55
2044500 40 60
2045000 40 48
2045500 40 59
2046000 40 58
2046500 40 55
2047000 40 62
2047500 40 48
2048000 40 55
2048500 40 47
2049000 40 60
2049500 40 54
2050000 40 49
2050500 40 51
2051000 40 51
2051500 40 61
2052000 40 53
2052500 40 56
2053000 40 56
2053500 40 50
2054000 40 55
2054500 40 50
2055000 40 55
2055500 40 56
2056000 40 61
2056500 40 52
2057000 40 53
2057500 40 49
2058000 40 55
2058500 40 51
2059000 40 60
2059500 40 60
2060000 40 53
2060500 40 54
2061000 40 61
2061500 40 59
2062000 40 54
2062500 40 46
2063000 40 52
2063500 40 48
2064000 40 53
2064500 40 56
2065000 40 54
2065500 40 47
2066000 40 55
2066500 40 56
2067000 40 58
2067500 40 53
2068000 40 51
2068500 40 51
2069000 40 52
2069500 40 51
2070000 40 46
2070500 40 52
2071000 40 54
2071500 40 52
2072000 40 57
2072500 40 55
2073000 40 57
2073500 40 59
2074000 40 58
2074500 40 53
2075000 40 55
2075500 40 55
2076000 40 47
2076500 40 49
2077000 40 50
2077500 40 52
2078000 40 55
2078500 40 45
2079000 40 59
2079500 40 57
2080000 40 50
2080500 40 52
2081000 40 58
2081500 40 56
2082000 40 57
2082500 40 50
2083000 40 56
2083500 40 53
2084000 40 59
2084500 40 54
2085000 40 51
2085500 40 55
2086000 40 46
2086500 40 54
2087000 40 56
2087500 40 62
2088000 40 56
2088500 40 48
2089000 40 57
2089500 40 55
2090000 40 51
2090500 40 53
2091000 40 56
2091500 40 52
2092000 40 54
2092500 40 54
2093000 40 49
2093500 40 54
2094000 40 57
2094500 40 59
2095000 40 52
2095500 40 52
2096000 40 57
2096500 40 49
2097000 40 49
2097500 40 53
2098000 40 56
2098500 40 58
2099000 40 49
2099500 40 58
2100000 40 55
2100500 40 53
2101000 40 54
2101500 40 58
2102000 40 47
2102500 40 52
2103000 40 56
2103500 40 52
2104000 40 62
2104500 40 53
2105000 40 60
2105500 40 52
2106000 40 52
2106500 40 56
2107000 40 58
2107500 40 56
2108000 40 59
2108500 40 58
2109000 40 57
2109500 40 48
2110000 40 58
2110500 40 48
2111000 40 52
2111500 40 52
2112000 40 52
2112500 40 51
2113000 40 55
2113500 40 56
2114000 40 51
2114500 40 51
2115000 40 50
2115500 40 55
2116000 40 57
2116500 40 54
2117000 40 58
2117500 40 53
2118000 40 55
2118500 40 59
2119000 40 58
2119500 40 53
2120000 40 59
2120500 40 54
2121000 40 55
2121500 40 52
2122000 40 57
2122500 40 61
2123000 40 51
2123500 40 58
2124000 40 51
2124500 40 66
2125000 40 58
2125500 40 44
2126000 40 52
2126500 40 53
2127000 40 50
2127500 39 64
2128000 39 49
2128500 39 57
2129000 39 54
2129500 39 53
2130000 39 58
2130500 39 51
2131000 39 55
2131500 39 61
2132000 39 57
2132500 39 55
2133000 39 57
2133500 39 52
2134000 39 54
2134500 39 51
2135000 39 54
2135500 39 61
2136000 39 54
2136500 39 52
2137000 39 57
2137500 39 51
2138000 39 55
2138500 39 56
2139000 39 50
2139500 39 49
2140000 39 55
2140500 39 59
2141000 39 53
2141500 39 61
2142000 39 49
2142500 39 56
2143000 39 49
2143500 39 53
2144000 39 61
2144500 39 48
2145000 39 58
2145500 39 55
2146000 39 56
2146500 39 51
2147000 39 59
2147500 39 60
2148000 39 55
2148500 39 52
2149000 39 57
2149500 39 57
2150000 39 58
2150500 39 48
2151000 39 50
2151500 39 52
2152000 39 58
2152500 39 59
2153000 39 56
2153500 39 57
2154000 39 55
2154500 39 51
2155000 39 57
2155500 39 50
2156000 39 53
2156500 39 53
2157000 39 56
2157500 39 55
2158000 39 61
2158500 39 50
2159000 39 58
2159500 39 61
2160000 39 56
2160500 39 58
2161000 39 52
2161500 39 55
2162000 39 49
2162500 39 52
2163000 39 55
2163500 39 50
2164000 39 48
2164500 39 54
2165000 39 45
2165500 39 51
2166000 39 58
2166500 39 51
2167000 39 53
2167500 39 52
2168000 39 59
2168500 39 51
2169000 39 59
2169500 39 50
2170000 39 59
2170500 39 52
2171000 39 54
2171500 39 51
2172000 39 53
2172500 39 51
2173000 39 51
2173500 39 52
2174000 39 54
2174500 39 55
2175000 39 56
2175500 39 54
2176000 39 52
2176500 39 49
2177000 39 46
2177500 39 59
2178000 39 55
2178500 39 47
2179000 39 57
2179500 39 53
2180000 39 55
2180500 39 61
2181000 39 58
2181500 39 52
2182000 39 56
2182500 39 57
2183000 39 51
2183500 39 50
2184000 39 53
2184500 39 52
2185000 39 47
2185500 39 61
2186000 39 50
2186500 39 50
2187000 39 52
2187500 39 61
2188000 39 55
2188500 39 57
2189000 39 58
2189500 39 48
2190000 39 57
2190500 39 55
2191000 39 59
2191500 39 48
2192000 39 51
2192500 39 52
2193000 39 52
2193500 39 53
2194000 39 58
2194500 39 53
2195000 39 44
2195500 39 57
2196000 39 52
2196500 39 53
2197000 39 47
2197500 39 53
2198000 39 53
2198500 39 60
2199000 39 57
2199500 39 44
2200000 39 51
2200500 39 48
2201000 39 51
2201500 39 61
2202000 39 54
2202500 39 57
2203000 39 50
2203500 39 58
2204000 39 53
2204500 39 51
2205000 39 48
2205500 39 46
2206000 39 55
2206500 39 48
2207000 39 52
2207500 39 62
2208000 39 50
2208500 39 56
2209000 39 55
2209500 39 49
2210000 39 60
2210500 39 61
2211000 39 58
2211500 39 51
2212000 39 56
2212500 39 62
2213000 39 51
2213500 39 48
2214000 39 55
2214500 39 58
2215000 39 55
2215500 39 54
2216000 39 50
2216500 39 51
2217000 39 50
2217500 39 49
2218000 39 51
2218500 39 53
2219000 39 52
2219500 39 59
2220000 39 50
2220500 39 55
2221000 39 54
2221500 39 52
2222000 39 51
2222500 39 58
2223000 39 51
2223500 39 55
2224000 39 52
2224500 39 53
2225000 39 52
2225500 39 46
2226000 39 51
2226500 39 63
2227000 39 57
2227500 39 63
2228000 39 52
2228500 39 49
2229000 39 48
2229500 39 48
2230000 39 47
2230500 39 57
2231000 39 50
2231500 39 53
2232000 39 58
2232500 39 51
2233000 39 52
2233500 39 54
2234000 39 52
2234500 39 54
2235000 39 54
2235500 39 53
2236000 39 53
2236500 39 54
2237000 39 57
2237500 39 61
2238000 39 52
2238500 39 58
2239000 39 54
2239500 39 62
2240000 39 53
2240500 39 55
2241000 39 51
2241500 39 53
2242000 39 54
2242500 39 57
2243000 39 56
2243500 39 53
2244000 39 56
2244500 39 54
2245000 39 53
2245500 39 58
2246000 39 56
2246500 39 58
2247000 39 50
2247500 39 61
2248000 39 50
2248500 39 52
2249000 39 54
2249500 39 51
2250000 39 53
2250500 39 63
2251000 39 51
2251500 39 57
2252000 39 51
2252500 39 56
2253000 39 62
2253500 39 57
2254000 39 56
2254500 39 63
2255000 39 49
2255500 39 50
2256000 39 51
2256500 39 51
2257000 39 52
2257500 39 52
2258000 39 45
2258500 39 51
2259000 39 57
2259500 39 58
2260000 39 57
2260500 39 54
2261000 39 49
2261500 39 52
2262000 39 48
2262500 39 54
2263000 39 52
2263500 39 64
2264000 39 52
2264500 39 60
2265000 39 51
2265500 39 52
2266000 39 58
2266500 39 55
2267000 39 52
2267500 39 53
2268000 39 53
2268500 39 54
2269000 39 54
2269500 39 59
2270000 39 57
2270500 39 51
2271000 39 52
2271500 39 56
2272000 39 45
2272500 39 58
2273000 39 55
2273500 39 55
2274000 39 55
2274500 39 48
2275000 39 49
2275500 39 51
2276000 39 49
2276500 39 54
2277000 39 54
2277500 39 59
2278000 39 56
2278500 39 53
2279000 39 58
2279500 39 54
2280000 39 49
2280500 39 53
2281000 39 55
2281500 39 54
2282000 39 60
2282500 39 60
2283000 39 55
2283500 39 58
2284000 39 53
2284500 39 63
2285000 39 53
2285500 39 54
2286000 39 48
2286500 39 55
2287000 39 49
2287500 39 57
2288000 39 58
2288500 39 50
2289000 39 51
2289500 39 59
2290000 39 60
2290500 39 48
2291000 39 55
2291500 39 50
2292000 39 57
2292500 39 49
2293000 39 55
2293500 39 56
2294000 39 52
2294500 39 56
2295000 39 45
2295500 39 59
2296000 39 48
2296500 39 52
2297000 39 57
2297500 39 57
2298000 39 50
2298500 39 58
2299000 39 61
2299500 39 52
2300000 39 53
2300500 39 53
2301000 39 59
2301500 39 53
2302000 39 53
2302500 39 48
2303000 39 54
2303500 39 50
2304000 39 57
2304500 39 57
2305000 39 47
2305500 39 56
2306000 39 57
2306500 39 48
2307000 39 56
2307500 39 51
2308000 39 53
2308500 39 47
2309000 39 58
2309500 39 58
2310000 39 58
2310500 39 59
2311000 39 58
2311500 39 54
2312000 39 57
2312500 39 55
2313000 39 54
2313500 39 54
2314000 39 48
2314500 39 53
2315000 39 50
2315500 39 50
2316000 39 50
2316500 39 54
2317000 39 55
2317500 39 55
2318000 39 60
2318500 39 50
2319000 39 58
2319500 39 58
2320000 39 51
2320500 39 59
2321000 39 58
2321500 39 47
2322000 39 48
2322500 39 49
2323000 39 49
2323500 39 54
2324000 39 53
2324500 39 47
2325000 39 44
2325500 39 56
2326000 39 54
2326500 39 55
2327000 39 47
2327500 39 61
2328000 39 51
2328500 39 56
2329000 39 55
2329500 39 53
2330000 39 53
2330500 39 53
2331000 39 47
2331500 39 50
2332000 39 53
2332500 39 48
2333000 39 51
2333500 39 55
2334000 39 54
2334500 39 53
2335000 39 49
2335500 39 51
2336000 39 57
2336500 39 55
2337000 39 50
2337500 39 57
2338000 39 52
2338500 39 48
2339000 39 58
2339500 39 57
2340000 39 54
2340500 39 57
2341000 39 52
2341500 39 58
2342000 39 54
2342500 39 56
2343000 39 52
2343500 39 56
2344000 39 55
2344500 39 58
2345000 39 50
2345500 39 55
2346000 39 58
2346500 39 52
2347000 39 51
2347500 39 53
2348000 39 57
2348500 39 56
2349000 39 53
2349500 39 51
2350000 39 60
2350500 39 53
2351000 39 53
2351500 39 54
2352000 39 49
2352500 39 46
2353000 39 54
2353500 39 57
2354000 39 47
2354500 39 50
2355000 39 50
2355500 39 47
2356000 39 58
2356500 39 54
2357000 39 50
2357500 39 60
2358000 39 54
2358500 39 53
2359000 39 58
2359500 39 60
2360000 39 56
2360500 39 56
2361000 39 56
2361500 39 56
2362000 39 58
2362500 39 54
2363000 39 49
2363500 39 59
2364000 39 58
2364500 39 54
2365000 39 51
2365500 39 56
2366000 39 56
2366500 39 49
2367000 39 48
2367500 39 52
2368000 39 50
2368500 39 55
2369000 39 54
2369500 39 56
2370000 39 49
2370500 39 50
2371000 39 50
2371500 39 52
2372000 39 63
2372500 39 55
2373000 39 55
2373500 39 49
2374000 39 55
2374500 39 52
2375000 39 55
2375500 39 57
2376000 39 53
2376500 39 62
2377000 39 52
2377500 39 49
2378000 39 49
2378500 39 46
2379000 39 60
2379500 39 51
2380000 39 55
2380500 39 46
2381000 39 60
2381500 39 54
2382000 39 50
2382500 39 53
2383000 39 54
2383500 39 49
2384000 39 57
2384500 39 44
2385000 39 51
2385500 39 53
2386000 39 47
2386500 39 51
2387000 39 52
2387500 39 55
2388000 39 46
2388500 39 60
2389000 39 52
2389500 39 54
2390000 39 53
2390500 39 50
2391000 39 63
2391500 39 48
2392000 39 54
2392500 39 51
2393000 39 51
2393500 39 52
2394000 39 45
2394500 39 56
2395000 39 48
2395500 39 59
2396000 39 52
2396500 39 53
2397000 39 52
2397500 39 48
2398000 39 50
2398500 39 50
2399000 39 56
2399500 39 48
2400000 39 50
2400500 39 58
2401000 39 51
2401500 39 57
2402000 39 60
2402500 39 53
2403000 39 47
2403500 39 53
2404000 39 55
2404500 39 49
2405000 39 61
2405500 39 49
2406000 39 56
2406500 39 54
2407000 39 58
2407500 39 49
2408000 39 46
2408500 39 57
2409000 39 50
2409500 39 55
2410000 39 52
2410500 39 54
2411000 39 53
2411500 39 54
2412000 39 52
2412500 39 50
2413000 39 59
2413500 39 54
2414000 39 48
2414500 39 50
2415000 39 53
2415500 39 49
2416000 39 52
2416500 39 59
2417000 39 50
2417500 39 52
2418000 39 53
2418500 39 53
2419000 39 55
2419500 39 62
2420000 39 49
2420500 39 55
2421000 39 53
2421500 39 51
2422000 39 56
2422500 39 56
2423000 39 56
2423500 39 52
2424000 39 46
2424500 39 48
2425000 39 48
2425500 39 61
2426000 39 52
2426500 39 52
2427000 39 50
2427500 39 47
2428000 39 52
2428500 39 49
2429000 39 52
2429500 39 53
2430000 39 56
2430500 39 56
2431000 39 48
2431500 39 53
2432000 39 55
2432500 39 53
2433000 39 55
2433500 39 50
2434000 39 50
2434500 39 59
2435000 39 48
2435500 39 56
2436000 39 57
2436500 39 51
2437000 39 65
2437500 39 52
2438000 39 48
2438500 39 45
2439000 39 56
2439500 39 60
2440000 39 46
2440500 39 54
2441000 39 53
2441500 39 51
2442000 39 51
2442500 39 56
2443000 39 55
2443500 39 54
2444000 39 50
2444500 39 54
2445000 39 51
2445500 39 47
2446000 39 54
2446500 39 56
2447000 39 54
2447500 39 48
2448000 39 48
2448500 39 53
2449000 39 57
2449500 39 54
2450000 39 48
2450500 39 57
2451000 39 51
2451500 39 47
2452000 39 55
2452500 39 58
2453000 39 46
2453500 39 54
2454000 39 54
2454500 39 50
2455000 39 55
2455500 39 64
2456000 39 52
2456500 39 61
2457000 39 52
2457500 39 53
2458000 39 51
2458500 39 57
2459000 39 53
2459500 39 52
2460000 39 51
2460500 39 54
2461000 39 50
2461500 39 54
2462000 39 49
2462500 39 58
2463000 39 55
2463500 39 49
2464000 39 54
2464500 39 59
2465000 39 54
2465500 39 57
2466000 39 59
2466500 39 48
2467000 39 57
2467500 39 58
2468000 39 55
2468500 39 51
2469000 39 55
2469500 39 48
2470000 39 53
2470500 39 64
2471000 39 64
2471500 39 56
2472000 39 56
2472500 39 58
2473000 39 52
2473500 39 52
2474000 39 56
2474500 39 52
2475000 39 61
2475500 39 63
2476000 39 54
2476500 39 49
2477000 39 47
2477500 39 56
2478000 39 56
2478500 39 47
2479000 39 54
2479500 39 58
2480000 39 50
2480500 39 57
2481000 39 56
2481500 39 45
2482000 39 49
2482500 39 53
2483000 39 50
2483500 39 53
2484000 39 54
2484500 39 54
2485000 39 53
2485500 39 52
2486000 39 54
2486500 39 56
2487000 39 58
2487500 39 55
2488000 39 50
2488500 39 57
2489000 39 49
2489500 39 50
2490000 39 49
2490500 39 46
2491000 39 48
2491500 39 59
2492000 39 47
2492500 39 55
2493000 39 59
2493500 39 51
2494000 39 55
2494500 39 60
2495000 39 48
2495500 39 58
2496000 39 59
2496500 39 56
2497000 39 46
2497500 39 55
2498000 39 52
2498500 39 50
2499000 39 51
2499500 39 56
2500000 39 50
2500500 39 50
2501000 39 56
2501500 39 52
2502000 39 55
2502500 39 56
2503000 39 51
2503500 39 56
2504000 39 60
2504500 39 52
2505000 39 53
2505500 39 53
2506000 39 56
2506500 39 52
2507000 39 49
2507500 39 57
2508000 39 60
2508500 39 56
2509000 39 47
2509500 39 51
2510000 39 56
2510500 39 52
2511000 39 54
2511500 39 53
2512000 39 51
2512500 39 51
2513000 39 52
2513500 39 50
2514000 39 62
2514500 39 60
2515000 39 50
2515500 39 47
2516000 39 51
2516500 39 52
2517000 39 58
2517500 39 52
2518000 39 54
2518500 39 48
2519000 39 45
2519500 39 55
2520000 39 49
2520500 39 53
2521000 39 51
2521500 39 54
2522000 39 50
2522500 39 58
2523000 39 49
2523500 39 48
2524000 39 55
2524500 39 53
2525000 39 45
2525500 39 54
2526000 39 52
2526500 39 51
2527000 39 52
2527500 39 48
2528000 39 52
2528500 39 52
2529000 39 59
2529500 39 57
2530000 39 53
2530500 39 56
2531000 39 52
2531500 39 57
2532000 39 60
2532500 39 54
2533000 39 53
2533500 39 54
2534000 39 48
2534500 39 57
2535000 39 47
2535500 39 55
2536000 39 51
2536500 39 55
2537000 39 52
2537500 39 42
2538000 39 55
2538500 39 48
2539000 39 56
2539500 39 49
2540000 39 53
2540500 39 53
2541000 39 52
2541500 39 59
2542000 39 57
2542500 39 47
2543000 39 52
2543500 39 51
2544000 39 51
2544500 39 54
2545000 39 56
2545500 39 52
2546000 39 60
2546500 39 53
2547000 39 48
2547500 39 55
2548000 39 50
2548500 39 49
2549000 39 57
2549500 39 49
2550000 39 54
2550500 39 54
2551000 39 53
2551500 39 48
2552000 39 52
2552500 39 60
2553000 39 56
2553500 39 54
2554000 39 53
2554500 39 57
2555000 39 50
2555500 39 54
2556000 39 50
2556500 39 50
2557000 39 54
2557500 39 51
2558000 39 48
2558500 39 52
2559000 39 51
2559500 39 53
2560000 39 56
2560500 39 54
2561000 39 55
2561500 39 45
2562000 39 45
2562500 39 53
2563000 39 53
2563500 39 54
2564000 39 59
2564500 39 55
2565000 39 54
2565500 39 59
2566000 39 63
2566500 39 58
2567000 39 57
2567500 39 52
2568000 39 56
2568500 39 62
2569000 39 57
2569500 39 63
2570000 39 56
2570500 39 54
2571000 39 63
2571500 39 55
2572000 39 56
2572500 39 51
2573000 39 47
2573500 39 60
2574000 39 55
2574500 39 67
2575000 39 59
2575500 39 58
2576000 39 59
2576500 39 51
2577000 39 58
2577500 39 53
2578000 39 50
2578500 39 49
2579000 39 48
2579500 39 54
2580000 39 54
2580500 39 55
2581000 39 48
2581500 39 60
2582000 39 57
2582500 39 47
2583000 39 44
2583500 39 51
2584000 39 57
2584500 39 49
2585000 39 50
2585500 39 53
2586000 39 55
2586500 39 55
2587000 39 52
2587500 39 56
2588000 39 60
2588500 39 54
2589000 39 61
2589500 39 50
2590000 39 56
2590500 39 49
2591000 39 56
2591500 39 55
2592000 39 59
2592500 39 49
2593000 39 54
2593500 39 50
2594000 39 48
2594500 39 51
2595000 39 56
2595500 39 49
2596000 39 67
2596500 39 56
2597000 39 54
2597500 39 50
2598000 39 48
2598500 39 47
2599000 39 56
2599500 39 48
2600000 39 51
2600500 39 52
2601000 39 56
2601500 39 54
2602000 39 54
2602500 39 53
2603000 39 59
2603500 39 50
2604000 39 60
2604500 39 49
2605000 39 54
2605500 39 53
2606000 39 55
2606500 39 57
2607000 39 55
2607500 39 56
2608000 39 50
2608500 39 52
2609000 39 53
2609500 39 54
2610000 39 57
2610500 39 54
2611000 39 52
2611500 39 56
2612000 39 48
2612500 39 54
2613000 39 56
2613500 39 55
2614000 39 53
2614500 39 52
2615000 39 57
2615500 39 49
2616000 39 53
2616500 39 52
2617000 39 53
2617500 39 50
2618000 39 55
2618500 39 53
2619000 39 51
2619500 39 50
2620000 39 50
2620500 39 57
2621000 39 51
2621500 39 60
2622000 39 53
2622500 39 52
2623000 39 51
2623500 39 53
2624000 39 57
2624500 39 52
2625000 39 57
2625500 39 56
2626000 39 55
2626500 39 54
2627000 39 46
2627500 39 52
2628000 39 49
2628500 39 55
2629000 39 57
2629500 39 55
2630000 39 57
2630500 39 53
2631000 39 47
2631500 39 56
2632000 39 49
2632500 39 54
2633000 39 51
2633500 39 51
2634000 39 50
2634500 39 54
2635000 39 51
2635500 39 50
2636000 39 53
2636500 39 61
2637000 39 49
2637500 39 53
2638000 39 59
2638500 39 58
2639000 39 52
2639500 39 51
2640000 39 62
2640500 39 56
2641000 39 56
2641500 39 61
2642000 39 51
2642500 39 48
2643000 39 61
2643500 39 50
2644000 39 52
2644500 39 47
2645000 39 54
2645500 39 47
2646000 39 47
2646500 39 61
2647000 39 53
2647500 39 55
2648000 39 50
2648500 39 50
2649000 39 53
2649500 39 56
2650000 39 53
2650500 39 54
2651000 39 54
2651500 39 59
2652000 39 57
2652500 39 52
2653000 39 58
2653500 39 45
2654000 39 51
2654500 39 56
2655000 39 47
2655500 39 51
2656000 39 51
2656500 39 52
2657000 39 53
2657500 39 58
2658000 39 47
2658500 39 55
2659000 39 50
2659500 39 54
2660000 39 61
2660500 39 48
2661000 39 54
2661500 39 56
2662000 39 55
2662500 39 52
2663000 39 51
2663500 39 64
2664000 39 57
2664500 39 52
2665000 39 58
2665500 39 64
2666000 39 53
2666500 39 58
2667000 39 61
2667500 39 55
2668000 39 52
2668500 39 54
2669000 39 58
2669500 39 54
2670000 39 55
2670500 39 51
2671000 39 54
2671500 39 53
2672000 39 49
2672500 39 52
2673000 39 52
2673500 39 53
2674000 39 62
2674500 39 43
2675000 39 52
2675500 39 48
2676000 39 51
2676500 39 45
2677000 39 54
2677500 39 53
2678000 39 57
2678500 39 48
2679000 39 52
2679500 39 49
2680000 39 53
2680500 39 52
2681000 39 56
2681500 39 51
2682000 39 42
2682500 39 54
2683000 39 51
2683500 39 58
2684000 39 55
2684500 39 47
2685000 39 56
2685500 39 50
2686000 39 53
2686500 39 59
2687000 39 57
2687500 39 56
2688000 39 59
2688500 39 54
2689000 39 55
2689500 39 52
2690000 39 52
2690500 39 50
2691000 39 60
2691500 39 57
2692000 39 50
2692500 39 51
2693000 39 54
2693500 39 48
2694000 39 47
2694500 39 60
2695000 39 53
2695500 39 59
2696000 39 54
2696500 39 54
2697000 39 53
2697500 39 51
2698000 39 56
2698500 39 55
2699000 39 61
2699500 39 47
2700000 39 53
2700500 39 49
2701000 39 56
2701500 39 63
2702000 39 51
2702500 39 57
2703000 39 49
2703500 39 53
2704000 39 58
2704500 39 54
2705000 39 52
2705500 39 48
2706000 39 51
2706500 39 53
2707000 39 51
2707500 39 49
2708000 39 55
2708500 39 54
2709000 39 49
2709500 39 61
2710000 39 61
2710500 39 54
2711000 39 50
2711500 39 55
2712000 39 57
2712500 39 56
2713000 39 53
2713500 39 51
2714000 39 52
2714500 39 52
2715000 39 55
2715500 39 49
2716000 39 56
2716500 39 50
2717000 39 57
2717500 39 51
2718000 39 57
2718500 39 51
2719000 39 47
2719500 39 61
2720000 39 56
2720500 39 45
2721000 39 60
2721500 39 56
2722000 39 52
2722500 39 53
2723000 39 56
2723500 39 55
2724000 39 59
2724500 39 53
2725000 39 53
2725500 39 58
2726000 39 52
2726500 39 48
2727000 39 49
2727500 39 62
2728000 39 52
2728500 39 57
2729000 39 59
2729500 39 51
2730000 39 51
2730500 39 53
2731000 39 57
2731500 39 53
2732000 39 49
2732500 39 54
2733000 39 50
2733500 39 46
2734000 39 58
2734500 39 59
2735000 39 55
2735500 39 52
2736000 39 57
2736500 39 60
2737000 39 54
2737500 39 49
2738000 39 54
2738500 39 55
2739000 39 55
2739500 39 57
2740000 39 52
2740500 39 54
2741000 39 49
2741500 39 55
2742000 39 52
2742500 39 59
2743000 39 55
2743500 39 55
2744000 39 47
2744500 39 52
2745000 39 48
2745500 39 54
2746000 39 55
2746500 39 54
2747000 39 55
2747500 39 55
2748000 39 53
2748500 39 51
2749000 39 50
2749500 39 47
2750000 39 49
2750500 39 49
2751000 39 60
2751500 39 49
2752000 39 56
2752500 39 54
2753000 39 58
2753500 39 59
2754000 39 54
2754500 39 53
2755000 39 49
2755500 39 58
2756000 39 55
2756500 39 53
2757000 39 52
2757500 39 49
2758000 39 50
2758500 39 58
2759000 39 63
2759500 39 53
2760000 39 53
2760500 39 48
2761000 39 52
2761500 39 53
2762000 39 52
2762500 39 52
2763000 39 52
2763500 39 53
2764000 39 54
2764500 39 52
2765000 39 52
2765500 39 58
2766000 39 50
2766500 39 51
2767000 39 57
2767500 39 49
2768000 39 56
2768500 39 52
2769000 39 52
2769500 39 59
2770000 39 59
2770500 39 51
2771000 39 45
2771500 39 53
2772000 39 58
2772500 39 49
2773000 39 50
2773500 39 53
2774000 39 55
2774500 39 57
2775000 39 57
2775500 39 46
2776000 39 56
2776500 39 57
2777000 39 68
2777500 39 58
2778000 39 58
2778500 39 49
2779000 39 52
2779500 39 54
2780000 39 54
2780500 39 52
2781000 39 52
2781500 39 60
2782000 39 54
2782500 39 50
2783000 39 56
2783500 39 46
2784000 39 49
2784500 39 51
2785000 39 55
2785500 39 53
2786000 39 49
2786500 39 53
2787000 39 48
2787500 39 52
2788000 39 55
2788500 39 48
2789000 39 51
2789500 39 55
2790000 39 55
2790500 39 45
2791000 39 56
2791500 39 50
2792000 39 59
2792500 39 55
2793000 39 50
2793500 39 56
2794000 39 57
2794500 39 51
2795000 39 55
2795500 39 55
2796000 39 48
2796500 39 56
2797000 39 59
2797500 39 50
2798000 39 63
2798500 39 50
2799000 39 47
2799500 39 48
2800000 39 53
2800500 39 52
2801000 39 61
2801500 39 50
2802000 39 53
2802500 39 56
2803000 39 51
2803500 39 58
2804000 39 52
2804500 39 52
2805000 39 61
2805500 39 52
2806000 39 55
2806500 39 54
2807000 39 53
2807500 39 51
2808000 39 58
2808500 39 54
2809000 39 51
2809500 39 50
2810000 39 44
2810500 39 50
2811000 39 54
2811500 39 55
2812000 39 49
2812500 39 51
2813000 39 51
2813500 39 55
2814000 39 53
2814500 39 50
2815000 39 50
2815500 39 58
2816000 39 52
2816500 39 53
2817000 39 48
2817500 39 50
2818000 39 61
2818500 39 58
2819000 39 64
2819500 39 49
2820000 39 56
2820500 39 49
2821000 39 49
2821500 39 63
2822000 39 55
2822500 39 52
2823000 39 59
2823500 39 54
2824000 39 49
2824500 39 55
2825000 39 53
2825500 39 55
2826000 39 54
2826500 39 55
2827000 39 58
2827500 39 60
2828000 39 54
2828500 39 46
2829000 39 60
2829500 39 59
2830000 39 56
2830500 39 63
2831000 39 51
2831500 39 61
2832000 39 54
2832500 39 54
2833000 39 47
2833500 39 51
2834000 39 52
2834500 39 55
2835000 39 54
2835500 39 47
2836000 39 55
2836500 39 52
2837000 39 47
2837500 39 58
2838000 39 52
2838500 39 51
2839000 39 57
2839500 39 54
2840000 39 46
2840500 39 55
2841000 39 57
2841500 39 55
2842000 39 52
2842500 39 58
2843000 39 55
2843500 39 55
2844000 39 49
2844500 39 46
2845000 39 53
2845500 39 51
2846000 39 56
2846500 39 53
2847000 39 55
2847500 39 46
2848000 39 51
2848500 39 49
2849000 39 58
2849500 39 54
2850000 39 55
2850500 39 53
2851000 39 60
2851500 39 59
2852000 39 52
2852500 39 56
2853000 39 56
2853500 39 53
2854000 39 54
2854500 39 53
2855000 39 58
2855500 39 53
2856000 39 51
2856500 39 55
2857000 39 63
2857500 39 52
2858000 39 60
2858500 39 57
2859000 39 61
2859500 39 50
2860000 39 49
2860500 39 58
2861000 39 56
2861500 39 56
2862000 39 55
2862500 39 50
2863000 39 59
2863500 39 52
2864000 39 47
2864500 39 50
2865000 39 56
2865500 39 59
2866000 39 56
2866500 39 48
2867000 39 51
2867500 39 59
2868000 39 51
2868500 39 51
2869000 39 51
2869500 39 57
2870000 39 52
2870500 39 52
2871000 39 50
2871500 39 60
2872000 39 49
2872500 39 52
2873000 39 51
2873500 39 53
2874000 39 53
2874500 39 56
2875000 39 55
2875500 39 59
2876000 39 49
2876500 39 64
2877000 39 53
2877500 39 53
2878000 39 52
2878500 39 48
2879000 39 58
2879500 39 47
2880000 39 51
2880500 39 55
2881000 39 51
2881500 39 51
2882000 39 49
2882500 39 56
2883000 39 55
2883500 39 47
2884000 39 53
2884500 39 50
2885000 39 50
2885500 39 52
2886000 39 55
2886500 39 58
2887000 39 56
2887500 39 64
2888000 39 57
2888500 39 49
2889000 39 53
2889500 39 59
2890000 39 63
2890500 39 54
2891000 39 54
2891500 39 51
2892000 39 53
2892500 39 59
2893000 39 51
2893500 39 55
2894000 39 60
2894500 39 55
2895000 39 52
2895500 39 54
2896000 39 57
2896500 39 47
2897000 39 56
2897500 39 56
2898000 39 55
2898500 39 54
2899000 39 54
2899500 39 51
2900000 39 59
2900500 39 54
2901000 39 57
2901500 39 54
2902000 39 51
2902500 39 55
2903000 39 55
2903500 39 48
2904000 39 53
2904500 39 57
2905000 39 52
2905500 39 54
2906000 39 44
2906500 39 49
2907000 39 56
2907500 39 58
2908000 39 60
2908500 39 56
2909000 39 51
2909500 39 57
2910000 39 50
2910500 39 50
2911000 39 49
2911500 39 61
2912000 39 53
2912500 39 49
2913000 39 48
2913500 39 55
2914000 39 48
2914500 39 52
2915000 39 54
2915500 39 48
2916000 39 47
2916500 39 57
2917000 39 53
2917500 39 50
2918000 39 50
2918500 39 44
2919000 39 52
2919500 39 46
2920000 39 50
2920500 39 54
2921000 39 61
2921500 39 54
2922000 39 49
2922500 39 59
2923000 39 51
2923500 39 56
2924000 39 54
2924500 39 49
2925000 39 54
2925500 39 54
2926000 39 63
2926500 39 58
2927000 39 53
2927500 39 58
2928000 39 57
2928500 39 60
2929000 39 50
2929500 39 46
2930000 39 53
2930500 39 56
2931000 39 55
2931500 39 46
2932000 39 55
2932500 39 53
2933000 39 57
2933500 39 59
2934000 39 55
2934500 39 56
2935000 39 53
2935500 39 49
2936000 39 58
2936500 39 55
2937000 39 59
2937500 39 54
2938000 39 59
2938500 39 53
2939000 39 52
2939500 39 54
2940000 39 57
2940500 39 50
2941000 39 50
2941500 39 55
2942000 39 51
2942500 39 59
2943000 39 56
2943500 39 54
2944000 39 50
2944500 39 46
2945000 39 62
2945500 39 50
2946000 39 51
2946500 39 59
2947000 39 56
2947500 39 57
2948000 39 50
2948500 39 43
2949000 39 52
2949500 39 47
2950000 39 54
2950500 39 51
2951000 39 47
2951500 39 61
2952000 39 50
2952500 39 50
2953000 39 47
2953500 39 49
2954000 39 49
2954500 39 45
2955000 39 55
2955500 39 54
2956000 39 58
2956500 39 52
2957000 39 58
2957500 39 59
2958000 39 57
2958500 39 55
2959000 39 55
2959500 39 52
2960000 39 50
2960500 39 53
2961000 39 54
2961500 39 54
2962000 39 50
2962500 39 59
2963000 39 57
2963500 39 47
2964000 39 48
2964500 39 55
2965000 39 53
2965500 39 52
2966000 39 51
2966500 39 56
2967000 39 50
2967500 39 45
2968000 39 51
2968500 39 54
2969000 39 45
2969500 39 47
2970000 39 55
2970500 39 54
2971000 39 58
2971500 39 55
2972000 39 55
2972500 39 52
2973000 39 55
2973500 39 48
2974000 39 54
2974500 39 56
2975000 39 52
2975500 39 55
2976000 39 54
2976500 39 51
2977000 39 58
2977500 39 55
2978000 39 58
2978500 39 54
2979000 39 52
2979500 39 55
2980000 39 52
2980500 39 52
2981000 39 49
2981500 39 47
2982000 39 49
2982500 39 49
2983000 39 51
2983500 39 56
2984000 39 52
2984500 39 48
2985000 39 58
2985500 39 53
2986000 39 57
2986500 39 58
2987000 39 54
e
