0 40 41
500 21 29
1000 20 27
1500 19 27
2000 19 27
2500 18 29
3000 18 27
3500 18 27
4000 18 27
4500 17 25
5000 17 26
5500 17 26
6000 17 25
6500 17 28
7000 17 27
7500 17 25
8000 17 27
8500 17 26
9000 17 26
9500 17 25
10000 17 25
10500 17 26
11000 17 26
11500 17 26
12000 17 28
12500 17 24
13000 17 29
13500 17 25
14000 17 26
14500 17 26
15000 17 28
15500 17 26
16000 17 26
16500 17 27
17000 17 26
17500 17 28
18000 17 27
18500 17 26
19000 17 25
19500 17 26
20000 17 26
20500 17 26
21000 17 28
21500 17 25
22000 17 24
22500 17 28
23000 17 25
23500 17 24
24000 17 27
24500 17 28
25000 17 27
25500 17 26
26000 17 26
26500 17 25
27000 17 25
27500 17 26
28000 17 25
28500 17 25
29000 17 24
29500 17 26
30000 17 27
30500 17 26
31000 17 27
31500 17 26
32000 17 27
32500 17 26
33000 17 27
33500 17 25
34000 17 26
34500 17 28
35000 17 28
35500 17 26
36000 17 27
36500 17 25
37000 17 29
37500 17 26
38000 17 26
38500 17 26
39000 17 25
39500 17 26
40000 17 26
40500 17 27
41000 17 26
41500 17 26
42000 17 26
42500 17 25
43000 17 26
43500 17 26
44000 17 24
44500 17 26
45000 17 29
45500 17 26
46000 17 25
46500 17 26
47000 17 26
47500 17 26
48000 17 25
48500 17 25
49000 17 25
49500 17 24
50000 17 25
50500 17 25
51000 17 24
51500 17 27
52000 17 26
52500 17 25
53000 17 27
53500 17 28
54000 17 26
54500 17 28
55000 17 25
55500 17 27
56000 17 26
56500 17 27
57000 17 28
57500 17 26
58000 17 26
58500 17 26
59000 17 26
59500 17 26
60000 17 26
60500 17 27
61000 17 28
61500 17 28
62000 17 28
62500 17 27
63000 17 24
63500 17 27
64000 17 26
64500 17 25
65000 17 25
65500 17 25
66000 17 26
66500 17 27
67000 17 26
67500 17 27
68000 17 25
68500 17 25
69000 17 25
69500 17 27
70000 17 25
70500 17 26
71000 17 26
71500 17 27
72000 17 25
72500 17 26
73000 17 25
73500 17 27
74000 17 26
74500 17 26
75000 17 26
75500 17 28
76000 17 27
76500 17 26
77000 17 28
77500 17 27
78000 17 26
78500 17 26
79000 17 26
79500 17 25
80000 17 27
80500 17 27
81000 17 24
81500 17 27
82000 17 27
82500 17 27
83000 17 28
83500 17 27
84000 17 27
84500 17 27
85000 17 27
85500 17 26
86000 17 27
86500 17 25
87000 17 25
87500 17 26
88000 17 26
88500 17 27
89000 17 26
89500 17 26
90000 17 26
90500 17 27
91000 17 26
91500 17 28
92000 17 26
92500 17 27
93000 17 25
93500 17 26
94000 17 25
94500 17 26
95000 17 27
95500 17 26
96000 17 24
96500 17 26
97000 17 28
97500 17 27
98000 17 27
98500 17 27
99000 17 27
99500 17 25
100000 17 25
100500 17 26
101000 17 26
101500 17 26
102000 17 25
102500 17 26
103000 17 25
103500 17 24
104000 17 26
104500 17 27
105000 17 25
105500 17 25
106000 17 25
106500 17 27
107000 17 24
107500 17 25
108000 17 27
108500 17 25
109000 17 26
109500 17 24
110000 17 25
110500 17 27
111000 17 24
111500 17 27
112000 17 23
112500 17 26
113000 17 25
113500 17 26
114000 17 27
114500 17 26
115000 17 29
115500 17 26
116000 17 27
116500 17 25
117000 17 26
117500 17 26
118000 17 26
118500 17 26
119000 17 26
119500 17 28
120000 17 28
120500 17 25
121000 17 26
121500 17 26
122000 17 27
122500 17 25
123000 17 27
123500 17 25
124000 17 27
124500 17 27
125000 17 25
125500 17 26
126000 17 27
126500 17 26
127000 17 25
127500 17 26
128000 17 27
128500 17 25
129000 17 25
129500 17 26
130000 17 25
130500 17 25
131000 17 26
131500 17 26
132000 17 26
132500 17 24
133000 17 26
133500 17 27
134000 17 26
134500 17 28
135000 17 27
135500 17 26
136000 17 27
136500 17 25
137000 17 24
137500 17 27
138000 17 26
138500 17 25
139000 17 26
139500 17 26
140000 17 26
140500 17 25
141000 17 27
141500 17 24
142000 17 25
142500 17 24
143000 17 25
143500 17 26
144000 17 24
144500 17 25
145000 17 25
145500 17 27
146000 17 26
146500 17 27
147000 17 28
147500 17 25
148000 17 26
148500 17 26
149000 17 26
149500 17 24
150000 17 27
150500 17 26
151000 17 26
151500 17 27
152000 17 26
152500 17 28
153000 17 28
153500 17 26
154000 17 26
154500 17 25
155000 17 25
155500 17 27
156000 17 26
156500 17 26
157000 17 28
157500 17 27
158000 17 26
158500 17 26
159000 17 26
159500 17 27
160000 17 26
160500 17 26
161000 17 25
161500 17 26
162000 17 26
162500 17 26
163000 17 26
163500 17 26
164000 17 26
164500 17 26
165000 17 25
165500 17 26
166000 17 27
166500 17 25
167000 17 26
167500 17 25
168000 17 27
168500 17 25
169000 17 26
169500 17 26
170000 17 25
170500 17 25
171000 17 26
171500 17 26
172000 17 27
172500 17 28
173000 17 26
173500 17 26
174000 17 27
174500 17 26
175000 17 28
175500 17 26
176000 17 27
176500 17 26
177000 17 25
177500 17 26
178000 17 27
178500 17 26
179000 17 28
179500 17 27
180000 17 26
180500 17 25
181000 17 26
181500 17 27
182000 17 27
182500 17 26
183000 17 25
183500 17 24
184000 17 28
184500 17 24
185000 17 26
185500 17 24
186000 17 25
186500 17 25
187000 17 25
187500 17 25
188000 17 28
188500 17 27
189000 17 26
189500 17 27
190000 17 24
190500 17 26
191000 17 27
191500 17 27
192000 17 27
192500 17 28
193000 17 27
193500 17 27
194000 17 26
194500 17 27
195000 17 27
195500 17 25
196000 17 26
196500 17 26
197000 17 25
197500 17 25
198000 17 26
198500 17 26
199000 17 25
199500 17 26
200000 17 26
200500 17 26
201000 17 28
201500 17 25
202000 17 24
202500 17 27
203000 17 25
203500 17 25
204000 17 26
204500 17 25
205000 17 27
205500 17 27
206000 17 28
206500 17 27
207000 17 27
207500 17 26
208000 17 26
208500 17 26
209000 17 27
209500 17 25
210000 17 27
210500 17 26
211000 17 27
211500 17 25
212000 17 26
212500 17 27
213000 17 26
213500 17 26
214000 17 26
214500 17 26
215000 17 26
215500 17 26
216000 17 28
216500 17 25
217000 17 26
217500 17 26
218000 17 26
218500 17 25
219000 17 24
219500 17 27
220000 17 26
220500 17 27
221000 17 27
221500 17 25
222000 17 25
222500 17 24
223000 17 26
223500 17 27
224000 17 25
224500 17 26
225000 17 26
225500 17 27
226000 17 25
226500 17 26
227000 17 27
227500 17 26
228000 17 26
228500 17 26
229000 17 26
229500 17 27
230000 17 25
230500 17 27
231000 17 25
231500 17 26
232000 17 25
232500 17 26
233000 17 26
233500 17 26
234000 17 27
234500 17 25
235000 17 27
235500 17 26
236000 17 27
236500 17 26
237000 17 26
237500 17 25
238000 17 26
238500 17 24
239000 17 27
239500 17 26
240000 17 27
240500 17 26
241000 16 27
241500 16 24
242000 16 27
242500 16 25
243000 16 25
243500 16 26
244000 16 25
244500 16 25
245000 16 27
245500 16 24
246000 16 25
246500 16 26
247000 16 29
247500 16 25
248000 16 26
248500 16 25
249000 16 26
249500 16 26
250000 16 26
250500 16 26
251000 16 26
251500 16 26
252000 16 27
252500 16 26
253000 16 26
253500 16 25
254000 16 26
254500 16 25
255000 16 26
255500 16 26
256000 16 25
256500 16 27
257000 16 26
257500 16 25
258000 16 25
258500 16 26
259000 16 25
259500 16 25
260000 16 25
260500 16 26
261000 16 25
261500 16 28
262000 16 27
262500 16 26
263000 16 25
263500 16 26
264000 16 27
264500 16 23
265000 16 26
265500 16 25
266000 16 26
266500 16 28
267000 16 26
267500 16 27
268000 16 25
268500 16 26
269000 16 26
269500 16 27
270000 16 26
270500 16 25
271000 16 26
271500 16 25
272000 16 26
272500 16 26
273000 16 27
273500 16 25
274000 16 24
274500 16 25
275000 16 26
275500 16 27
276000 16 26
276500 16 26
277000 16 26
277500 16 26
278000 16 26
278500 16 25
279000 16 26
279500 16 23
280000 16 27
280500 16 26
281000 16 25
281500 16 25
282000 16 27
282500 16 25
283000 16 26
283500 16 26
284000 16 25
284500 16 26
285000 16 26
285500 16 25
286000 16 28
286500 16 26
287000 16 27
287500 16 24
288000 16 25
288500 16 26
289000 16 26
289500 16 28
290000 16 25
290500 16 24
291000 16 24
291500 16 26
292000 16 26
292500 16 27
293000 16 26
293500 16 24
294000 16 26
294500 16 25
295000 16 26
295500 16 26
296000 16 27
296500 16 24
297000 16 24
297500 16 25
298000 16 26
298500 16 26
299000 16 25
299500 16 24
300000 16 27
300500 16 25
301000 16 23
301500 16 25
302000 16 26
302500 16 25
303000 16 25
303500 16 26
304000 16 24
304500 16 25
305000 16 25
305500 16 26
306000 16 23
306500 16 26
307000 16 24
307500 16 26
308000 16 27
308500 16 26
309000 16 27
309500 16 26
310000 16 24
310500 16 27
311000 16 26
311500 16 27
312000 16 25
312500 16 26
313000 16 26
313500 16 25
314000 16 24
314500 16 26
315000 16 26
315500 16 26
316000 16 24
316500 16 26
317000 16 26
317500 16 25
318000 16 26
318500 16 26
319000 16 26
319500 16 27
320000 16 25
320500 16 23
321000 16 25
321500 16 27
322000 16 28
322500 16 25
323000 16 26
323500 16 26
324000 16 26
324500 16 26
325000 16 26
325500 16 26
326000 16 26
326500 16 25
327000 16 26
327500 16 26
328000 16 26
328500 16 24
329000 16 27
329500 16 26
330000 16 25
330500 16 25
331000 16 26
331500 16 24
332000 16 25
332500 16 26
333000 16 25
333500 16 27
334000 16 24
334500 16 25
335000 16 25
335500 16 25
336000 16 27
336500 16 25
337000 16 24
337500 16 26
338000 16 25
338500 16 27
339000 16 25
339500 16 25
340000 16 25
340500 16 24
341000 16 26
341500 16 26
342000 16 26
342500 16 27
343000 16 27
343500 16 24
344000 16 27
344500 16 26
345000 16 25
345500 16 27
346000 16 25
346500 16 27
347000 16 23
347500 16 25
348000 16 23
348500 16 27
349000 16 24
349500 16 25
350000 16 25
350500 16 26
351000 16 25
351500 16 24
352000 16 25
352500 16 25
353000 16 26
353500 16 25
354000 16 26
354500 16 26
355000 16 25
355500 16 25
356000 16 24
356500 16 25
357000 16 25
357500 16 25
358000 16 24
358500 16 25
359000 16 25
359500 16 25
360000 16 26
360500 16 24
361000 16 27
361500 16 28
362000 16 26
362500 16 26
363000 16 24
363500 16 25
364000 16 24
364500 16 28
365000 16 25
365500 16 26
366000 16 27
366500 16 25
367000 16 28
367500 16 24
368000 16 26
368500 16 26
369000 16 25
369500 16 26
370000 16 25
370500 16 25
371000 16 26
371500 16 28
372000 16 26
372500 16 25
373000 16 26
373500 16 27
374000 16 28
374500 16 25
375000 16 27
375500 16 28
376000 16 25
376500 16 26
377000 16 25
377500 16 29
378000 16 27
378500 16 27
379000 16 25
379500 16 27
380000 16 26
380500 16 27
381000 16 26
381500 16 25
382000 16 26
382500 16 24
383000 16 25
383500 16 26
384000 16 25
384500 16 26
385000 16 26
385500 16 27
386000 16 26
386500 16 25
387000 16 24
387500 16 25
388000 16 26
388500 16 25
389000 16 26
389500 16 25
390000 16 27
390500 16 24
391000 16 24
391500 16 26
392000 16 26
392500 16 26
393000 16 25
393500 16 26
394000 16 25
394500 16 27
395000 16 26
395500 16 24
396000 16 27
396500 16 25
397000 16 25
397500 16 26
398000 16 26
398500 16 26
399000 16 27
399500 16 28
400000 16 24
400500 16 25
401000 16 26
401500 16 25
402000 16 25
402500 16 27
403000 16 27
403500 16 25
404000 16 25
404500 16 25
405000 16 26
405500 16 27
406000 16 26
406500 16 27
407000 16 29
407500 16 25
408000 16 27
408500 16 27
409000 16 27
409500 16 25
410000 16 26
410500 16 25
411000 16 25
411500 16 27
412000 16 26
412500 16 25
413000 16 25
413500 16 23
414000 16 27
414500 16 26
415000 16 27
415500 16 27
416000 16 27
416500 16 27
417000 16 24
417500 16 25
418000 16 23
418500 16 24
419000 16 25
419500 16 26
420000 16 26
420500 16 25
421000 16 28
421500 16 25
422000 16 25
422500 16 26
423000 16 26
423500 16 25
424000 16 26
424500 16 23
425000 16 25
425500 16 24
426000 16 25
426500 16 24
427000 16 27
427500 16 25
428000 16 25
428500 16 24
429000 16 24
429500 16 28
430000 16 25
430500 16 26
431000 16 25
431500 16 25
432000 16 25
432500 16 25
433000 16 27
433500 16 25
434000 16 23
434500 16 27
435000 16 27
435500 16 25
436000 16 27
436500 16 26
437000 16 27
437500 16 27
438000 16 25
438500 16 26
439000 16 27
439500 16 25
440000 16 26
440500 16 26
441000 16 26
441500 16 27
442000 16 27
442500 16 26
443000 16 25
443500 16 24
444000 16 25
444500 16 25
445000 16 26
445500 16 26
446000 16 25
446500 16 25
447000 16 24
447500 16 26
448000 16 25
448500 16 23
449000 16 26
449500 16 24
450000 16 26
450500 16 26
451000 16 26
451500 16 27
452000 16 24
452500 16 27
453000 16 26
453500 16 25
454000 16 26
454500 16 26
455000 16 26
455500 16 28
456000 16 25
456500 16 26
457000 16 25
457500 16 26
458000 16 25
458500 16 26
459000 16 25
459500 16 25
460000 16 27
460500 16 25
461000 16 25
461500 16 27
462000 16 25
462500 16 27
463000 16 25
463500 16 26
464000 16 26
464500 16 25
465000 16 27
465500 16 23
466000 16 24
466500 16 24
467000 16 24
467500 16 26
468000 16 26
468500 16 25
469000 16 26
469500 16 25
470000 16 26
470500 16 26
471000 16 27
471500 16 26
472000 16 24
472500 16 25
473000 16 26
473500 16 26
474000 16 28
474500 16 25
475000 16 24
475500 16 25
476000 16 27
476500 16 26
477000 16 25
477500 16 26
478000 16 26
478500 16 26
479000 16 25
479500 16 26
480000 16 26
480500 16 24
481000 16 26
481500 16 27
482000 16 25
482500 16 26
483000 16 26
483500 16 29
484000 16 25
484500 16 26
485000 16 24
485500 16 26
486000 16 25
486500 16 25
487000 16 25
487500 16 25
488000 16 25
488500 16 24
489000 16 24
489500 16 27
490000 16 27
490500 16 25
491000 16 26
491500 16 27
492000 16 26
492500 16 24
493000 16 27
493500 16 26
494000 16 26
494500 16 26
495000 16 24
495500 16 25
496000 16 27
496500 16 26
497000 16 27
497500 16 26
498000 16 26
498500 16 26
499000 16 24
499500 16 25
500000 16 24
500500 16 26
501000 16 27
501500 16 25
502000 16 27
502500 16 25
503000 16 25
503500 16 23
504000 16 24
504500 16 27
505000 16 26
505500 16 26
506000 16 26
506500 16 27
507000 16 26
507500 16 25
508000 16 25
508500 16 27
509000 16 26
509500 16 25
510000 16 27
510500 16 24
511000 16 26
511500 16 26
512000 16 25
512500 16 26
513000 16 27
513500 16 26
514000 16 24
514500 16 28
515000 16 25
515500 16 25
516000 16 27
516500 16 27
517000 16 26
517500 16 23
518000 16 28
518500 16 27
519000 16 25
519500 16 28
520000 16 25
520500 16 25
521000 16 27
521500 16 25
522000 16 27
522500 16 25
523000 16 28
523500 16 25
524000 16 26
524500 16 24
525000 16 26
525500 16 24
526000 16 25
526500 16 26
527000 16 28
527500 16 27
528000 16 24
528500 16 29
529000 16 24
529500 16 26
530000 16 26
530500 16 25
531000 16 26
531500 16 26
532000 16 26
532500 16 28
533000 16 25
533500 16 26
534000 16 26
534500 16 26
535000 16 25
535500 16 26
536000 16 25
536500 16 26
537000 16 26
537500 16 26
538000 16 24
538500 16 27
539000 16 25
539500 16 24
540000 16 28
540500 16 27
541000 16 24
541500 16 25
542000 16 25
542500 16 25
543000 16 26
543500 16 25
544000 16 27
544500 16 24
545000 16 26
545500 16 25
546000 16 27
546500 16 25
547000 16 26
547500 16 27
548000 16 26
548500 16 25
549000 16 28
549500 16 24
550000 16 25
550500 16 26
551000 16 26
551500 16 27
552000 16 28
552500 16 26
553000 16 25
553500 16 26
554000 16 25
554500 16 26
555000 16 27
555500 16 24
556000 16 25
556500 16 26
557000 16 26
557500 16 25
558000 16 26
558500 16 28
559000 16 26
559500 16 25
560000 16 24
560500 16 26
561000 16 28
561500 16 25
562000 16 24
562500 16 25
563000 16 24
563500 16 25
564000 16 24
564500 16 28
565000 16 27
565500 16 23
566000 16 24
566500 16 26
567000 16 26
567500 16 24
568000 16 25
568500 16 25
569000 16 26
569500 16 26
570000 16 25
570500 16 25
571000 16 24
571500 16 25
572000 16 25
572500 16 25
573000 16 25
573500 16 25
574000 16 24
574500 16 27
575000 16 26
575500 16 26
576000 16 25
576500 16 25
577000 16 25
577500 16 26
578000 16 26
578500 16 26
579000 16 27
579500 16 25
580000 16 25
580500 16 26
581000 16 27
581500 16 25
582000 16 25
582500 16 25
583000 16 27
583500 16 27
584000 16 26
584500 16 25
585000 16 26
585500 16 25
586000 16 25
586500 16 27
587000 16 25
587500 16 26
588000 16 26
588500 16 28
589000 16 26
589500 16 25
590000 16 27
590500 16 25
591000 16 25
591500 16 25
592000 16 25
592500 16 27
593000 16 27
593500 16 25
594000 16 27
594500 16 26
595000 16 26
595500 16 24
596000 16 25
596500 16 27
597000 16 26
597500 16 24
598000 16 26
598500 16 26
599000 16 26
599500 16 26
600000 16 28
600500 16 25
601000 16 27
601500 16 24
602000 16 26
602500 16 27
603000 16 27
603500 16 25
604000 16 25
604500 16 26
605000 16 25
605500 16 27
606000 16 26
606500 16 27
607000 16 26
607500 16 24
608000 16 26
608500 16 26
609000 16 27
609500 16 24
610000 16 24
610500 16 26
611000 16 26
611500 16 27
612000 16 27
612500 16 25
613000 16 26
613500 16 27
614000 16 26
614500 16 27
615000 16 25
615500 16 27
616000 16 25
616500 16 24
617000 16 25
617500 16 27
618000 16 25
618500 16 25
619000 16 27
619500 16 26
620000 16 27
620500 16 26
621000 16 29
621500 16 25
622000 16 25
622500 16 24
623000 16 27
623500 16 25
624000 16 24
624500 16 26
625000 16 25
625500 16 26
626000 16 26
626500 16 26
627000 16 26
627500 16 26
628000 16 28
628500 16 25
629000 16 26
629500 16 26
630000 16 25
630500 16 26
631000 16 27
631500 16 25
632000 16 23
632500 16 25
633000 16 27
633500 16 27
634000 16 27
634500 16 25
635000 16 25
635500 16 26
636000 16 23
636500 16 26
637000 16 27
637500 16 26
638000 16 26
638500 16 25
639000 16 26
639500 16 27
640000 16 26
640500 16 27
641000 16 26
641500 16 25
642000 16 25
642500 16 25
643000 16 26
643500 16 26
644000 16 27
644500 16 25
645000 16 26
645500 16 25
646000 16 26
646500 16 25
647000 16 26
647500 16 26
648000 16 25
648500 16 26
649000 16 25
649500 16 26
650000 16 24
650500 16 26
651000 16 26
651500 16 26
652000 16 26
652500 16 25
653000 16 25
653500 16 26
654000 16 26
654500 16 24
655000 16 25
655500 16 28
656000 16 26
656500 16 26
657000 16 26
657500 16 24
658000 16 26
658500 16 24
659000 16 25
659500 16 26
660000 16 26
660500 16 25
661000 16 27
661500 16 27
662000 16 26
662500 16 26
663000 16 27
663500 16 27
664000 16 26
664500 16 28
665000 16 26
665500 16 24
666000 16 26
666500 16 24
667000 16 26
667500 16 25
668000 16 24
668500 16 26
669000 16 27
669500 16 26
670000 16 28
670500 16 27
671000 16 26
671500 16 27
672000 16 24
672500 16 24
673000 16 27
673500 16 25
674000 16 27
674500 16 27
675000 16 25
675500 16 25
676000 16 28
676500 16 26
677000 16 25
677500 16 25
678000 16 24
678500 16 25
679000 16 26
679500 16 26
680000 16 27
680500 16 28
681000 16 25
681500 16 25
682000 16 28
682500 16 26
683000 16 25
683500 16 24
684000 16 26
684500 16 26
685000 16 26
685500 16 26
686000 16 26
686500 16 26
687000 16 27
687500 16 26
688000 16 27
688500 16 26
689000 16 25
689500 16 25
690000 16 25
690500 16 26
691000 16 25
691500 16 26
692000 16 25
692500 16 27
693000 16 26
693500 16 26
694000 16 25
694500 16 26
695000 16 26
695500 16 26
696000 16 25
696500 16 27
697000 16 26
697500 16 24
698000 16 25
698500 16 27
699000 16 26
699500 16 24
700000 16 28
700500 16 25
701000 16 26
701500 16 26
702000 16 25
702500 16 25
703000 16 26
703500 16 28
704000 16 25
704500 16 25
705000 16 25
705500 16 25
706000 16 27
706500 16 23
707000 16 25
707500 16 27
708000 16 27
708500 16 27
709000 16 26
709500 16 26
710000 16 25
710500 16 24
711000 16 26
711500 16 24
712000 16 25
712500 16 28
713000 16 25
713500 16 26
714000 16 25
714500 16 26
715000 16 26
715500 16 25
716000 16 27
716500 16 25
717000 16 23
717500 16 26
718000 16 27
718500 16 24
719000 16 24
719500 16 26
720000 16 26
720500 16 26
721000 16 27
721500 16 26
722000 16 25
722500 16 26
723000 16 24
723500 16 26
724000 16 26
724500 16 26
725000 16 27
725500 16 26
726000 16 25
726500 16 26
727000 16 26
727500 16 26
728000 16 26
728500 16 26
729000 16 26
729500 16 26
730000 16 25
730500 16 25
731000 16 25
731500 16 26
732000 16 24
732500 16 25
733000 16 25
733500 16 25
734000 16 27
734500 16 26
735000 16 25
735500 16 25
736000 16 24
736500 16 26
737000 16 26
737500 16 26
738000 16 25
738500 16 24
739000 16 26
739500 16 28
740000 16 25
740500 16 26
741000 16 25
741500 16 26
742000 16 28
742500 16 25
743000 16 25
743500 16 27
744000 16 27
744500 16 26
745000 16 27
745500 16 24
746000 16 26
746500 16 26
747000 16 24
747500 16 26
748000 16 27
748500 16 27
749000 16 25
749500 16 25
750000 16 26
750500 16 27
751000 16 26
751500 16 25
752000 16 23
752500 16 25
753000 16 28
753500 16 24
754000 16 26
754500 16 26
755000 16 27
755500 16 26
756000 16 24
756500 16 26
757000 16 25
757500 16 26
758000 16 26
758500 16 24
759000 16 25
759500 16 25
760000 16 24
760500 16 27
761000 16 26
761500 16 26
762000 16 26
762500 16 25
763000 16 25
763500 16 23
764000 16 24
764500 16 24
765000 16 26
765500 16 24
766000 16 26
766500 16 25
767000 16 26
767500 16 26
768000 16 25
768500 16 26
769000 16 24
769500 16 25
770000 16 25
770500 16 25
771000 16 25
771500 16 25
772000 16 27
772500 16 24
773000 16 24
773500 16 26
774000 16 24
774500 16 26
775000 16 26
775500 16 25
776000 16 26
776500 16 27
777000 16 25
777500 16 25
778000 16 27
778500 16 26
779000 16 28
779500 16 26
780000 16 25
780500 16 26
781000 16 26
781500 16 26
782000 16 27
782500 16 28
783000 16 26
783500 16 27
784000 16 28
784500 16 27
785000 16 26
785500 16 26
786000 16 26
786500 16 26
787000 16 26
787500 16 26
788000 16 24
788500 16 25
789000 16 26
789500 16 26
790000 16 26
790500 16 26
791000 16 27
791500 16 26
792000 16 26
792500 16 25
793000 16 25
793500 16 26
794000 16 27
794500 16 28
795000 16 25
795500 16 24
796000 16 24
796500 16 25
797000 16 25
797500 16 26
798000 16 28
798500 16 27
799000 16 25
799500 16 25
800000 16 26
800500 16 25
801000 16 26
801500 16 25
802000 16 26
802500 16 27
803000 16 26
803500 16 26
804000 16 24
804500 16 26
805000 16 26
805500 16 27
806000 16 26
806500 16 25
807000 16 27
807500 16 24
808000 16 27
808500 16 26
809000 16 25
809500 16 26
810000 16 27
810500 16 26
811000 16 25
811500 16 26
812000 16 24
812500 16 26
813000 16 24
813500 16 26
814000 16 27
814500 16 25
815000 16 26
815500 16 24
816000 16 25
816500 16 24
817000 16 25
817500 16 26
818000 16 26
818500 16 24
819000 16 27
819500 16 25
820000 16 24
820500 16 27
821000 16 23
821500 16 26
822000 16 25
822500 16 25
823000 16 26
823500 16 25
824000 16 26
824500 16 25
825000 16 28
825500 16 26
826000 16 26
826500 16 24
827000 16 26
827500 16 27
828000 16 27
828500 16 27
829000 16 27
829500 16 26
830000 16 27
830500 16 25
831000 16 25
831500 16 26
832000 16 25
832500 16 26
833000 16 26
833500 16 26
834000 16 26
834500 16 24
835000 16 25
835500 16 26
836000 16 25
836500 16 25
837000 16 25
837500 16 24
838000 16 28
838500 16 28
839000 16 27
839500 16 24
840000 16 25
840500 16 26
841000 16 28
841500 16 28
842000 16 24
842500 16 25
843000 16 26
843500 16 24
844000 16 26
844500 16 26
845000 16 25
845500 16 26
846000 16 27
846500 16 28
847000 16 26
847500 16 27
848000 16 27
848500 16 25
849000 16 25
849500 16 26
850000 16 26
850500 16 26
851000 16 25
851500 16 24
852000 16 27
852500 16 25
853000 16 25
853500 16 24
854000 16 25
854500 16 26
855000 16 24
855500 16 24
856000 16 26
856500 16 26
857000 16 25
857500 16 24
858000 16 26
858500 16 26
859000 16 24
859500 16 26
860000 16 24
860500 16 27
861000 16 24
861500 16 26
862000 16 26
862500 16 26
863000 16 26
863500 16 25
864000 16 26
864500 16 25
865000 16 27
865500 16 28
866000 16 25
866500 16 25
867000 16 28
867500 16 28
868000 16 26
868500 16 26
869000 16 25
869500 16 25
870000 16 26
870500 16 27
871000 16 26
871500 16 26
872000 16 26
872500 16 25
873000 16 25
873500 16 23
874000 16 25
874500 16 28
875000 16 26
875500 16 26
876000 16 27
876500 16 24
877000 16 26
877500 16 25
878000 16 27
878500 16 26
879000 16 28
879500 16 25
880000 16 27
880500 16 25
881000 16 26
881500 16 27
882000 16 27
882500 16 26
883000 16 28
883500 16 26
884000 16 26
884500 16 26
885000 16 26
885500 16 25
886000 16 27
886500 16 25
887000 16 25
887500 16 24
888000 16 27
888500 16 26
889000 16 27
889500 16 26
890000 16 26
890500 16 26
891000 16 25
891500 16 25
892000 16 26
892500 16 27
893000 16 27
893500 16 25
894000 16 26
894500 16 28
895000 16 27
895500 16 27
896000 16 27
896500 16 25
897000 16 26
897500 16 25
898000 16 25
898500 16 25
899000 16 27
899500 16 24
900000 16 27
900500 16 26
901000 16 26
901500 16 26
902000 16 26
902500 16 24
903000 16 25
903500 16 25
904000 16 26
904500 16 25
905000 16 26
905500 16 26
906000 16 26
906500 16 25
907000 16 25
907500 16 26
908000 16 26
908500 16 26
909000 16 26
909500 16 26
910000 16 27
910500 16 24
911000 16 26
911500 16 25
912000 16 25
912500 16 26
913000 16 26
913500 16 27
914000 16 27
914500 16 24
915000 16 27
915500 16 25
916000 16 25
916500 16 25
917000 16 27
917500 16 27
918000 16 24
918500 16 26
919000 16 27
919500 16 26
920000 16 26
920500 16 25
921000 16 26
921500 16 27
922000 16 25
922500 16 26
923000 16 28
923500 16 24
924000 16 25
924500 16 27
925000 16 25
925500 16 24
926000 16 24
926500 16 25
927000 16 27
927500 16 26
928000 16 25
928500 16 28
929000 16 23
929500 16 26
930000 16 25
930500 16 25
931000 16 26
931500 16 26
932000 16 25
932500 16 27
933000 16 24
933500 16 25
934000 16 25
934500 16 26
935000 16 25
935500 16 25
936000 16 25
936500 16 28
937000 16 26
937500 16 25
938000 16 25
938500 16 23
939000 16 26
939500 16 24
940000 16 26
940500 16 26
941000 16 28
941500 16 26
942000 16 25
942500 16 27
943000 16 24
943500 16 25
944000 16 26
944500 16 26
945000 16 26
945500 16 26
946000 16 27
946500 16 25
947000 16 26
947500 16 25
948000 16 28
948500 16 25
949000 16 26
949500 16 26
950000 16 27
950500 16 24
951000 16 25
951500 16 26
952000 16 26
952500 16 26
953000 16 25
953500 16 27
954000 16 24
954500 16 27
955000 16 24
955500 16 24
956000 16 24
956500 16 26
957000 16 23
957500 16 25
958000 16 27
958500 16 25
959000 16 26
959500 16 26
960000 16 26
960500 16 26
961000 16 26
961500 16 27
962000 16 26
962500 16 25
963000 16 26
963500 16 25
964000 16 26
964500 16 27
965000 16 25
965500 16 24
966000 16 26
966500 16 25
967000 16 27
967500 16 26
968000 16 26
968500 16 26
969000 16 26
969500 16 25
970000 16 26
970500 16 25
971000 16 25
971500 16 25
972000 16 27
972500 16 27
973000 16 24
973500 16 26
974000 16 26
974500 16 25
975000 16 27
975500 16 26
976000 16 23
976500 16 25
977000 16 26
977500 16 26
978000 16 25
978500 16 26
979000 16 25
979500 16 26
980000 16 27
980500 16 27
981000 16 26
981500 16 27
982000 16 25
982500 16 27
983000 16 26
983500 16 25
984000 16 24
984500 16 27
985000 16 26
985500 16 29
986000 16 26
986500 16 25
987000 16 25
987500 16 26
988000 16 26
988500 16 27
989000 16 26
989500 16 26
990000 16 23
990500 16 25
991000 16 26
991500 16 27
992000 16 25
992500 16 25
993000 16 25
993500 16 25
994000 16 26
994500 16 25
995000 16 26
995500 16 27
996000 16 26
996500 16 24
997000 16 26
997500 16 25
998000 16 24
998500 16 27
999000 16 26
999500 16 26
1000000 16 26
1000500 16 27
1001000 16 26
1001500 16 24
1002000 16 25
1002500 16 25
1003000 16 26
1003500 16 24
1004000 16 26
1004500 16 25
1005000 16 25
1005500 16 26
1006000 16 27
1006500 16 25
1007000 16 26
1007500 16 26
1008000 16 28
1008500 16 27
1009000 16 28
1009500 16 26
1010000 16 26
1010500 16 27
1011000 16 26
1011500 16 26
1012000 16 25
1012500 16 25
1013000 16 26
1013500 16 27
1014000 16 24
1014500 16 23
1015000 16 25
1015500 16 27
1016000 16 26
1016500 16 27
1017000 16 27
1017500 16 26
1018000 16 25
1018500 16 28
1019000 16 23
1019500 16 24
1020000 16 26
1020500 16 24
1021000 16 25
1021500 16 28
1022000 16 25
1022500 16 24
1023000 16 25
1023500 16 26
1024000 16 26
1024500 16 25
1025000 16 26
1025500 16 26
1026000 16 26
1026500 16 25
1027000 16 24
1027500 16 25
1028000 16 26
1028500 16 26
1029000 16 25
1029500 16 25
1030000 16 25
1030500 16 27
1031000 16 26
1031500 16 25
1032000 16 25
1032500 16 25
1033000 16 24
1033500 16 27
1034000 16 25
1034500 16 25
1035000 16 26
1035500 16 26
1036000 16 24
1036500 16 27
1037000 16 26
1037500 16 26
1038000 16 26
1038500 16 25
1039000 16 24
1039500 16 25
1040000 16 24
1040500 16 26
1041000 16 25
1041500 16 26
1042000 16 26
1042500 16 26
1043000 16 23
1043500 16 26
1044000 16 26
1044500 16 24
1045000 16 25
1045500 16 27
1046000 16 23
1046500 16 25
1047000 16 27
1047500 16 26
1048000 16 26
1048500 16 27
1049000 16 25
1049500 16 27
1050000 16 27
1050500 16 26
1051000 16 26
1051500 16 26
1052000 16 26
1052500 16 28
1053000 16 26
1053500 16 26
1054000 16 26
1054500 16 25
1055000 16 26
1055500 16 27
1056000 16 25
1056500 16 26
1057000 16 24
1057500 16 26
1058000 16 27
1058500 16 24
1059000 16 26
1059500 16 25
1060000 16 26
1060500 16 23
1061000 16 25
1061500 16 26
1062000 16 26
1062500 16 27
1063000 16 26
1063500 16 26
1064000 16 26
1064500 16 25
1065000 16 27
1065500 16 24
1066000 16 27
1066500 16 28
1067000 16 29
1067500 16 27
1068000 16 24
1068500 16 28
1069000 16 25
1069500 16 27
1070000 16 25
1070500 16 25
1071000 16 26
1071500 16 26
1072000 16 27
1072500 16 24
1073000 16 27
1073500 16 25
1074000 16 25
1074500 16 24
1075000 16 26
1075500 16 27
1076000 16 25
1076500 16 24
1077000 16 24
1077500 16 24
1078000 16 24
1078500 16 24
1079000 16 27
1079500 16 27
1080000 16 24
1080500 16 26
1081000 16 27
1081500 16 25
1082000 16 24
1082500 16 26
1083000 16 25
1083500 16 25
1084000 16 27
1084500 16 25
1085000 16 25
1085500 16 25
1086000 16 26
1086500 16 27
1087000 16 28
1087500 16 27
1088000 16 26
1088500 16 26
1089000 16 25
1089500 16 26
1090000 16 24
1090500 16 26
1091000 16 25
1091500 16 26
1092000 16 24
1092500 16 25
1093000 16 26
1093500 16 26
1094000 16 26
1094500 16 25
1095000 16 24
1095500 16 28
1096000 16 27
1096500 16 24
1097000 16 26
1097500 16 28
1098000 16 25
1098500 16 26
1099000 16 27
1099500 16 26
1100000 16 27
1100500 16 25
1101000 16 26
1101500 16 25
1102000 16 25
1102500 16 26
1103000 16 28
1103500 16 27
1104000 16 26
1104500 16 25
1105000 16 27
1105500 16 25
1106000 16 24
1106500 16 26
1107000 16 27
1107500 16 26
1108000 16 27
1108500 16 24
1109000 16 25
1109500 16 26
1110000 16 26
1110500 16 27
1111000 16 26
1111500 16 25
1112000 16 25
1112500 16 26
1113000 16 27
1113500 16 26
1114000 16 25
1114500 16 25
1115000 16 26
1115500 16 26
1116000 16 26
1116500 16 26
1117000 16 25
1117500 16 25
1118000 16 27
1118500 16 23
1119000 16 25
1119500 16 25
1120000 16 25
1120500 16 25
1121000 16 25
1121500 16 26
1122000 16 27
1122500 16 25
1123000 16 26
1123500 16 24
1124000 16 25
1124500 16 25
1125000 16 25
1125500 16 25
1126000 16 27
1126500 16 25
1127000 16 27
1127500 16 25
1128000 16 25
1128500 16 26
1129000 16 26
1129500 16 26
1130000 16 26
1130500 16 26
1131000 16 24
1131500 16 25
1132000 16 25
1132500 16 26
1133000 16 25
1133500 16 26
1134000 16 27
1134500 16 27
1135000 16 24
1135500 16 25
1136000 16 27
1136500 16 24
1137000 16 25
1137500 16 25
1138000 16 27
1138500 16 26
1139000 16 26
1139500 16 25
1140000 16 25
1140500 16 25
1141000 16 26
1141500 16 26
1142000 16 24
1142500 16 27
1143000 16 24
1143500 16 26
1144000 16 27
1144500 16 26
1145000 16 27
1145500 16 26
1146000 16 24
1146500 16 24
1147000 16 27
1147500 16 27
1148000 16 25
1148500 16 26
1149000 16 25
1149500 16 24
1150000 16 25
1150500 16 25
1151000 16 25
1151500 16 24
1152000 16 26
1152500 16 25
1153000 16 26
1153500 16 26
1154000 16 26
1154500 16 26
1155000 16 24
1155500 16 25
1156000 16 25
1156500 16 24
1157000 16 23
1157500 16 25
1158000 16 25
1158500 16 26
1159000 16 29
1159500 16 27
1160000 16 25
1160500 16 26
1161000 16 24
1161500 16 27
1162000 16 26
1162500 16 27
1163000 16 26
1163500 16 27
1164000 16 27
1164500 16 26
1165000 16 25
1165500 16 25
1166000 16 27
1166500 16 25
1167000 16 24
1167500 16 28
1168000 16 25
1168500 16 25
1169000 16 27
1169500 16 26
1170000 16 25
1170500 16 27
1171000 16 26
1171500 16 26
1172000 16 26
1172500 16 26
1173000 16 25
1173500 16 26
1174000 16 26
1174500 16 25
1175000 16 25
1175500 16 26
1176000 16 25
1176500 16 27
1177000 16 25
1177500 16 26
1178000 16 25
1178500 16 26
1179000 16 26
1179500 16 26
1180000 16 25
1180500 16 27
1181000 16 24
1181500 16 26
1182000 16 25
1182500 16 26
1183000 16 26
1183500 16 25
1184000 16 26
1184500 16 25
1185000 16 26
1185500 16 26
1186000 16 27
1186500 16 24
1187000 16 26
1187500 16 26
1188000 16 26
1188500 16 26
1189000 16 25
1189500 16 25
1190000 16 28
1190500 16 25
1191000 16 26
1191500 16 27
1192000 16 26
1192500 16 25
1193000 16 25
1193500 16 28
1194000 16 25
1194500 16 24
1195000 16 28
1195500 16 25
1196000 16 28
1196500 16 28
1197000 16 27
1197500 16 27
1198000 16 26
1198500 16 26
1199000 16 26
1199500 16 27
1200000 16 27
1200500 16 27
1201000 16 25
1201500 16 25
1202000 16 24
1202500 16 25
1203000 16 26
1203500 16 27
1204000 16 24
1204500 16 24
1205000 16 26
1205500 16 26
1206000 16 28
1206500 16 27
1207000 16 26
1207500 16 25
1208000 16 26
1208500 16 26
1209000 16 26
1209500 16 25
1210000 16 25
1210500 16 26
1211000 16 26
1211500 16 26
1212000 16 25
1212500 16 25
1213000 16 27
1213500 16 26
1214000 16 27
1214500 16 27
1215000 16 25
1215500 16 24
1216000 16 25
1216500 16 26
1217000 16 27
1217500 16 25
1218000 16 28
1218500 16 26
1219000 16 25
1219500 16 26
1220000 16 25
1220500 16 25
1221000 16 26
1221500 16 25
1222000 16 26
1222500 16 26
1223000 16 27
1223500 16 25
1224000 16 26
1224500 16 26
1225000 16 25
1225500 16 25
1226000 16 26
1226500 16 29
1227000 16 27
1227500 16 26
1228000 16 26
1228500 16 26
1229000 16 26
1229500 16 25
1230000 16 28
1230500 16 25
1231000 16 27
1231500 16 25
1232000 16 26
1232500 16 25
1233000 16 28
1233500 16 26
1234000 16 27
1234500 16 26
1235000 16 26
1235500 16 27
1236000 16 26
1236500 16 28
1237000 16 27
1237500 16 26
1238000 16 27
1238500 16 27
1239000 16 26
1239500 16 24
1240000 16 24
1240500 16 26
1241000 16 25
1241500 16 26
1242000 16 25
1242500 16 27
1243000 16 26
1243500 16 25
1244000 16 25
1244500 16 27
1245000 16 27
1245500 16 29
1246000 16 27
1246500 16 25
1247000 16 26
1247500 16 27
1248000 16 25
1248500 16 24
1249000 16 24
1249500 16 25
1250000 16 28
1250500 16 25
1251000 16 25
1251500 16 28
1252000 16 26
1252500 16 26
1253000 16 25
1253500 16 25
1254000 16 27
1254500 16 27
1255000 16 25
1255500 16 25
1256000 16 26
1256500 16 24
1257000 16 28
1257500 16 26
1258000 16 25
1258500 16 27
1259000 16 26
1259500 16 25
1260000 16 28
1260500 16 25
1261000 16 26
1261500 16 27
1262000 16 24
1262500 16 24
1263000 16 27
1263500 16 27
1264000 16 26
1264500 16 27
1265000 16 25
1265500 16 26
1266000 16 24
1266500 16 25
1267000 16 27
1267500 16 26
1268000 16 26
1268500 16 27
1269000 16 27
1269500 16 26
1270000 16 26
1270500 16 24
1271000 16 25
1271500 16 25
1272000 16 26
1272500 16 27
1273000 16 26
1273500 16 27
1274000 16 25
1274500 16 26
1275000 16 25
1275500 16 26
1276000 16 27
1276500 16 25
1277000 16 25
1277500 16 27
1278000 16 27
1278500 16 27
1279000 16 27
1279500 16 26
1280000 16 25
1280500 16 26
1281000 16 25
1281500 16 25
1282000 16 26
1282500 16 26
1283000 16 26
1283500 16 26
1284000 16 28
1284500 16 27
1285000 16 26
1285500 16 27
1286000 16 25
1286500 16 26
1287000 16 25
1287500 16 26
1288000 16 26
1288500 16 27
1289000 16 25
1289500 16 26
1290000 16 27
1290500 16 28
1291000 16 25
1291500 16 26
1292000 16 27
1292500 16 25
1293000 16 25
1293500 16 26
1294000 16 26
1294500 16 27
1295000 16 27
1295500 16 28
1296000 16 24
1296500 16 25
1297000 16 25
1297500 16 27
1298000 16 24
1298500 16 25
1299000 16 28
1299500 16 25
1300000 16 25
1300500 16 26
1301000 16 24
1301500 16 26
1302000 16 25
1302500 16 26
1303000 16 27
1303500 16 27
1304000 16 25
1304500 16 26
1305000 16 27
1305500 16 27
1306000 16 25
1306500 16 26
1307000 16 27
1307500 16 26
1308000 16 26
1308500 16 28
1309000 16 25
1309500 16 26
1310000 16 25
1310500 16 26
1311000 16 24
1311500 16 24
1312000 16 26
1312500 16 26
1313000 16 25
1313500 16 27
1314000 16 25
1314500 16 25
1315000 16 25
1315500 16 27
1316000 16 24
1316500 16 25
1317000 16 27
1317500 16 26
1318000 16 28
1318500 16 27
1319000 16 27
1319500 16 26
1320000 16 26
1320500 16 26
1321000 16 25
1321500 16 27
1322000 16 26
1322500 16 26
1323000 16 25
1323500 16 24
1324000 16 27
1324500 16 26
1325000 16 24
1325500 16 26
1326000 16 26
1326500 16 27
1327000 16 25
1327500 16 26
1328000 16 27
1328500 16 25
1329000 16 24
1329500 16 26
1330000 16 28
1330500 16 25
1331000 16 26
1331500 16 24
1332000 16 27
1332500 16 27
1333000 16 24
1333500 16 27
1334000 16 26
1334500 16 25
1335000 16 27
1335500 16 27
1336000 16 25
1336500 16 28
1337000 16 25
1337500 16 25
1338000 16 26
1338500 16 26
1339000 16 25
1339500 16 27
1340000 16 25
1340500 16 26
1341000 16 25
1341500 16 26
1342000 16 24
1342500 16 25
1343000 16 25
1343500 16 26
1344000 16 26
1344500 16 24
1345000 16 25
1345500 16 25
1346000 16 26
1346500 16 25
1347000 16 24
1347500 16 24
1348000 16 25
1348500 16 26
1349000 16 26
1349500 16 25
1350000 16 25
1350500 16 25
1351000 16 29
1351500 16 26
1352000 16 26
1352500 16 26
1353000 16 25
1353500 16 25
1354000 16 25
1354500 16 25
1355000 16 24
1355500 16 26
1356000 16 26
1356500 16 26
1357000 16 26
1357500 16 26
1358000 16 26
1358500 16 27
1359000 16 27
1359500 16 26
1360000 16 26
1360500 16 26
1361000 16 25
1361500 16 24
1362000 16 26
1362500 16 26
1363000 16 26
1363500 16 26
1364000 16 26
1364500 16 26
1365000 16 25
1365500 16 26
1366000 16 26
1366500 16 25
1367000 16 26
1367500 16 26
1368000 16 26
1368500 16 27
1369000 16 27
1369500 16 26
1370000 16 25
1370500 16 26
1371000 16 28
1371500 16 27
1372000 16 26
1372500 16 26
1373000 16 26
1373500 16 28
1374000 16 26
1374500 16 25
1375000 16 25
1375500 16 27
1376000 16 25
1376500 16 25
1377000 16 26
1377500 16 27
1378000 16 25
1378500 16 26
1379000 16 28
1379500 16 25
1380000 16 26
1380500 16 27
1381000 16 25
1381500 16 27
1382000 16 26
1382500 16 28
1383000 16 24
1383500 16 25
1384000 16 27
1384500 16 25
1385000 16 27
1385500 16 26
1386000 16 26
1386500 16 25
1387000 16 24
1387500 16 24
1388000 16 27
1388500 16 26
1389000 16 24
1389500 16 26
1390000 16 27
1390500 16 24
1391000 16 25
1391500 16 24
1392000 16 25
1392500 16 27
1393000 16 25
1393500 16 25
1394000 16 27
1394500 16 26
1395000 16 26
1395500 16 26
1396000 16 28
1396500 16 27
1397000 16 25
1397500 16 26
1398000 16 26
1398500 16 29
1399000 16 25
1399500 16 26
1400000 16 26
1400500 16 25
1401000 16 25
1401500 16 26
1402000 16 26
1402500 16 27
1403000 16 26
1403500 16 27
1404000 16 25
1404500 16 26
1405000 16 27
1405500 16 26
1406000 16 26
1406500 16 24
1407000 16 24
1407500 16 26
1408000 16 26
1408500 16 26
1409000 16 25
1409500 16 25
1410000 16 25
1410500 16 26
1411000 16 27
1411500 16 27
1412000 16 25
1412500 16 27
1413000 16 27
1413500 16 26
1414000 16 26
1414500 16 25
1415000 16 27
1415500 16 25
1416000 16 26
1416500 16 24
1417000 16 27
1417500 16 24
1418000 16 27
1418500 16 28
1419000 16 25
1419500 16 24
1420000 16 24
1420500 16 24
1421000 16 25
1421500 16 26
1422000 16 25
1422500 16 25
1423000 16 27
1423500 16 24
1424000 16 26
1424500 16 26
1425000 16 28
1425500 16 26
1426000 16 26
1426500 16 25
1427000 16 26
1427500 16 25
1428000 16 28
1428500 16 25
1429000 16 26
1429500 16 28
1430000 16 25
1430500 16 25
1431000 16 26
1431500 16 27
1432000 16 26
1432500 16 25
1433000 16 28
1433500 16 26
1434000 16 25
1434500 16 25
1435000 16 27
1435500 16 26
1436000 16 24
1436500 16 26
1437000 16 24
1437500 16 28
1438000 16 25
1438500 16 27
1439000 16 27
1439500 16 25
1440000 16 26
1440500 16 24
1441000 16 26
1441500 16 26
1442000 16 26
1442500 16 28
1443000 16 25
1443500 16 25
1444000 16 26
1444500 16 25
1445000 16 25
1445500 16 27
1446000 16 27
1446500 16 25
1447000 16 26
1447500 16 26
1448000 16 25
1448500 16 26
1449000 16 26
1449500 16 25
1450000 16 26
1450500 16 25
1451000 16 25
1451500 16 25
1452000 16 28
1452500 16 25
1453000 16 27
1453500 16 25
1454000 16 25
1454500 16 25
1455000 16 24
1455500 16 27
1456000 16 26
1456500 16 26
1457000 16 28
1457500 16 25
1458000 16 26
1458500 16 26
1459000 16 26
1459500 16 29
1460000 16 26
1460500 16 25
1461000 16 26
1461500 16 26
1462000 16 27
1462500 16 25
1463000 16 26
1463500 16 26
1464000 16 25
1464500 16 28
1465000 16 26
1465500 16 25
1466000 16 26
1466500 16 24
1467000 16 27
1467500 16 25
1468000 16 27
1468500 16 24
1469000 16 25
1469500 16 24
1470000 16 26
1470500 16 26
1471000 16 24
1471500 16 28
1472000 16 28
1472500 16 25
1473000 16 24
1473500 16 26
1474000 16 27
1474500 16 26
1475000 16 24
1475500 16 25
1476000 16 25
1476500 16 26
1477000 16 26
1477500 16 27
1478000 16 24
1478500 16 26
1479000 16 28
1479500 16 28
1480000 16 24
1480500 16 25
1481000 16 27
1481500 16 26
1482000 16 25
1482500 16 26
1483000 16 26
1483500 16 26
1484000 16 24
1484500 16 26
1485000 16 25
1485500 16 26
1486000 16 27
1486500 16 28
1487000 16 27
1487500 16 27
1488000 16 24
1488500 16 25
1489000 16 25
1489500 16 25
1490000 16 26
1490500 16 26
1491000 16 26
1491500 16 24
1492000 16 26
1492500 16 27
1493000 16 26
1493500 16 25
1494000 16 25
1494500 16 27
1495000 16 25
1495500 16 25
1496000 16 26
1496500 16 26
1497000 16 25
1497500 16 26
1498000 16 25
1498500 16 26
1499000 16 25
1499500 16 25
1500000 16 26
1500500 16 24
1501000 16 25
1501500 16 24
1502000 16 26
1502500 16 24
1503000 16 26
1503500 16 25
1504000 16 28
1504500 16 26
1505000 16 26
1505500 16 26
1506000 16 27
1506500 16 27
1507000 16 28
1507500 16 25
1508000 16 25
1508500 16 28
1509000 16 27
1509500 16 25
1510000 16 26
1510500 16 26
1511000 16 25
1511500 16 26
1512000 16 26
1512500 16 27
1513000 16 27
1513500 16 26
1514000 16 26
1514500 16 25
1515000 16 25
1515500 16 26
1516000 16 26
1516500 16 26
1517000 16 26
1517500 16 26
1518000 16 26
1518500 16 26
1519000 16 26
1519500 16 27
1520000 16 25
1520500 16 26
1521000 16 25
1521500 16 25
1522000 16 28
1522500 16 26
1523000 16 25
1523500 16 24
1524000 16 25
1524500 16 24
1525000 16 24
1525500 16 27
1526000 16 25
1526500 16 26
1527000 16 27
1527500 16 25
1528000 16 26
1528500 16 26
1529000 16 24
1529500 16 26
1530000 16 25
1530500 16 25
1531000 16 25
1531500 16 26
1532000 16 25
1532500 16 25
1533000 16 24
1533500 16 25
1534000 16 27
1534500 16 25
1535000 16 26
1535500 16 26
1536000 16 26
1536500 16 27
1537000 16 26
1537500 16 26
1538000 16 27
1538500 16 26
1539000 16 28
1539500 16 26
1540000 16 24
1540500 16 25
1541000 16 25
1541500 16 27
1542000 16 26
1542500 16 27
1543000 16 26
1543500 16 27
1544000 16 27
1544500 16 23
1545000 16 27
1545500 16 26
1546000 16 26
1546500 16 25
1547000 16 26
1547500 16 24
1548000 16 26
1548500 16 26
1549000 16 28
1549500 16 27
1550000 16 26
1550500 16 25
1551000 16 26
1551500 16 27
1552000 16 25
1552500 16 25
1553000 16 26
1553500 16 24
1554000 16 26
1554500 16 25
1555000 16 27
1555500 16 25
1556000 16 25
1556500 16 25
1557000 16 25
1557500 16 27
1558000 16 25
1558500 16 26
1559000 16 27
1559500 16 25
1560000 16 27
1560500 16 26
1561000 16 26
1561500 16 25
1562000 16 28
1562500 16 25
1563000 16 25
1563500 16 25
1564000 16 26
1564500 16 27
1565000 16 26
1565500 16 25
1566000 16 27
1566500 16 25
1567000 16 26
1567500 16 26
1568000 16 27
1568500 16 26
1569000 16 24
1569500 16 27
1570000 16 26
1570500 16 26
1571000 16 25
1571500 16 27
1572000 16 26
1572500 16 27
1573000 16 26
1573500 16 28
1574000 16 23
1574500 16 27
1575000 16 25
1575500 16 26
1576000 16 25
1576500 16 25
1577000 16 24
1577500 16 26
1578000 16 25
1578500 16 24
1579000 16 25
1579500 16 26
1580000 16 26
1580500 16 26
1581000 16 27
1581500 16 27
1582000 16 27
1582500 16 25
1583000 16 27
1583500 16 24
1584000 16 26
1584500 16 26
1585000 16 25
1585500 16 26
1586000 16 25
1586500 16 23
1587000 16 25
1587500 16 27
1588000 16 26
1588500 16 26
1589000 16 24
1589500 16 27
1590000 16 26
1590500 16 27
1591000 16 25
1591500 16 25
1592000 16 25
1592500 16 25
1593000 16 24
1593500 16 26
1594000 16 26
1594500 16 27
1595000 16 26
1595500 16 27
1596000 16 27
1596500 16 28
1597000 16 25
1597500 16 26
1598000 16 26
1598500 16 24
1599000 16 24
1599500 16 26
1600000 16 26
1600500 16 24
1601000 16 26
1601500 16 26
1602000 16 26
1602500 16 25
1603000 16 28
1603500 16 26
1604000 16 26
1604500 16 27
1605000 16 26
1605500 16 24
1606000 16 26
1606500 16 26
1607000 16 25
1607500 16 26
1608000 16 27
1608500 16 27
1609000 16 25
1609500 16 24
1610000 16 27
1610500 16 26
1611000 16 26
1611500 16 26
1612000 16 24
1612500 16 25
1613000 16 26
1613500 16 26
1614000 16 26
1614500 16 26
1615000 16 25
1615500 16 25
1616000 16 25
1616500 16 26
1617000 16 27
1617500 16 27
1618000 16 26
1618500 16 26
1619000 16 27
1619500 16 28
1620000 16 25
1620500 16 25
1621000 16 24
1621500 16 24
1622000 16 27
1622500 16 28
1623000 16 26
1623500 16 26
1624000 16 25
1624500 16 27
1625000 16 26
1625500 16 26
1626000 16 26
1626500 16 26
1627000 16 25
1627500 16 26
1628000 16 26
1628500 16 27
1629000 16 28
1629500 16 27
1630000 16 27
1630500 16 26
1631000 16 26
1631500 16 27
1632000 16 25
1632500 16 25
1633000 16 28
1633500 16 27
1634000 16 27
1634500 16 27
1635000 16 25
1635500 16 25
1636000 16 25
1636500 16 24
1637000 16 25
1637500 16 26
1638000 16 27
1638500 16 25
1639000 16 25
1639500 16 24
1640000 16 25
1640500 16 27
1641000 16 26
1641500 16 27
1642000 16 26
1642500 16 26
1643000 16 26
1643500 16 27
1644000 16 26
1644500 16 26
1645000 16 25
1645500 16 25
1646000 16 25
1646500 16 23
1647000 16 26
1647500 16 25
1648000 16 26
1648500 16 26
1649000 16 24
1649500 16 27
1650000 16 26
1650500 16 28
1651000 16 27
1651500 16 26
1652000 16 27
1652500 16 25
1653000 16 29
1653500 16 26
1654000 16 26
1654500 16 28
1655000 16 26
1655500 16 25
1656000 16 24
1656500 16 25
1657000 16 26
1657500 16 26
1658000 16 28
1658500 16 27
1659000 16 26
1659500 16 25
1660000 16 25
1660500 16 24
1661000 16 27
1661500 16 24
1662000 16 27
1662500 16 25
1663000 16 25
1663500 16 27
1664000 16 24
1664500 16 26
1665000 16 24
1665500 16 26
1666000 16 27
1666500 16 25
1667000 16 25
1667500 16 25
1668000 16 27
1668500 16 26
1669000 16 26
1669500 16 27
1670000 16 24
1670500 16 25
1671000 16 25
1671500 16 27
1672000 16 27
1672500 16 28
1673000 16 26
1673500 16 27
1674000 16 26
1674500 16 27
1675000 16 27
1675500 16 25
1676000 16 26
1676500 16 26
1677000 16 26
1677500 16 27
1678000 16 26
1678500 16 30
1679000 16 24
1679500 16 28
1680000 16 27
1680500 16 26
1681000 16 26
1681500 16 26
1682000 16 25
1682500 16 25
1683000 16 26
1683500 16 27
1684000 16 27
1684500 16 25
1685000 16 24
1685500 16 26
1686000 16 26
1686500 16 26
1687000 16 26
1687500 16 25
1688000 16 26
1688500 16 26
1689000 16 26
1689500 16 27
1690000 16 27
1690500 16 26
1691000 16 26
1691500 16 26
1692000 16 26
1692500 16 25
1693000 16 26
1693500 16 26
1694000 16 27
1694500 16 25
1695000 16 25
1695500 16 27
1696000 16 27
1696500 16 26
1697000 16 26
1697500 16 25
1698000 16 26
1698500 16 25
1699000 16 26
1699500 16 28
1700000 16 27
1700500 16 27
1701000 16 27
1701500 16 25
1702000 16 25
1702500 16 26
1703000 16 27
1703500 16 25
1704000 16 25
1704500 16 25
1705000 16 25
1705500 16 26
1706000 16 25
1706500 16 26
1707000 16 26
1707500 16 25
1708000 16 25
1708500 16 28
1709000 16 26
1709500 16 26
1710000 16 26
1710500 16 26
1711000 16 27
1711500 16 26
1712000 16 27
1712500 16 26
1713000 16 26
1713500 16 26
1714000 16 28
1714500 16 27
1715000 16 24
1715500 16 25
1716000 16 24
1716500 16 23
1717000 16 26
1717500 16 25
1718000 16 27
1718500 16 26
1719000 16 26
1719500 16 25
1720000 16 25
1720500 16 27
1721000 16 27
1721500 16 26
1722000 16 26
1722500 16 26
1723000 16 27
1723500 16 25
1724000 16 27
1724500 16 26
1725000 16 27
1725500 16 27
1726000 16 26
1726500 16 27
1727000 16 26
1727500 16 26
1728000 16 25
1728500 16 25
1729000 16 27
1729500 16 25
1730000 16 26
1730500 16 26
1731000 16 25
1731500 16 28
1732000 16 27
1732500 16 26
1733000 16 25
1733500 16 26
1734000 16 28
1734500 16 27
1735000 16 26
1735500 16 27
1736000 16 28
1736500 16 26
1737000 16 27
1737500 16 26
1738000 16 26
1738500 16 26
1739000 16 24
1739500 16 24
1740000 16 26
1740500 16 27
1741000 16 27
1741500 16 27
1742000 16 25
1742500 16 26
1743000 16 25
1743500 16 25
1744000 16 25
1744500 16 25
1745000 16 26
1745500 16 27
1746000 16 26
1746500 16 25
1747000 16 27
1747500 16 26
1748000 16 24
1748500 16 24
1749000 16 27
1749500 16 27
1750000 16 26
1750500 16 25
1751000 16 25
1751500 16 25
1752000 16 26
1752500 16 25
1753000 16 26
1753500 16 27
1754000 16 25
1754500 16 25
1755000 16 25
1755500 16 27
1756000 16 24
1756500 16 27
1757000 16 24
1757500 16 25
1758000 16 26
1758500 16 27
1759000 16 25
1759500 16 25
1760000 16 26
1760500 16 26
1761000 16 26
1761500 16 25
1762000 16 25
1762500 16 25
1763000 16 25
1763500 16 25
1764000 16 27
1764500 16 26
1765000 16 25
1765500 16 27
1766000 16 26
1766500 16 26
1767000 16 26
1767500 16 24
1768000 16 26
1768500 16 24
1769000 16 25
1769500 16 25
1770000 16 25
1770500 16 26
1771000 16 28
1771500 16 26
1772000 16 25
1772500 16 24
1773000 16 26
1773500 16 26
1774000 16 25
1774500 16 26
1775000 16 27
1775500 16 26
1776000 16 25
1776500 16 28
1777000 16 24
1777500 16 25
1778000 16 27
1778500 16 27
1779000 16 25
1779500 16 25
1780000 16 25
1780500 16 28
1781000 16 26
1781500 16 27
1782000 16 25
1782500 16 25
1783000 16 24
1783500 16 25
1784000 16 25
1784500 16 26
1785000 16 25
1785500 16 25
1786000 16 24
1786500 16 26
1787000 16 25
1787500 16 27
1788000 16 26
1788500 16 23
1789000 16 27
1789500 16 26
1790000 16 26
1790500 16 28
1791000 16 25
1791500 16 26
1792000 16 26
1792500 16 25
1793000 16 26
1793500 16 24
1794000 16 26
1794500 16 26
1795000 16 25
1795500 16 25
1796000 16 27
1796500 16 23
1797000 16 26
1797500 16 25
1798000 16 26
1798500 16 26
1799000 16 25
1799500 16 26
1800000 16 26
1800500 16 25
1801000 16 27
1801500 16 25
1802000 16 25
1802500 16 26
1803000 16 28
1803500 16 28
1804000 16 27
1804500 16 25
1805000 16 26
1805500 16 24
1806000 16 26
1806500 16 25
1807000 16 25
1807500 16 24
1808000 16 27
1808500 16 26
1809000 16 24
1809500 16 25
1810000 16 26
1810500 16 28
1811000 16 25
1811500 16 23
1812000 16 25
1812500 16 27
1813000 16 26
1813500 16 26
1814000 16 28
1814500 16 23
1815000 16 26
1815500 16 26
1816000 16 27
1816500 16 27
1817000 16 27
1817500 16 26
1818000 16 28
1818500 16 25
1819000 16 26
1819500 16 24
1820000 16 26
1820500 16 28
1821000 16 25
1821500 16 25
1822000 16 25
1822500 16 26
1823000 16 29
1823500 16 27
1824000 16 27
1824500 16 25
1825000 16 25
1825500 16 24
1826000 16 27
1826500 16 25
1827000 16 25
1827500 16 26
1828000 16 23
1828500 16 26
1829000 16 27
1829500 16 25
1830000 16 26
1830500 16 24
1831000 16 26
1831500 16 24
1832000 16 26
1832500 16 25
1833000 16 26
1833500 16 28
1834000 16 25
1834500 16 25
1835000 16 27
1835500 16 26
1836000 16 27
1836500 16 25
1837000 16 26
1837500 16 25
1838000 16 23
1838500 16 26
1839000 16 25
1839500 16 25
1840000 16 25
1840500 16 27
1841000 16 28
1841500 16 24
1842000 16 24
1842500 16 25
1843000 16 25
1843500 16 25
1844000 16 27
1844500 16 25
1845000 16 26
1845500 16 27
1846000 16 26
1846500 16 23
1847000 16 27
1847500 16 26
1848000 16 26
1848500 16 26
1849000 16 27
1849500 16 24
1850000 16 26
1850500 16 26
1851000 16 26
1851500 16 26
1852000 16 25
1852500 16 25
1853000 16 27
1853500 16 26
1854000 16 26
1854500 16 28
1855000 16 27
1855500 16 27
1856000 16 25
1856500 16 28
1857000 16 27
1857500 16 25
1858000 16 25
1858500 16 27
1859000 16 26
1859500 16 26
1860000 16 25
1860500 16 27
1861000 16 26
1861500 16 26
1862000 16 24
1862500 16 25
1863000 16 24
1863500 16 26
1864000 16 27
1864500 16 25
1865000 16 27
1865500 16 28
1866000 16 27
1866500 16 27
1867000 16 27
1867500 16 27
1868000 16 25
1868500 16 26
1869000 16 26
1869500 16 26
1870000 16 26
1870500 16 24
1871000 16 24
1871500 16 24
1872000 16 25
1872500 16 26
1873000 16 28
1873500 16 26
1874000 16 27
1874500 16 24
1875000 16 26
1875500 16 26
1876000 16 28
1876500 16 26
1877000 16 25
1877500 16 27
1878000 16 24
1878500 16 25
1879000 16 26
1879500 16 26
1880000 16 27
1880500 16 25
1881000 16 25
1881500 16 26
1882000 16 25
1882500 16 25
1883000 16 26
1883500 16 25
1884000 16 26
1884500 16 27
1885000 16 24
1885500 16 25
1886000 16 25
1886500 16 25
1887000 16 26
1887500 16 27
1888000 16 25
1888500 16 26
1889000 16 25
1889500 16 26
1890000 16 26
1890500 16 25
1891000 16 25
1891500 16 26
1892000 16 23
1892500 16 26
1893000 16 26
1893500 16 27
1894000 16 26
1894500 16 27
1895000 16 24
1895500 16 27
1896000 16 26
1896500 16 27
1897000 16 26
1897500 16 26
1898000 16 26
1898500 16 25
1899000 16 26
1899500 16 26
1900000 16 26
1900500 16 26
1901000 16 25
1901500 16 25
1902000 16 24
1902500 16 25
1903000 16 27
1903500 16 24
1904000 16 26
1904500 16 25
1905000 16 25
1905500 16 28
1906000 16 26
1906500 16 24
1907000 16 26
1907500 16 28
1908000 16 26
1908500 16 27
1909000 16 27
1909500 16 27
1910000 16 26
1910500 16 26
1911000 16 25
1911500 16 24
1912000 16 27
1912500 16 25
1913000 16 25
1913500 16 27
1914000 16 25
1914500 16 28
1915000 16 27
1915500 16 28
1916000 16 23
1916500 16 25
1917000 16 27
1917500 16 26
1918000 16 26
1918500 16 25
1919000 16 27
1919500 16 27
1920000 16 25
1920500 16 25
1921000 16 26
1921500 16 26
1922000 16 27
1922500 16 25
1923000 16 25
1923500 16 28
1924000 16 28
1924500 16 26
1925000 16 25
1925500 16 27
1926000 16 24
1926500 16 24
1927000 16 27
1927500 16 26
1928000 16 25
1928500 16 26
1929000 16 26
1929500 16 25
1930000 16 25
1930500 16 26
1931000 16 24
1931500 16 25
1932000 16 24
1932500 16 24
1933000 16 27
1933500 16 26
1934000 16 25
1934500 16 25
1935000 16 26
1935500 16 26
1936000 16 25
1936500 16 26
1937000 16 26
1937500 16 24
1938000 16 26
1938500 16 26
1939000 16 25
1939500 16 26
1940000 16 27
1940500 16 25
1941000 16 27
1941500 16 26
1942000 16 25
1942500 16 28
1943000 16 27
1943500 16 27
1944000 16 26
1944500 16 25
1945000 16 26
1945500 16 26
1946000 16 26
1946500 16 27
1947000 16 26
1947500 16 28
1948000 16 25
1948500 16 25
1949000 16 25
1949500 16 27
1950000 16 27
1950500 16 28
1951000 16 26
1951500 16 26
1952000 16 26
1952500 16 25
1953000 16 27
1953500 16 28
e
