0 159 167
500 111 121
1000 100 114
1500 95 112
2000 92 110
2500 92 112
3000 91 106
3500 90 104
4000 88 104
4500 87 107
5000 87 104
5500 86 107
6000 86 105
6500 86 107
7000 86 100
7500 85 103
8000 85 110
8500 85 100
9000 85 104
9500 85 105
10000 85 110
10500 85 106
11000 85 101
11500 84 99
12000 84 101
12500 84 102
13000 83 104
13500 83 101
14000 83 100
14500 83 109
15000 83 106
15500 83 101
16000 83 106
16500 83 102
17000 83 99
17500 83 103
18000 83 107
18500 83 102
19000 83 104
19500 83 100
20000 83 106
20500 83 105
21000 83 99
21500 83 106
22000 83 101
22500 83 105
23000 83 107
23500 83 100
24000 83 106
24500 83 107
25000 83 100
25500 83 107
26000 83 98
26500 83 103
27000 83 104
27500 83 101
28000 83 104
28500 82 103
29000 82 104
29500 82 98
30000 82 106
30500 81 101
31000 80 105
31500 79 103
32000 79 103
32500 79 103
33000 79 98
33500 79 102
34000 79 99
34500 79 101
35000 79 103
35500 79 101
36000 79 99
36500 79 98
37000 79 101
37500 79 102
38000 79 105
38500 79 107
39000 79 103
39500 78 102
40000 78 102
40500 78 101
41000 78 93
41500 78 98
42000 78 96
42500 78 96
43000 78 98
43500 78 101
44000 78 97
44500 78 97
45000 78 99
45500 78 101
46000 78 99
46500 78 101
47000 78 99
47500 78 98
48000 78 102
48500 78 99
49000 78 101
49500 78 103
50000 78 100
50500 78 102
51000 78 101
51500 77 96
52000 77 100
52500 77 102
53000 77 101
53500 77 99
54000 77 106
54500 77 105
55000 77 98
55500 77 101
56000 77 101
56500 77 96
57000 77 99
57500 77 96
58000 77 102
58500 77 99
59000 77 102
59500 77 99
60000 77 101
60500 77 99
61000 77 96
61500 77 104
62000 77 102
62500 77 97
63000 77 99
63500 77 101
64000 77 97
64500 77 96
65000 77 101
65500 77 95
66000 77 102
66500 77 100
67000 77 103
67500 77 94
68000 77 96
68500 77 100
69000 77 99
69500 77 100
70000 77 96
70500 77 96
71000 77 97
71500 77 101
72000 77 97
72500 77 98
73000 77 104
73500 77 95
74000 77 98
74500 77 99
75000 77 101
75500 77 105
76000 77 95
76500 77 98
77000 77 101
77500 77 101
78000 77 101
78500 77 99
79000 77 103
79500 77 93
80000 77 95
80500 77 99
81000 77 100
81500 77 97
82000 76 96
82500 76 96
83000 76 96
83500 76 100
84000 76 102
84500 76 91
85000 76 104
85500 76 97
86000 76 99
86500 76 103
87000 76 100
87500 76 102
88000 76 101
88500 76 95
89000 76 99
89500 76 100
90000 76 99
90500 76 101
91000 76 94
91500 76 98
92000 76 104
92500 76 102
93000 76 99
93500 76 104
94000 76 94
94500 76 102
95000 76 99
95500 76 99
96000 76 97
96500 76 99
97000 76 98
97500 76 99
98000 76 98
98500 76 100
99000 76 98
99500 76 93
100000 76 98
100500 76 100
101000 76 98
101500 76 101
102000 76 97
102500 76 103
103000 76 104
103500 76 103
104000 76 100
104500 76 103
105000 76 96
105500 76 104
106000 75 102
106500 75 96
107000 75 97
107500 75 96
108000 75 100
108500 75 103
109000 75 99
109500 75 104
110000 75 96
110500 75 100
111000 75 92
111500 75 97
112000 75 97
112500 75 94
113000 75 99
113500 75 93
114000 75 99
114500 75 100
115000 75 99
115500 75 93
116000 75 100
116500 75 96
117000 75 103
117500 75 100
118000 75 103
118500 75 98
119000 75 103
119500 75 98
120000 75 99
120500 75 101
121000 75 102
121500 75 96
122000 75 97
122500 75 97
123000 75 98
123500 75 96
124000 75 98
124500 75 95
125000 75 99
125500 75 96
126000 75 95
126500 75 97
127000 75 101
127500 75 99
128000 75 94
128500 75 97
129000 75 95
129500 75 96
130000 75 102
130500 75 97
131000 75 99
131500 75 95
132000 75 100
132500 75 98
133000 75 100
133500 75 104
134000 75 99
134500 75 97
135000 75 101
135500 75 93
136000 75 96
136500 75 102
137000 75 97
137500 75 95
138000 75 99
138500 75 96
139000 75 96
139500 75 105
140000 75 94
140500 75 102
141000 75 98
141500 75 97
142000 75 100
142500 75 98
143000 75 100
143500 75 100
144000 75 95
144500 75 101
145000 75 98
145500 75 108
146000 75 102
146500 75 99
147000 75 101
147500 75 100
148000 75 101
148500 75 102
149000 75 99
149500 75 95
150000 75 104
150500 75 98
151000 75 102
151500 75 95
152000 75 98
152500 75 97
153000 75 99
153500 75 107
154000 75 94
154500 75 96
155000 75 98
155500 75 101
156000 75 99
156500 75 100
157000 75 99
157500 75 98
158000 75 95
158500 75 103
159000 75 102
159500 75 97
160000 75 98
160500 75 102
161000 75 96
161500 75 97
162000 75 96
162500 75 97
163000 75 97
163500 75 99
164000 75 94
164500 75 98
165000 75 100
165500 75 97
166000 75 98
166500 75 100
167000 75 95
167500 75 98
168000 75 99
168500 75 97
169000 75 101
169500 75 96
170000 75 97
170500 74 97
171000 74 102
171500 74 99
172000 74 97
172500 74 99
173000 74 97
173500 74 102
174000 74 98
174500 74 100
175000 74 96
175500 74 100
176000 74 100
176500 74 97
177000 74 94
177500 74 100
178000 74 98
178500 74 96
179000 74 92
179500 74 100
180000 74 100
180500 74 100
181000 74 99
181500 74 98
182000 74 92
182500 74 95
183000 74 100
183500 74 100
184000 74 95
184500 74 98
185000 74 104
185500 74 95
186000 74 99
186500 74 98
187000 74 94
187500 74 101
188000 74 97
188500 74 91
189000 74 98
189500 74 100
190000 74 94
190500 74 95
191000 74 99
191500 74 96
192000 74 98
192500 74 97
193000 74 100
193500 74 100
194000 74 99
194500 74 102
195000 74 99
195500 74 101
196000 74 93
196500 74 97
197000 74 105
197500 74 100
198000 74 98
198500 74 101
199000 74 95
199500 74 98
200000 74 94
200500 74 100
201000 74 96
201500 74 101
202000 74 99
202500 74 97
203000 74 98
203500 74 100
204000 74 95
204500 74 97
205000 74 99
205500 74 96
206000 74 93
206500 74 94
207000 74 100
207500 73 98
208000 73 98
208500 73 96
209000 73 95
209500 73 88
210000 73 100
210500 73 97
211000 73 97
211500 73 98
212000 73 97
212500 73 96
213000 73 101
213500 73 97
214000 73 100
214500 73 96
215000 73 95
215500 73 95
216000 73 98
216500 73 95
217000 73 95
217500 73 100
218000 73 100
218500 73 96
219000 73 92
219500 73 93
220000 73 101
220500 73 100
221000 73 101
221500 73 97
222000 73 95
222500 73 94
223000 73 98
223500 73 103
224000 73 94
224500 73 96
225000 73 94
225500 73 100
226000 73 98
226500 73 100
227000 73 94
227500 73 97
228000 73 95
228500 73 100
229000 73 103
229500 73 95
230000 73 104
230500 73 98
231000 73 101
231500 73 91
232000 73 98
232500 73 96
233000 73 96
233500 73 100
234000 73 101
234500 73 97
235000 73 98
235500 73 101
236000 73 98
236500 73 94
237000 73 93
237500 73 94
238000 73 100
238500 73 96
239000 73 93
239500 73 94
240000 73 96
240500 73 97
241000 73 92
241500 73 92
242000 73 101
242500 73 99
243000 73 98
243500 73 99
244000 73 95
244500 73 99
245000 73 95
245500 73 94
246000 73 97
246500 73 93
247000 73 94
247500 73 95
248000 73 98
248500 73 99
249000 73 94
249500 73 93
250000 73 99
250500 73 99
251000 73 96
251500 73 101
252000 73 100
252500 73 99
253000 73 94
253500 73 101
254000 73 100
254500 73 99
255000 73 102
255500 73 95
256000 73 97
256500 73 96
257000 73 97
257500 73 92
258000 73 95
258500 73 97
259000 73 98
259500 73 99
260000 73 98
260500 73 99
261000 73 95
261500 73 98
262000 73 95
262500 73 95
263000 73 98
263500 73 103
264000 73 96
264500 73 99
265000 73 96
265500 73 101
266000 73 99
266500 73 95
267000 73 99
267500 73 100
268000 73 95
268500 73 100
269000 73 99
269500 73 96
270000 73 96
270500 73 95
271000 73 94
271500 73 98
272000 73 97
272500 73 95
273000 73 96
273500 73 99
274000 73 101
274500 73 97
275000 73 101
275500 73 97
276000 73 99
276500 73 94
277000 73 98
277500 73 98
278000 73 95
278500 73 101
279000 73 99
279500 73 98
280000 73 94
280500 73 99
281000 73 95
281500 73 100
282000 73 98
282500 73 97
283000 73 102
283500 73 103
284000 73 97
284500 73 103
285000 73 99
285500 73 96
286000 73 101
286500 73 100
287000 73 96
287500 73 94
288000 73 95
288500 73 99
289000 73 98
289500 73 100
290000 73 101
290500 73 100
291000 73 106
291500 73 102
292000 73 99
292500 73 105
293000 73 102
293500 73 93
294000 73 99
294500 73 94
295000 73 102
295500 73 99
296000 73 102
296500 73 93
297000 73 93
297500 73 101
298000 73 103
298500 73 98
299000 73 97
299500 73 98
300000 73 93
300500 73 98
301000 73 99
301500 73 94
302000 73 94
302500 73 94
303000 73 100
303500 73 89
304000 73 92
304500 73 95
305000 73 96
305500 73 102
306000 73 99
306500 73 95
307000 73 99
307500 73 94
308000 73 100
308500 73 96
309000 73 97
309500 73 93
310000 73 102
310500 73 93
311000 73 96
311500 73 96
312000 73 96
312500 73 91
313000 73 99
313500 73 91
314000 73 95
314500 73 99
315000 73 96
315500 73 98
316000 73 96
316500 73 96
317000 73 89
317500 73 101
318000 73 96
318500 73 97
319000 73 95
319500 73 100
320000 73 95
320500 73 96
321000 73 100
321500 73 96
322000 73 92
322500 73 98
323000 73 97
323500 73 94
324000 73 96
324500 73 99
325000 73 102
325500 73 103
326000 73 102
326500 73 103
327000 73 103
327500 73 101
328000 73 100
328500 73 101
329000 73 96
329500 73 99
330000 73 99
330500 73 103
331000 73 92
331500 73 104
332000 73 97
332500 73 95
333000 73 96
333500 73 95
334000 73 94
334500 73 91
335000 73 100
335500 73 96
336000 73 99
336500 73 100
337000 73 97
337500 73 99
338000 73 91
338500 73 98
339000 73 93
339500 73 92
340000 73 96
340500 73 99
341000 73 101
341500 73 95
342000 73 98
342500 73 100
343000 73 96
343500 73 102
344000 73 93
344500 73 98
345000 73 98
345500 73 101
346000 73 100
346500 73 95
347000 73 97
347500 73 105
348000 73 97
348500 73 95
349000 73 96
349500 73 99
350000 73 98
350500 73 97
351000 73 98
351500 73 99
352000 73 98
352500 73 97
353000 73 98
353500 73 94
354000 73 101
354500 73 99
355000 73 99
355500 73 98
356000 73 99
356500 73 98
357000 73 93
357500 73 96
358000 73 96
358500 73 98
359000 73 95
359500 72 96
360000 72 102
360500 72 98
361000 72 101
361500 72 95
362000 72 96
362500 72 100
363000 72 99
363500 72 92
364000 72 99
364500 72 94
365000 72 96
365500 72 95
366000 72 97
366500 72 93
367000 72 97
367500 72 95
368000 72 95
368500 72 90
369000 72 97
369500 72 101
370000 72 96
370500 72 98
371000 72 95
371500 72 98
372000 72 94
372500 72 103
373000 72 104
373500 72 100
374000 72 102
374500 72 94
375000 72 92
375500 72 94
376000 72 96
376500 72 96
377000 72 92
377500 72 100
378000 72 93
378500 72 96
379000 72 97
379500 72 97
380000 72 98
380500 72 97
381000 72 101
381500 72 90
382000 72 100
382500 72 97
383000 72 96
383500 72 97
384000 72 98
384500 72 100
385000 72 95
385500 72 98
386000 72 97
386500 72 98
387000 72 93
387500 72 94
388000 72 95
388500 72 96
389000 72 98
389500 72 95
390000 72 93
390500 72 95
391000 72 92
391500 72 96
392000 72 96
392500 72 92
393000 72 97
393500 72 91
394000 72 91
394500 72 98
395000 72 97
395500 72 94
396000 72 98
396500 72 91
397000 72 98
397500 72 96
398000 72 94
398500 72 96
399000 72 99
399500 72 94
400000 72 96
400500 72 92
401000 72 102
401500 72 107
402000 72 89
402500 72 94
403000 72 94
403500 72 98
404000 72 95
404500 72 95
405000 72 99
405500 72 99
406000 72 93
406500 72 99
407000 72 94
407500 72 96
408000 72 101
408500 72 98
409000 72 97
409500 72 98
410000 72 100
410500 72 90
411000 72 97
411500 72 96
412000 72 95
412500 72 97
413000 72 95
413500 72 94
414000 72 96
414500 72 102
415000 72 96
415500 72 91
416000 72 100
416500 72 99
417000 72 99
417500 72 96
418000 72 101
418500 72 102
419000 72 97
419500 72 103
420000 72 96
420500 72 97
421000 72 103
421500 72 97
422000 72 94
422500 72 100
423000 72 103
423500 72 101
424000 72 98
424500 72 95
425000 72 98
425500 72 106
426000 72 96
426500 72 91
427000 72 100
427500 72 101
428000 72 94
428500 72 95
429000 72 97
429500 72 93
430000 72 94
430500 72 99
431000 72 96
431500 72 91
432000 72 97
432500 72 97
433000 72 94
433500 72 100
434000 72 104
434500 72 102
435000 72 95
435500 72 94
436000 72 101
436500 72 96
437000 72 99
437500 72 93
438000 72 93
438500 72 97
439000 72 95
439500 72 101
440000 72 94
440500 72 93
441000 72 97
441500 72 99
442000 72 99
442500 72 91
443000 72 97
443500 72 97
444000 72 97
444500 72 94
445000 72 99
445500 72 96
446000 72 98
446500 72 95
447000 72 93
447500 72 101
448000 72 95
448500 72 94
449000 72 100
449500 72 94
450000 72 93
450500 72 98
451000 72 98
451500 72 98
452000 72 99
452500 72 95
453000 72 101
453500 72 96
454000 72 101
454500 72 99
455000 72 92
455500 72 97
456000 72 92
456500 72 96
457000 72 94
457500 72 96
458000 72 96
458500 72 95
459000 72 99
459500 72 96
460000 72 96
460500 72 96
461000 72 93
461500 72 93
462000 72 98
462500 72 96
463000 71 90
463500 71 95
464000 71 97
464500 71 92
465000 71 97
465500 71 103
466000 71 94
466500 71 101
467000 71 93
467500 71 93
468000 71 100
468500 71 93
469000 71 100
469500 71 92
470000 71 102
470500 71 98
471000 71 101
471500 71 92
472000 71 96
472500 71 94
473000 71 95
473500 71 95
474000 71 97
474500 71 91
475000 71 97
475500 71 96
476000 71 97
476500 71 98
477000 71 95
477500 71 93
478000 71 95
478500 71 93
479000 71 97
479500 71 98
480000 71 93
480500 71 98
481000 71 100
481500 71 92
482000 71 103
482500 71 96
483000 71 90
483500 71 92
484000 71 97
484500 71 96
485000 71 93
485500 71 91
486000 71 100
486500 71 96
487000 71 96
487500 71 98
488000 71 96
488500 71 97
489000 71 98
489500 71 96
490000 71 97
490500 71 103
491000 71 97
491500 71 93
492000 71 101
492500 71 92
493000 71 92
493500 71 103
494000 71 93
494500 71 97
495000 71 96
495500 71 99
496000 71 94
496500 71 97
497000 71 97
497500 71 97
498000 71 93
498500 71 93
499000 71 100
499500 71 93
500000 71 95
500500 71 94
501000 71 105
501500 71 103
502000 71 97
502500 71 98
503000 71 99
503500 71 98
504000 71 97
504500 71 95
505000 71 98
505500 71 100
506000 71 99
506500 71 103
507000 71 98
507500 71 94
508000 71 97
508500 71 97
509000 71 93
509500 71 92
510000 71 95
510500 71 95
511000 71 97
511500 71 96
512000 71 92
512500 71 102
513000 71 99
513500 71 96
514000 71 98
514500 71 102
515000 71 96
515500 71 96
516000 71 100
516500 71 101
517000 71 88
517500 71 96
518000 71 94
518500 71 94
519000 71 94
519500 71 100
520000 71 99
520500 71 97
521000 71 96
521500 71 101
522000 71 97
522500 71 96
523000 71 96
523500 71 102
524000 71 96
524500 71 95
525000 71 98
525500 71 98
526000 71 100
526500 71 102
527000 71 96
527500 71 97
528000 71 97
528500 71 98
529000 71 92
529500 71 91
530000 71 105
530500 71 95
531000 71 98
531500 71 96
532000 71 94
532500 71 97
533000 71 98
533500 71 101
534000 71 99
534500 71 102
535000 71 95
535500 71 98
536000 71 99
536500 71 93
537000 71 98
537500 71 98
538000 71 100
538500 71 93
539000 71 97
539500 71 101
540000 71 90
540500 71 101
541000 71 97
541500 71 91
542000 71 100
542500 71 100
543000 71 94
543500 71 103
544000 71 100
544500 71 94
545000 71 97
545500 71 96
546000 71 96
546500 71 95
547000 71 101
547500 71 92
548000 71 103
548500 71 94
549000 71 94
549500 71 95
550000 71 96
550500 71 97
551000 71 97
551500 71 97
552000 71 95
552500 71 97
553000 71 100
553500 71 98
554000 71 95
554500 71 95
555000 71 97
555500 71 90
556000 71 97
556500 71 95
557000 71 93
557500 71 94
558000 71 103
558500 71 96
559000 71 97
559500 71 97
560000 71 89
560500 71 99
561000 71 96
561500 71 100
562000 71 100
562500 71 101
563000 71 91
563500 71 92
564000 71 93
564500 71 96
565000 71 96
565500 71 90
566000 71 94
566500 71 95
567000 71 96
567500 71 93
568000 71 98
568500 71 93
569000 71 98
569500 71 94
570000 71 96
570500 71 98
571000 71 96
571500 71 94
572000 71 99
572500 71 101
573000 71 98
573500 71 95
574000 71 97
574500 71 102
575000 71 95
575500 71 96
576000 71 96
576500 71 94
577000 71 99
577500 71 96
578000 71 93
578500 71 95
579000 71 98
579500 71 96
580000 71 94
580500 71 96
581000 71 98
581500 71 95
582000 71 95
582500 71 100
583000 71 91
583500 71 95
584000 71 97
584500 71 94
585000 71 101
585500 71 99
586000 71 98
586500 71 93
587000 71 101
587500 71 97
588000 71 97
588500 71 97
589000 71 93
589500 71 92
590000 71 97
590500 71 96
591000 71 96
591500 71 96
592000 71 93
592500 71 98
593000 71 93
593500 71 100
594000 71 97
594500 71 96
595000 71 94
595500 71 93
596000 71 103
596500 71 101
597000 71 95
597500 71 96
598000 71 99
598500 71 93
599000 71 96
599500 71 102
600000 71 99
600500 71 94
601000 71 98
601500 71 94
602000 71 100
602500 71 102
603000 71 98
603500 71 97
604000 71 98
604500 71 103
605000 71 97
605500 71 94
606000 71 97
606500 71 97
607000 71 97
607500 71 102
608000 71 95
608500 71 97
609000 71 91
609500 71 93
610000 71 98
610500 71 100
611000 71 97
611500 71 90
612000 71 93
612500 71 94
613000 71 98
613500 71 95
614000 71 101
614500 71 97
615000 71 95
615500 71 99
616000 71 98
616500 71 94
617000 71 99
617500 71 100
618000 71 94
618500 71 97
619000 71 101
619500 71 96
620000 71 99
620500 71 94
621000 71 106
621500 71 102
622000 71 99
622500 71 102
623000 71 98
623500 71 106
624000 71 100
624500 71 94
625000 71 96
625500 71 96
626000 71 98
626500 71 97
627000 71 98
627500 71 95
628000 71 95
628500 71 91
629000 71 98
629500 71 92
630000 71 95
630500 71 92
631000 71 100
631500 71 97
632000 71 93
632500 71 92
633000 71 96
633500 71 104
634000 71 98
634500 71 99
635000 71 97
635500 71 100
636000 71 100
636500 71 98
637000 71 101
637500 71 91
638000 71 90
638500 71 98
639000 71 90
639500 71 99
640000 71 90
640500 71 98
641000 71 98
641500 71 96
642000 71 102
642500 71 90
643000 71 99
643500 71 103
644000 71 100
644500 71 100
645000 71 95
645500 71 94
646000 71 98
646500 71 100
647000 71 97
647500 71 96
648000 71 94
648500 71 94
649000 71 98
649500 71 100
650000 71 102
650500 71 94
651000 71 95
651500 71 93
652000 71 99
652500 71 98
653000 71 103
653500 71 99
654000 71 94
654500 71 94
655000 71 97
655500 71 99
656000 71 92
656500 71 97
657000 71 100
657500 71 96
658000 71 95
658500 71 99
659000 71 93
659500 71 100
660000 71 94
660500 71 96
661000 71 93
661500 71 99
662000 71 94
662500 71 99
663000 71 99
663500 71 99
664000 71 91
664500 71 96
665000 71 99
665500 71 99
666000 71 98
666500 71 99
667000 71 97
667500 71 95
668000 71 97
668500 71 94
669000 71 96
669500 71 95
670000 71 95
670500 71 98
671000 71 92
671500 71 94
672000 71 95
672500 71 92
673000 71 93
673500 71 99
674000 71 97
674500 71 99
675000 71 91
675500 71 94
676000 71 96
676500 71 90
677000 71 96
677500 71 92
678000 71 95
678500 71 97
679000 71 97
679500 71 93
680000 71 90
680500 71 90
681000 71 96
681500 71 93
682000 71 95
682500 71 97
683000 71 98
683500 71 94
684000 71 92
684500 71 103
685000 71 95
685500 71 100
686000 71 93
686500 71 99
687000 71 97
687500 71 97
688000 71 96
688500 71 97
689000 71 94
689500 71 99
690000 71 92
690500 71 96
691000 71 90
691500 71 93
692000 71 93
692500 71 98
693000 71 96
693500 71 95
694000 71 98
694500 71 99
695000 71 98
695500 71 99
696000 71 99
696500 71 94
697000 71 94
697500 71 95
698000 71 95
698500 71 98
699000 71 101
699500 71 97
700000 71 93
700500 71 100
701000 71 93
701500 71 96
702000 71 93
702500 71 95
703000 71 98
703500 71 90
704000 71 99
704500 71 94
705000 71 98
705500 71 97
706000 71 96
706500 71 98
707000 71 96
707500 71 93
708000 71 95
708500 71 97
709000 71 95
709500 71 99
710000 71 94
710500 71 97
711000 71 96
711500 71 98
712000 71 92
712500 71 101
713000 71 93
713500 71 93
714000 71 95
714500 71 91
715000 71 93
715500 71 93
716000 71 96
716500 71 97
717000 71 99
717500 71 95
718000 71 101
718500 71 94
719000 71 102
719500 71 97
720000 71 103
720500 71 99
721000 71 98
721500 71 90
722000 71 97
722500 71 95
723000 71 98
723500 71 106
724000 71 93
724500 71 95
725000 71 96
725500 71 93
726000 71 105
726500 71 96
727000 71 98
727500 71 96
728000 71 97
728500 71 99
729000 71 91
729500 71 90
730000 71 98
730500 71 92
731000 71 96
731500 71 102
732000 71 98
732500 71 96
733000 71 91
733500 71 95
734000 71 97
734500 71 97
735000 71 92
735500 71 98
736000 71 99
736500 71 99
737000 71 92
737500 71 92
738000 71 93
738500 71 99
739000 71 96
739500 71 101
740000 71 99
740500 71 102
741000 71 100
741500 71 98
742000 71 96
742500 71 95
743000 71 98
743500 71 98
744000 71 96
744500 71 93
745000 71 98
745500 71 96
746000 71 98
746500 71 94
747000 71 97
747500 71 94
748000 71 99
748500 71 98
749000 71 92
749500 71 92
750000 71 93
750500 71 98
751000 71 99
751500 71 95
752000 71 95
752500 71 93
753000 71 97
753500 71 93
754000 71 92
754500 71 93
755000 71 95
755500 71 100
756000 71 96
756500 71 101
757000 71 98
757500 71 92
758000 71 97
758500 71 98
759000 71 95
759500 71 92
760000 71 95
760500 71 100
761000 71 103
761500 71 96
762000 71 97
762500 71 96
763000 71 91
763500 71 101
764000 71 97
764500 71 97
765000 71 91
765500 71 102
766000 71 96
766500 71 90
767000 71 92
767500 71 95
768000 71 92
768500 71 95
769000 71 100
769500 71 97
770000 71 98
770500 71 96
771000 71 96
771500 71 91
772000 71 100
772500 71 93
773000 71 94
773500 71 94
774000 71 97
774500 71 98
775000 71 90
775500 71 95
776000 71 95
776500 71 98
777000 71 94
777500 71 98
778000 71 95
778500 71 100
779000 71 91
779500 71 101
780000 71 98
780500 71 101
781000 71 95
781500 71 96
782000 71 97
782500 71 94
783000 71 94
783500 71 92
784000 71 94
784500 71 94
785000 71 90
785500 71 97
786000 71 101
786500 71 98
787000 71 97
787500 71 97
788000 71 96
788500 71 94
789000 71 94
789500 71 96
790000 71 95
790500 71 94
791000 71 95
791500 71 95
792000 71 91
792500 71 98
793000 71 95
793500 71 96
794000 71 99
794500 71 95
795000 71 95
795500 71 93
796000 71 99
796500 71 98
797000 71 98
797500 71 92
798000 71 94
798500 71 99
799000 71 91
799500 71 101
800000 71 95
800500 71 98
801000 71 90
801500 71 96
802000 71 102
802500 71 95
803000 71 98
803500 71 99
804000 71 98
804500 71 101
805000 71 102
805500 71 100
806000 71 96
806500 71 94
807000 71 101
807500 71 100
808000 71 95
808500 71 93
809000 71 92
809500 71 92
810000 71 96
810500 71 96
811000 71 99
811500 71 92
812000 71 97
812500 71 96
813000 71 101
813500 71 96
814000 71 99
814500 71 94
815000 71 96
815500 71 102
816000 71 98
816500 71 93
817000 71 104
817500 71 99
818000 71 100
818500 71 100
819000 71 95
819500 71 98
820000 71 102
820500 71 98
821000 71 99
821500 71 94
822000 71 101
822500 71 101
823000 71 98
823500 71 98
824000 71 95
824500 71 102
825000 71 98
825500 71 93
826000 71 93
826500 71 97
827000 71 93
827500 71 95
828000 71 92
828500 71 101
829000 71 101
829500 71 101
830000 71 105
830500 71 101
831000 71 98
831500 71 103
832000 71 98
832500 71 98
833000 71 93
833500 71 103
834000 71 97
834500 71 95
835000 71 97
835500 71 93
836000 71 95
836500 71 94
837000 71 96
837500 71 101
838000 71 98
838500 71 97
839000 71 96
839500 71 97
840000 71 105
840500 71 95
841000 71 91
841500 71 100
842000 71 97
842500 71 95
843000 71 97
843500 71 94
844000 71 98
844500 71 93
845000 71 99
845500 71 94
846000 71 97
846500 71 92
847000 71 98
847500 71 93
848000 71 95
848500 71 96
849000 71 90
849500 71 96
850000 71 91
850500 71 98
851000 71 93
851500 71 107
852000 71 100
852500 71 99
853000 71 95
853500 71 93
854000 71 95
854500 71 94
855000 71 105
855500 71 102
856000 71 93
856500 71 98
857000 71 96
857500 71 92
858000 71 101
858500 71 98
859000 71 101
859500 71 94
860000 71 98
860500 71 97
861000 71 93
861500 71 99
862000 71 96
862500 71 96
863000 71 94
863500 71 96
864000 71 97
864500 71 92
865000 71 92
865500 71 97
866000 71 94
866500 71 97
867000 71 100
867500 71 93
868000 71 95
868500 71 102
869000 71 96
869500 71 94
870000 71 96
870500 71 96
871000 71 96
871500 71 103
872000 71 96
872500 71 93
873000 71 96
873500 71 98
874000 71 96
874500 71 94
875000 71 99
875500 71 99
876000 71 99
876500 71 98
877000 71 94
877500 71 96
878000 71 89
878500 71 90
879000 71 91
879500 71 100
880000 71 96
880500 71 100
881000 71 98
881500 71 97
882000 71 96
882500 71 97
883000 71 89
883500 71 100
884000 71 100
884500 71 94
885000 71 97
885500 71 95
886000 71 93
886500 71 99
887000 71 94
887500 71 94
888000 71 96
888500 71 98
889000 71 95
889500 71 100
890000 71 93
890500 71 99
891000 71 94
891500 71 94
892000 71 95
892500 71 97
893000 71 98
893500 71 101
894000 71 97
894500 71 97
895000 71 93
895500 71 99
896000 71 96
896500 71 93
897000 71 92
897500 71 95
898000 71 97
898500 71 97
899000 71 97
899500 71 94
900000 71 97
900500 71 94
901000 71 98
901500 71 102
902000 71 96
902500 71 98
903000 71 96
903500 71 99
904000 71 95
904500 71 95
905000 71 98
905500 71 91
906000 71 101
906500 71 93
907000 71 100
907500 71 101
908000 71 99
908500 71 94
909000 71 101
909500 71 90
910000 71 99
910500 71 95
911000 71 95
911500 71 98
912000 71 99
912500 71 98
913000 71 95
913500 71 97
914000 71 95
914500 71 97
915000 71 94
915500 71 101
916000 71 98
916500 71 94
917000 71 97
917500 71 98
918000 71 94
918500 71 96
919000 71 97
919500 71 100
920000 71 101
920500 71 101
921000 71 97
921500 71 101
922000 71 95
922500 71 102
923000 71 95
923500 71 101
924000 71 98
924500 71 95
925000 71 97
925500 71 94
926000 71 89
926500 71 101
927000 71 96
927500 71 99
928000 71 98
928500 71 95
929000 71 102
929500 71 100
930000 71 98
930500 71 95
931000 71 97
931500 71 97
932000 71 95
932500 71 98
933000 71 99
933500 71 92
934000 71 103
934500 71 98
935000 71 101
935500 71 91
936000 71 97
936500 71 91
937000 71 97
937500 71 99
938000 71 98
938500 71 102
939000 71 95
939500 71 99
940000 71 96
940500 71 96
941000 71 93
941500 71 96
942000 71 96
942500 71 103
943000 71 99
943500 71 96
944000 71 98
944500 71 99
945000 71 96
945500 71 98
946000 71 94
946500 71 96
947000 71 97
947500 71 98
948000 71 95
948500 71 92
949000 71 94
949500 71 99
950000 71 92
950500 71 96
951000 71 92
951500 71 98
952000 71 100
952500 71 95
953000 71 96
953500 71 98
954000 71 98
954500 71 93
955000 71 94
955500 71 92
956000 71 96
956500 71 100
957000 71 95
957500 71 99
958000 71 99
958500 71 96
959000 71 91
959500 71 93
960000 71 101
960500 71 100
961000 71 99
961500 71 98
962000 71 98
962500 71 93
963000 71 98
963500 71 94
964000 71 93
964500 71 96
965000 71 99
965500 71 99
966000 71 95
966500 71 92
967000 71 97
967500 71 99
968000 71 96
968500 71 100
969000 71 96
969500 71 94
970000 71 96
970500 71 93
971000 71 100
971500 71 93
972000 71 99
972500 71 102
973000 71 99
973500 71 102
974000 71 98
974500 71 99
975000 71 98
975500 71 101
976000 71 94
976500 71 98
977000 71 96
977500 71 91
978000 71 105
978500 71 100
979000 71 96
979500 71 93
980000 71 97
980500 71 101
981000 71 100
981500 71 92
982000 71 94
982500 71 93
983000 71 100
983500 71 95
984000 71 94
984500 71 97
985000 71 96
985500 71 101
986000 71 94
986500 71 94
987000 71 94
987500 71 91
988000 71 99
988500 71 95
989000 71 103
989500 71 91
990000 71 94
990500 71 98
991000 71 97
991500 71 97
992000 71 96
992500 71 98
993000 71 101
993500 71 97
994000 71 97
994500 71 91
995000 71 97
995500 71 99
996000 71 98
996500 71 99
997000 71 100
997500 71 95
998000 71 92
998500 71 98
999000 71 94
999500 71 100
1000000 71 94
1000500 71 94
1001000 71 91
1001500 71 107
1002000 71 94
1002500 71 103
1003000 71 91
1003500 71 95
1004000 71 98
1004500 71 94
1005000 71 100
1005500 71 93
1006000 71 98
1006500 71 96
1007000 71 103
1007500 71 99
1008000 71 98
1008500 71 99
1009000 71 92
1009500 71 95
1010000 71 95
1010500 71 97
1011000 71 95
1011500 71 92
1012000 71 98
1012500 71 96
1013000 71 100
1013500 71 97
1014000 71 93
1014500 71 98
1015000 71 97
1015500 71 96
1016000 71 96
1016500 71 94
1017000 71 98
1017500 71 107
1018000 71 94
1018500 71 92
1019000 71 95
1019500 71 98
1020000 71 97
1020500 71 99
1021000 71 92
1021500 71 98
1022000 71 95
1022500 71 95
1023000 71 96
1023500 71 96
1024000 71 100
1024500 71 99
1025000 71 95
1025500 71 100
1026000 71 97
1026500 71 98
1027000 71 100
1027500 71 95
1028000 71 96
1028500 71 95
1029000 71 95
1029500 71 99
1030000 71 105
1030500 71 103
1031000 71 94
1031500 71 94
1032000 71 104
1032500 71 98
1033000 71 93
1033500 71 99
1034000 71 98
1034500 71 95
1035000 71 100
1035500 71 97
1036000 71 93
1036500 71 92
1037000 71 94
1037500 71 98
1038000 71 99
1038500 71 100
1039000 71 94
1039500 71 95
1040000 71 96
1040500 71 93
1041000 71 93
1041500 71 97
1042000 71 93
1042500 71 96
1043000 71 100
1043500 71 96
1044000 71 96
1044500 71 95
1045000 71 97
1045500 71 98
1046000 71 97
1046500 71 100
1047000 71 99
1047500 71 95
e
48000 71 102
1048500 71 100
1049000 71 93
1049500 71 98
1050000 71 99
1050500 71 98
1051000 71 100
1051500 71 95
1052000 71 97
1052500 71 98
1053000 71 98
1053500 71 99
1054000 71 102
1054500 71 97
1055000 71 91
1055500 71 94
1056000 71 101
1056500 71 102
1057000 71 95
1057500 71 95
1058000 71 98
1058500 71 88
1059000 71 94
1059500 71 104
1060000 71 95
1060500 71 94
1061000 71 100
1061500 71 93
1062000 71 95
1062500 71 101
1063000 71 97
1063500 71 95
1064000 71 98
1064500 71 92
1065000 71 96
1065500 71 92
1066000 71 93
1066500 71 97
1067000 71 102
1067500 71 97
1068000 71 91
1068500 70 96
1069000 70 94
e
