0 159 168
500 131 137
1000 112 121
1500 105 110
2000 102 106
2500 101 115
3000 97 105
3500 96 104
4000 96 99
4500 94 105
5000 92 103
5500 92 98
6000 92 105
6500 92 102
7000 91 101
7500 91 105
8000 91 101
8500 91 99
9000 91 97
9500 91 106
10000 91 101
10500 91 98
11000 90 97
11500 90 95
12000 90 97
12500 90 96
13000 90 98
13500 90 95
14000 90 99
14500 90 104
15000 90 97
15500 89 101
16000 89 94
16500 89 102
17000 89 94
17500 89 98
18000 89 101
18500 89 103
19000 89 101
19500 88 95
20000 88 100
20500 88 96
21000 87 95
21500 87 93
22000 87 92
22500 87 96
23000 87 100
23500 87 97
24000 87 100
24500 87 96
25000 87 97
25500 87 91
26000 87 99
26500 86 96
27000 86 98
27500 86 100
28000 86 97
28500 86 103
29000 86 90
29500 86 93
30000 86 93
30500 86 95
31000 86 95
31500 86 96
32000 86 95
32500 86 93
33000 85 96
33500 85 96
34000 85 94
34500 85 92
35000 85 97
35500 85 98
36000 85 91
36500 85 95
37000 85 97
37500 85 95
38000 84 85
38500 84 101
39000 83 98
39500 83 96
40000 83 89
40500 83 91
41000 83 94
41500 83 95
42000 83 93
42500 83 89
43000 83 87
43500 83 94
44000 83 94
44500 83 93
45000 82 91
45500 82 99
46000 82 97
46500 82 95
47000 82 88
47500 82 85
48000 82 90
48500 82 88
49000 82 96
49500 82 91
50000 82 88
50500 82 96
51000 82 87
51500 82 95
52000 82 99
52500 82 95
53000 82 94
53500 82 94
54000 81 89
54500 81 91
55000 81 93
55500 81 84
56000 81 93
56500 81 87
57000 81 90
57500 81 89
58000 81 91
58500 81 95
59000 81 92
59500 81 96
60000 81 92
60500 81 87
61000 81 94
61500 81 90
62000 81 92
62500 81 93
63000 81 91
63500 81 94
64000 80 84
64500 80 90
65000 80 94
65500 80 91
66000 80 89
66500 80 87
67000 80 93
67500 80 88
68000 80 95
68500 80 90
69000 80 93
69500 80 92
70000 80 94
70500 80 84
71000 80 106
71500 80 92
72000 80 89
72500 80 87
73000 80 89
73500 80 88
74000 80 88
74500 80 93
75000 80 93
75500 80 92
76000 80 98
76500 80 96
77000 80 95
77500 80 94
78000 80 90
78500 80 96
79000 80 90
79500 80 88
80000 80 95
80500 80 94
81000 80 97
81500 80 86
82000 80 93
82500 80 93
83000 80 96
83500 80 91
84000 80 93
84500 80 91
85000 80 97
85500 80 90
86000 80 90
86500 80 98
87000 80 89
87500 80 85
88000 80 102
88500 80 89
89000 80 92
89500 80 88
90000 80 89
90500 80 89
91000 80 94
91500 80 95
92000 80 97
92500 80 88
93000 80 90
93500 80 93
94000 80 91
94500 80 90
95000 80 88
95500 80 97
96000 80 86
96500 80 90
97000 80 94
97500 80 94
98000 80 87
98500 80 88
99000 80 90
99500 80 89
100000 80 95
100500 80 86
101000 80 93
101500 80 87
102000 80 96
102500 80 93
103000 80 91
103500 80 92
104000 80 94
104500 80 89
105000 80 90
105500 80 93
106000 80 90
106500 80 92
107000 80 89
107500 80 92
108000 80 94
108500 80 94
109000 80 87
109500 80 86
110000 80 90
110500 80 86
111000 80 92
111500 80 88
112000 80 91
112500 80 99
113000 80 91
113500 80 95
114000 80 88
114500 80 93
115000 80 91
115500 80 93
116000 80 93
116500 80 91
117000 80 90
117500 80 85
118000 80 87
118500 80 96
119000 80 88
119500 80 94
120000 79 94
120500 79 92
121000 79 90
121500 79 89
122000 79 90
122500 79 87
123000 79 90
123500 79 89
124000 79 96
124500 79 90
125000 79 90
125500 79 95
126000 79 92
126500 79 94
127000 79 95
127500 79 89
128000 79 89
128500 79 87
129000 79 96
129500 79 94
130000 79 97
130500 79 96
131000 79 97
131500 79 88
132000 79 88
132500 79 94
133000 79 87
133500 79 85
134000 79 97
134500 79 95
135000 79 88
135500 79 90
136000 79 92
136500 79 91
137000 79 87
137500 79 95
138000 79 94
138500 79 88
139000 79 86
139500 79 92
140000 79 89
140500 79 89
141000 79 93
141500 79 88
142000 79 92
142500 79 92
143000 79 88
143500 79 91
144000 79 98
144500 79 87
145000 79 91
145500 79 87
146000 79 91
146500 79 86
147000 79 89
147500 79 93
148000 79 91
148500 79 92
149000 79 87
149500 79 88
150000 79 86
150500 79 87
151000 79 88
151500 79 88
152000 79 91
152500 79 99
153000 79 88
153500 79 89
154000 79 89
154500 79 92
155000 79 88
155500 79 95
156000 79 92
156500 79 92
157000 79 89
157500 79 86
158000 79 86
158500 79 89
159000 79 96
159500 79 88
160000 79 85
160500 79 86
161000 79 86
161500 79 85
162000 79 94
162500 79 91
163000 79 88
163500 78 89
164000 78 92
164500 78 86
165000 78 94
165500 78 93
166000 78 92
166500 78 93
167000 78 96
167500 78 88
168000 78 87
168500 78 91
169000 78 86
169500 78 85
170000 78 91
170500 78 90
171000 78 88
171500 78 82
172000 78 90
172500 78 91
173000 77 82
173500 77 84
174000 77 88
174500 77 88
175000 77 93
175500 77 92
176000 77 96
176500 77 92
177000 77 93
177500 77 87
178000 77 94
178500 77 95
179000 77 94
179500 77 90
180000 77 86
180500 77 87
181000 77 89
181500 77 90
182000 77 90
182500 77 91
183000 77 83
183500 77 86
184000 77 89
184500 77 95
185000 77 88
185500 77 94
186000 77 101
186500 77 86
187000 77 90
187500 77 89
188000 77 85
188500 77 83
189000 77 85
189500 77 90
190000 77 94
190500 77 89
191000 77 87
191500 77 85
192000 77 96
192500 77 88
193000 77 88
193500 77 88
194000 77 90
194500 77 90
195000 77 86
195500 77 89
196000 77 92
196500 77 87
197000 77 90
197500 77 85
198000 77 92
198500 77 93
199000 77 85
199500 77 87
200000 77 88
200500 77 91
201000 77 89
201500 77 88
202000 77 94
202500 77 93
203000 77 85
203500 77 89
204000 77 94
204500 77 92
205000 77 86
205500 77 90
206000 77 98
206500 77 91
207000 77 90
207500 77 90
208000 77 90
208500 77 89
209000 77 86
209500 77 92
210000 77 93
210500 77 87
211000 77 86
211500 77 89
212000 77 92
212500 77 84
213000 77 85
213500 77 90
214000 77 91
214500 77 85
215000 77 87
215500 77 88
216000 77 94
216500 77 89
217000 77 91
217500 77 85
218000 77 90
218500 77 84
219000 77 91
219500 77 87
220000 77 89
220500 77 92
221000 77 94
221500 77 91
222000 77 82
222500 77 91
223000 77 91
223500 77 89
224000 77 88
224500 77 83
225000 77 87
225500 77 88
226000 77 90
226500 77 93
227000 77 91
227500 77 91
228000 77 89
228500 77 88
229000 77 91
229500 77 86
230000 77 88
230500 77 85
231000 77 89
231500 77 87
232000 77 93
232500 77 93
233000 77 83
233500 77 94
234000 77 87
234500 77 88
235000 77 100
235500 77 95
236000 77 86
236500 77 89
237000 77 90
237500 77 92
238000 77 83
238500 77 87
239000 77 87
239500 77 86
240000 77 83
240500 77 86
241000 77 84
241500 77 84
242000 77 95
242500 77 87
243000 77 81
243500 77 87
244000 77 85
244500 77 89
245000 77 83
245500 77 87
246000 77 93
246500 77 88
247000 77 87
247500 77 83
248000 77 88
248500 77 89
249000 77 86
249500 77 84
250000 77 86
250500 77 87
251000 77 91
251500 77 86
252000 77 83
252500 77 92
253000 77 88
253500 77 85
254000 77 86
254500 77 94
255000 77 89
255500 77 88
256000 77 86
256500 77 90
257000 77 96
257500 77 90
258000 77 90
258500 77 88
259000 77 91
259500 77 92
260000 77 86
260500 77 91
261000 77 102
261500 77 92
262000 77 95
262500 77 86
263000 77 89
263500 77 90
264000 77 87
264500 77 89
265000 77 93
265500 77 91
266000 77 87
266500 77 88
267000 77 93
267500 77 94
268000 77 86
268500 77 90
269000 77 91
269500 77 86
270000 77 84
270500 77 93
271000 77 88
271500 77 87
272000 77 88
272500 77 88
273000 77 90
273500 77 89
274000 77 94
274500 77 85
275000 77 88
275500 77 89
276000 77 90
276500 77 87
277000 77 91
277500 77 92
278000 77 91
278500 77 83
279000 77 95
279500 77 89
280000 77 90
280500 77 89
281000 77 89
281500 77 91
282000 77 88
282500 77 88
283000 77 91
283500 77 89
284000 77 90
284500 77 92
285000 77 88
285500 77 91
286000 77 87
286500 77 89
287000 77 85
287500 77 91
288000 77 89
288500 77 86
289000 77 91
289500 77 85
290000 77 88
290500 77 97
291000 77 93
291500 77 92
292000 77 87
292500 77 96
293000 77 85
293500 77 90
294000 77 94
294500 77 87
295000 76 94
295500 76 90
296000 76 82
296500 76 85
297000 76 85
297500 76 85
298000 76 94
298500 76 88
299000 76 88
299500 76 87
300000 76 87
300500 76 88
301000 76 86
301500 76 97
302000 76 85
302500 76 89
303000 76 82
303500 76 85
304000 76 88
304500 76 85
305000 76 85
305500 76 90
306000 76 87
306500 76 84
307000 76 92
307500 76 87
308000 76 89
308500 76 92
309000 76 88
309500 76 86
310000 76 82
310500 76 83
311000 76 92
311500 76 91
312000 76 88
312500 76 87
313000 76 83
313500 76 89
314000 76 84
314500 76 91
315000 76 86
315500 76 86
316000 76 78
316500 76 91
317000 76 82
317500 76 88
318000 76 85
318500 76 87
319000 76 90
319500 76 89
320000 76 91
320500 76 84
321000 76 84
321500 76 85
322000 76 91
322500 76 88
323000 76 87
323500 76 83
324000 76 85
324500 76 90
325000 76 93
325500 76 89
326000 76 87
326500 76 89
327000 76 88
327500 76 85
328000 76 85
328500 76 84
329000 76 85
329500 76 84
330000 76 87
330500 76 92
331000 76 89
331500 75 88
332000 75 84
332500 75 83
333000 75 90
333500 75 93
334000 75 82
334500 75 84
335000 75 86
335500 75 87
336000 75 87
336500 75 93
337000 75 82
337500 75 88
338000 75 84
338500 75 86
339000 75 87
339500 75 99
340000 74 85
340500 74 87
341000 74 86
341500 74 85
342000 74 87
342500 74 83
343000 74 86
343500 74 86
344000 74 80
344500 74 82
345000 74 87
345500 74 89
346000 74 88
346500 74 83
347000 74 82
347500 74 90
348000 74 94
348500 74 83
349000 74 100
349500 74 88
350000 74 83
350500 74 82
351000 74 87
351500 74 87
352000 74 89
352500 74 94
353000 74 84
353500 74 81
354000 74 91
354500 74 86
355000 74 80
355500 74 94
356000 74 84
356500 74 92
357000 74 91
357500 74 89
358000 74 83
358500 74 86
359000 74 89
359500 74 81
360000 74 84
360500 74 90
361000 74 84
361500 74 92
362000 74 83
362500 74 84
363000 74 85
363500 74 90
364000 74 86
364500 74 88
365000 74 93
365500 74 88
366000 74 85
366500 74 85
367000 74 90
367500 74 90
368000 74 89
368500 74 83
369000 73 87
369500 73 87
370000 73 84
370500 73 89
371000 73 85
371500 73 84
372000 73 81
372500 73 86
373000 73 80
373500 73 83
374000 73 87
374500 73 91
375000 73 83
375500 73 85
376000 73 91
376500 73 80
377000 73 82
377500 73 82
378000 73 87
378500 73 89
379000 73 82
379500 73 85
380000 73 92
380500 73 92
381000 73 84
381500 73 84
382000 73 91
382500 73 88
383000 73 91
383500 73 85
384000 73 87
384500 73 88
385000 73 90
385500 73 86
386000 73 82
386500 73 86
387000 73 93
387500 73 89
388000 73 82
388500 73 84
389000 73 82
389500 73 83
390000 73 86
390500 73 86
391000 73 88
391500 73 89
392000 73 92
392500 73 92
393000 73 91
393500 73 88
394000 73 90
394500 73 84
395000 73 85
395500 73 84
396000 73 87
396500 73 78
397000 73 88
397500 73 82
398000 73 95
398500 73 82
399000 73 80
399500 73 85
400000 73 78
400500 73 89
401000 73 77
401500 73 89
402000 73 92
402500 73 93
403000 73 78
403500 73 85
404000 73 86
404500 73 82
405000 73 86
405500 73 83
406000 73 90
406500 73 84
407000 73 84
407500 73 84
408000 73 88
408500 73 81
409000 73 86
409500 73 88
410000 73 91
410500 73 85
411000 73 86
411500 73 81
412000 73 86
412500 73 88
413000 73 84
413500 73 84
414000 73 88
414500 73 91
415000 73 82
415500 73 83
416000 73 92
416500 73 85
417000 73 90
417500 73 87
418000 73 81
418500 73 91
419000 73 85
419500 73 85
420000 73 82
420500 73 79
421000 73 87
421500 73 92
422000 73 81
422500 73 93
423000 73 86
423500 73 96
424000 73 83
424500 73 82
425000 73 81
425500 73 80
426000 73 85
426500 73 85
427000 73 86
427500 73 92
428000 73 81
428500 73 89
429000 73 89
429500 73 83
430000 73 87
430500 73 90
431000 73 94
431500 73 84
432000 73 82
432500 73 91
433000 73 86
433500 73 89
434000 73 84
434500 73 88
435000 73 93
435500 73 85
436000 73 89
436500 73 86
437000 73 86
437500 73 101
438000 73 84
438500 73 79
439000 73 84
439500 73 87
440000 73 82
440500 73 82
441000 73 85
441500 73 80
442000 73 85
442500 73 88
443000 73 90
443500 73 81
444000 73 84
444500 73 85
445000 73 90
445500 73 82
446000 73 84
446500 73 89
447000 73 84
447500 73 91
448000 73 87
448500 73 90
449000 73 86
449500 73 87
450000 73 85
450500 73 86
451000 73 88
451500 73 89
452000 73 81
452500 73 92
453000 73 85
453500 73 93
454000 73 81
454500 73 83
455000 73 88
455500 73 98
456000 73 88
456500 73 87
457000 73 86
457500 73 81
458000 73 90
458500 73 91
459000 73 84
459500 73 81
460000 73 82
460500 73 82
461000 73 84
461500 73 87
462000 73 84
462500 73 87
463000 73 82
463500 73 90
464000 73 83
464500 73 87
465000 73 89
465500 73 78
466000 73 91
466500 73 82
467000 73 83
467500 73 86
468000 73 88
468500 73 89
469000 73 81
469500 73 89
470000 73 80
470500 73 82
471000 73 86
471500 73 83
472000 73 88
472500 73 78
473000 73 80
473500 73 88
474000 73 85
474500 73 84
475000 73 80
475500 73 90
476000 73 83
476500 73 91
477000 73 91
477500 73 85
478000 73 90
478500 73 86
479000 73 88
479500 73 87
480000 73 86
480500 73 87
481000 73 87
481500 73 90
482000 73 84
482500 73 83
483000 73 85
483500 73 82
484000 73 83
484500 73 86
485000 73 96
485500 73 81
486000 73 83
486500 73 89
487000 73 88
487500 73 90
488000 73 84
488500 73 85
489000 73 85
489500 73 89
490000 73 87
490500 73 88
491000 73 89
491500 73 91
492000 73 79
492500 73 82
493000 73 89
493500 73 88
494000 73 87
494500 73 90
495000 73 87
495500 73 82
496000 73 86
496500 73 79
497000 73 88
497500 73 80
498000 73 85
498500 73 87
499000 73 85
499500 73 87
500000 73 85
500500 73 85
501000 73 90
501500 73 84
502000 73 100
502500 73 87
503000 73 80
503500 73 87
504000 73 82
504500 73 81
505000 73 82
505500 73 86
506000 73 81
506500 73 92
507000 73 84
507500 73 86
508000 73 96
508500 73 88
509000 73 86
509500 73 96
510000 73 91
510500 73 84
511000 73 81
511500 73 86
512000 73 83
512500 73 83
513000 73 85
513500 73 88
514000 73 94
514500 73 84
515000 73 90
515500 73 82
516000 73 83
516500 73 88
517000 73 85
517500 73 89
518000 73 86
518500 73 94
519000 73 89
519500 73 85
520000 73 88
520500 73 90
521000 73 86
521500 73 85
522000 73 89
522500 73 91
523000 73 92
523500 73 86
524000 73 84
524500 73 86
525000 73 89
525500 73 90
526000 73 88
526500 73 89
527000 73 88
527500 73 85
528000 73 90
528500 73 96
529000 73 82
529500 73 90
530000 73 79
530500 73 85
531000 73 83
531500 73 84
532000 73 83
532500 73 83
533000 73 86
533500 73 85
534000 73 90
534500 73 85
535000 73 85
535500 73 90
536000 73 88
536500 73 90
537000 73 87
537500 73 81
538000 73 98
538500 73 84
539000 73 88
539500 73 84
540000 73 84
540500 73 84
541000 73 81
541500 73 81
542000 73 83
542500 73 80
543000 73 86
543500 73 84
544000 73 84
544500 73 86
545000 73 81
545500 73 89
546000 73 83
546500 73 81
547000 73 84
547500 73 85
548000 73 86
548500 73 91
549000 73 88
549500 73 84
550000 73 84
550500 73 86
551000 73 89
551500 73 86
552000 73 88
552500 73 83
553000 73 86
553500 73 83
554000 73 84
554500 73 82
555000 73 85
555500 73 86
556000 73 91
556500 73 79
557000 73 87
557500 73 81
558000 73 87
558500 73 89
559000 73 97
559500 73 79
560000 73 91
560500 73 89
561000 73 89
561500 73 89
562000 73 87
562500 73 92
563000 73 83
563500 73 83
564000 73 85
564500 73 90
565000 73 81
565500 73 80
566000 73 84
566500 73 90
567000 73 88
567500 73 88
568000 73 86
568500 73 80
569000 73 92
569500 73 88
570000 73 84
570500 73 85
571000 73 91
571500 73 87
572000 73 83
572500 73 97
573000 73 84
573500 73 89
574000 73 86
574500 73 86
575000 73 83
575500 73 88
576000 73 87
576500 73 88
577000 73 86
577500 73 85
578000 73 84
578500 73 85
579000 73 84
579500 73 91
580000 73 90
580500 73 86
581000 73 83
581500 73 75
582000 73 80
582500 73 81
583000 73 89
583500 73 83
584000 73 81
584500 73 90
585000 73 89
585500 73 87
586000 73 85
586500 73 95
587000 73 86
587500 73 86
588000 73 93
588500 73 87
589000 73 86
589500 73 87
590000 73 82
590500 73 92
591000 73 86
591500 73 86
592000 73 88
592500 73 87
593000 73 83
593500 73 87
594000 73 84
594500 73 82
595000 73 88
595500 73 85
596000 73 90
596500 73 83
597000 73 83
597500 73 92
598000 73 85
598500 73 89
599000 73 82
599500 73 81
600000 73 93
600500 73 84
601000 73 85
601500 73 92
602000 73 83
602500 73 89
603000 73 81
603500 73 86
604000 73 87
604500 73 84
605000 73 86
605500 73 83
606000 73 84
606500 73 84
607000 73 89
607500 73 88
608000 73 90
608500 73 85
609000 73 84
609500 73 87
610000 73 87
610500 73 85
611000 73 84
611500 73 90
612000 73 85
612500 73 91
613000 73 84
613500 73 80
614000 73 85
614500 73 89
615000 73 93
615500 73 79
616000 73 82
616500 73 79
617000 73 84
617500 73 84
618000 73 89
618500 73 87
619000 73 77
619500 73 77
620000 73 83
620500 73 88
621000 73 89
621500 73 89
622000 73 83
622500 73 93
623000 73 94
623500 73 93
624000 73 89
624500 73 83
625000 73 88
625500 73 83
626000 73 89
626500 73 84
627000 73 81
627500 73 86
628000 73 87
628500 73 84
629000 73 83
629500 73 84
630000 73 86
630500 73 90
631000 73 87
631500 73 82
632000 73 86
632500 73 80
633000 73 80
633500 73 90
634000 73 86
634500 73 88
635000 73 81
635500 73 86
636000 73 86
636500 73 83
637000 73 87
637500 73 88
638000 73 87
638500 73 84
639000 73 92
639500 73 89
640000 73 86
640500 73 86
641000 73 86
641500 73 91
642000 73 86
642500 73 84
643000 73 82
643500 73 86
644000 73 82
644500 73 82
645000 73 83
645500 73 87
646000 73 87
646500 73 88
647000 73 83
647500 73 88
648000 73 80
648500 73 93
649000 73 87
649500 73 87
650000 73 84
650500 73 82
651000 73 87
651500 73 85
652000 73 80
652500 73 89
653000 73 92
653500 73 83
654000 73 88
654500 73 93
655000 73 84
655500 73 78
656000 73 88
656500 73 81
657000 73 86
657500 73 87
658000 73 81
658500 73 88
659000 73 90
659500 73 90
660000 73 92
660500 73 86
661000 73 87
661500 73 89
662000 73 76
662500 73 84
663000 73 85
663500 73 82
664000 73 85
664500 73 84
665000 73 89
665500 73 79
666000 73 84
666500 73 83
667000 73 80
667500 73 86
668000 73 85
668500 73 85
669000 73 88
669500 73 88
670000 73 84
670500 73 85
671000 73 86
671500 73 85
672000 73 83
672500 73 82
673000 73 80
673500 73 83
674000 73 92
674500 73 86
675000 73 80
675500 73 80
676000 73 95
676500 73 96
677000 73 84
677500 73 86
678000 73 86
678500 73 86
679000 73 86
679500 73 90
680000 73 85
680500 73 88
681000 73 82
681500 73 90
682000 73 87
682500 73 86
683000 73 83
683500 73 90
684000 73 80
684500 73 79
685000 73 85
685500 73 91
686000 73 86
686500 73 86
687000 73 83
687500 73 81
688000 73 87
688500 73 88
689000 73 95
689500 73 88
690000 73 78
690500 73 81
691000 73 83
691500 73 88
692000 73 90
692500 73 79
693000 73 87
693500 73 86
694000 73 87
694500 73 89
695000 73 84
695500 73 85
696000 73 82
696500 73 88
697000 73 83
697500 73 81
698000 73 85
698500 73 86
699000 73 89
699500 73 83
700000 73 89
700500 73 92
701000 73 83
701500 73 85
702000 73 82
702500 73 90
703000 73 86
703500 73 86
704000 73 84
704500 73 84
705000 73 81
705500 73 84
706000 73 86
706500 73 89
707000 73 85
707500 73 85
708000 73 89
708500 73 89
709000 73 88
709500 73 90
710000 73 90
710500 73 86
711000 73 85
711500 73 88
712000 73 90
712500 73 80
713000 73 89
713500 73 90
714000 73 87
714500 73 79
715000 73 94
715500 73 88
716000 73 81
716500 73 87
717000 73 87
717500 73 80
718000 73 80
718500 73 87
719000 73 79
719500 73 84
720000 73 86
720500 73 85
721000 73 88
721500 73 85
722000 73 82
722500 73 88
723000 73 85
723500 73 85
724000 73 86
724500 73 82
725000 73 91
725500 73 83
726000 73 79
726500 73 82
727000 73 79
727500 73 84
728000 73 85
728500 73 82
729000 73 91
729500 73 86
730000 73 86
730500 73 83
731000 73 81
731500 73 82
732000 73 84
732500 73 84
733000 73 86
733500 73 86
734000 73 89
734500 73 94
735000 73 86
735500 73 86
736000 73 88
736500 73 85
737000 73 82
737500 73 86
738000 73 83
738500 73 86
739000 73 81
739500 73 87
740000 73 84
740500 73 87
741000 73 84
741500 73 90
742000 73 88
742500 73 88
743000 73 87
743500 73 88
744000 73 98
744500 73 91
745000 73 81
745500 73 85
746000 73 88
746500 73 82
747000 73 84
747500 73 89
748000 73 89
748500 73 98
749000 73 83
749500 73 86
750000 73 82
750500 73 84
751000 73 82
751500 73 85
752000 73 84
752500 73 90
753000 73 86
753500 73 87
754000 73 87
754500 73 85
755000 73 85
755500 73 80
756000 73 90
756500 73 93
757000 73 81
757500 73 82
758000 73 80
758500 73 86
759000 73 86
759500 73 83
760000 73 81
760500 73 84
761000 73 86
761500 73 80
762000 73 87
762500 73 86
763000 73 77
763500 73 85
764000 73 85
764500 73 83
765000 73 86
765500 73 85
766000 73 85
766500 73 86
767000 73 86
767500 73 82
768000 73 90
768500 73 91
769000 73 88
769500 73 79
770000 73 87
770500 73 87
771000 73 80
771500 73 87
772000 73 83
772500 73 89
773000 73 86
773500 73 81
774000 73 88
774500 73 93
775000 73 89
775500 73 85
776000 73 85
776500 73 89
777000 73 83
777500 73 85
778000 73 98
778500 73 81
779000 73 93
779500 73 90
780000 73 93
780500 73 80
781000 73 94
781500 73 84
782000 73 86
782500 73 88
783000 73 88
783500 73 87
784000 73 85
784500 73 89
785000 73 84
785500 73 86
786000 73 86
786500 73 86
787000 73 83
787500 73 88
788000 73 82
788500 73 79
789000 73 88
789500 73 89
790000 73 81
790500 73 85
791000 73 82
791500 73 92
792000 73 87
792500 73 89
793000 73 93
793500 73 83
794000 73 95
794500 73 83
795000 73 82
795500 73 88
796000 73 84
796500 73 89
797000 73 84
797500 73 83
798000 73 85
798500 73 89
799000 73 81
799500 73 89
800000 73 88
800500 73 85
801000 73 84
801500 73 86
802000 73 83
802500 73 86
803000 73 85
803500 73 88
804000 73 85
804500 73 81
805000 73 87
805500 73 91
806000 73 84
806500 73 85
807000 73 88
807500 73 81
808000 73 83
808500 73 95
809000 73 91
809500 73 86
810000 73 81
810500 73 79
811000 73 91
811500 73 90
812000 73 84
812500 73 81
813000 73 91
813500 73 87
814000 73 94
814500 73 88
815000 73 87
815500 73 86
816000 73 84
816500 73 85
817000 73 83
817500 73 80
818000 73 89
818500 73 85
819000 73 85
819500 73 84
820000 73 89
820500 73 89
821000 73 85
821500 73 86
822000 73 83
822500 73 85
823000 73 88
823500 73 88
824000 73 87
824500 73 92
825000 73 91
825500 73 81
826000 73 80
826500 73 93
827000 73 83
827500 73 89
828000 73 77
828500 73 87
829000 73 85
829500 73 90
830000 73 86
830500 73 87
831000 73 82
831500 73 84
832000 73 82
832500 73 92
833000 73 92
833500 73 84
834000 73 81
834500 73 79
835000 73 85
835500 73 86
836000 73 81
836500 73 88
837000 73 89
837500 73 87
838000 73 79
838500 73 86
839000 73 88
839500 73 90
840000 73 83
840500 73 83
841000 73 86
841500 73 89
842000 73 80
842500 73 94
843000 73 85
843500 73 89
844000 73 83
844500 73 86
845000 73 90
845500 73 83
846000 73 84
846500 73 88
847000 73 84
847500 73 86
848000 73 84
848500 73 88
849000 73 79
849500 73 86
850000 73 81
850500 73 82
851000 73 93
851500 73 95
852000 73 88
852500 73 84
853000 73 88
853500 73 86
854000 73 86
854500 73 79
855000 73 90
855500 73 89
856000 73 86
856500 73 90
857000 73 85
857500 73 85
858000 73 85
858500 73 83
859000 73 88
859500 73 83
860000 73 96
860500 73 91
861000 73 82
861500 73 90
862000 73 90
862500 73 87
863000 73 87
863500 73 82
864000 73 80
864500 73 90
865000 73 84
865500 73 84
866000 73 84
866500 73 85
867000 73 90
867500 73 78
868000 73 83
868500 73 86
869000 73 82
869500 73 85
870000 73 86
870500 73 82
871000 73 82
871500 73 91
872000 73 79
872500 73 87
873000 73 81
873500 73 85
874000 73 91
874500 73 86
875000 73 89
875500 73 91
876000 73 82
876500 73 83
877000 73 85
877500 73 85
878000 73 96
878500 73 88
879000 73 82
879500 73 86
880000 73 90
880500 73 86
881000 73 85
881500 73 82
882000 73 85
882500 73 87
883000 73 80
883500 73 85
884000 73 80
884500 73 83
885000 73 84
885500 72 89
886000 72 83
886500 72 82
887000 72 92
887500 72 79
888000 72 83
888500 72 83
889000 72 82
889500 72 79
890000 72 88
890500 72 79
891000 72 81
891500 72 82
892000 72 82
892500 72 90
893000 72 87
893500 72 87
894000 72 91
894500 72 84
895000 72 90
895500 72 88
896000 72 83
896500 72 79
897000 72 82
897500 72 86
898000 72 82
898500 72 82
899000 72 89
899500 72 91
900000 72 88
900500 72 76
901000 72 88
901500 72 85
902000 72 82
902500 72 76
903000 72 89
903500 72 87
904000 72 81
904500 72 86
905000 72 94
905500 72 76
906000 72 90
906500 72 87
907000 72 86
907500 72 89
908000 72 85
908500 72 84
909000 72 83
909500 72 83
910000 72 88
910500 72 85
911000 72 83
911500 72 81
912000 72 92
912500 72 84
913000 72 83
913500 72 78
914000 72 84
914500 72 85
915000 72 89
915500 72 87
916000 72 84
916500 72 86
917000 72 90
917500 72 85
918000 72 89
918500 72 84
919000 72 81
919500 72 86
920000 72 85
920500 72 82
921000 72 80
921500 72 81
922000 72 84
922500 72 89
923000 72 79
923500 72 89
924000 72 88
924500 72 90
925000 72 85
925500 72 93
926000 72 84
926500 72 87
927000 72 84
927500 72 79
928000 72 88
928500 72 88
929000 72 79
929500 72 84
930000 72 83
930500 72 88
931000 72 87
931500 72 83
932000 72 83
932500 72 85
933000 72 90
933500 72 87
934000 72 83
934500 72 89
935000 72 75
935500 72 91
936000 72 81
936500 72 81
937000 72 85
937500 72 88
938000 72 86
938500 72 87
939000 72 87
939500 72 79
940000 72 82
940500 72 90
941000 72 84
941500 72 85
942000 72 84
942500 72 84
943000 72 85
943500 72 85
944000 72 89
944500 72 84
945000 72 83
945500 72 82
946000 72 88
946500 72 88
947000 72 82
947500 72 83
948000 72 91
948500 72 91
949000 72 78
949500 72 91
950000 72 87
950500 72 86
951000 72 91
951500 72 84
952000 72 87
952500 72 91
953000 72 88
953500 72 90
954000 72 80
954500 72 83
955000 72 87
955500 72 81
956000 72 87
956500 72 89
957000 72 88
957500 72 82
958000 72 85
958500 72 87
959000 72 79
959500 72 86
960000 72 83
960500 72 80
961000 72 82
961500 72 85
962000 72 89
962500 72 86
963000 72 90
963500 72 85
964000 72 88
964500 72 82
965000 72 85
965500 72 84
966000 72 84
966500 72 86
967000 72 86
967500 72 86
968000 72 80
968500 72 90
969000 72 82
969500 72 87
970000 72 82
970500 72 85
971000 72 90
971500 72 90
972000 72 89
972500 72 90
973000 72 82
973500 72 89
974000 72 84
974500 72 86
975000 72 82
975500 72 84
976000 72 87
976500 72 85
977000 72 85
977500 72 90
978000 72 78
978500 72 82
979000 72 84
979500 72 90
980000 72 88
980500 72 81
981000 72 83
981500 72 82
982000 72 81
982500 72 80
983000 72 84
983500 72 94
984000 72 84
984500 72 82
985000 72 88
985500 72 83
986000 72 91
986500 72 77
987000 72 86
987500 72 86
988000 72 86
988500 72 87
989000 72 89
989500 72 82
990000 72 89
990500 72 86
991000 72 84
991500 72 83
992000 72 88
992500 72 85
993000 72 83
993500 72 93
994000 72 92
994500 72 84
995000 72 84
995500 72 79
996000 72 89
996500 72 82
997000 72 85
997500 72 87
998000 72 82
998500 72 86
999000 72 90
999500 72 89
1000000 72 87
1000500 72 83
1001000 72 85
1001500 72 85
1002000 72 90
1002500 72 93
1003000 72 87
1003500 72 81
1004000 72 92
1004500 72 92
1005000 72 83
1005500 72 85
1006000 72 82
1006500 72 86
1007000 72 86
1007500 72 91
1008000 72 82
1008500 72 82
1009000 72 87
1009500 72 88
1010000 72 91
1010500 72 93
1011000 72 79
1011500 72 81
1012000 72 88
1012500 72 91
1013000 72 90
1013500 72 81
1014000 72 81
1014500 72 88
1015000 72 94
1015500 72 80
1016000 72 92
1016500 72 81
1017000 72 88
1017500 72 86
1018000 72 85
1018500 72 89
1019000 72 76
1019500 72 89
1020000 72 87
1020500 72 81
1021000 72 85
1021500 72 81
1022000 72 87
1022500 72 83
1023000 72 82
1023500 72 83
1024000 72 87
1024500 72 89
1025000 72 84
1025500 72 89
1026000 72 86
1026500 72 78
1027000 72 89
1027500 72 83
1028000 72 97
1028500 72 85
1029000 72 82
1029500 72 91
1030000 72 92
1030500 72 87
1031000 72 95
1031500 72 92
1032000 72 90
1032500 72 91
1033000 72 89
1033500 72 92
1034000 72 90
1034500 72 87
1035000 72 84
1035500 72 86
1036000 72 90
1036500 72 85
1037000 72 92
1037500 72 80
1038000 72 86
1038500 72 87
1039000 72 84
1039500 72 85
1040000 71 82
1040500 71 83
1041000 71 86
1041500 71 81
1042000 71 80
1042500 71 76
1043000 71 85
1043500 71 89
1044000 71 89
1044500 71 91
1045000 71 89
1045500 71 91
1046000 71 83
1046500 71 89
1047000 71 80
1047500 71 79
1048000 71 87
1048500 71 86
1049000 71 84
1049500 71 78
1050000 71 89
1050500 71 80
1051000 71 86
1051500 71 79
1052000 71 78
1052500 71 84
1053000 71 80
1053500 71 81
1054000 71 82
1054500 71 88
1055000 71 90
1055500 71 92
1056000 71 88
1056500 71 90
1057000 71 79
1057500 71 88
1058000 71 83
1058500 71 86
1059000 71 84
1059500 71 84
1060000 71 79
1060500 71 85
1061000 71 88
1061500 71 87
1062000 71 78
1062500 71 85
1063000 71 90
1063500 71 85
1064000 71 83
1064500 71 82
1065000 71 86
1065500 71 87
1066000 71 87
1066500 71 94
1067000 71 82
1067500 71 86
1068000 71 88
1068500 71 91
1069000 71 77
1069500 71 86
1070000 71 83
1070500 71 86
1071000 71 80
1071500 71 90
1072000 71 82
1072500 71 79
1073000 71 77
1073500 71 83
1074000 71 82
1074500 71 91
1075000 71 86
1075500 71 83
1076000 71 91
1076500 71 87
1077000 71 90
1077500 71 83
1078000 71 81
1078500 71 90
1079000 71 85
1079500 71 84
1080000 71 85
1080500 71 78
1081000 71 83
1081500 71 88
1082000 71 84
1082500 71 83
1083000 71 86
1083500 71 82
1084000 71 84
1084500 71 83
1085000 71 81
1085500 71 80
1086000 71 85
1086500 71 84
1087000 71 87
1087500 71 85
1088000 71 90
1088500 71 89
1089000 71 79
1089500 71 79
1090000 71 84
1090500 71 85
1091000 71 85
1091500 71 82
1092000 71 90
1092500 71 93
1093000 71 84
1093500 71 94
1094000 71 82
1094500 71 83
1095000 71 83
1095500 71 78
1096000 71 85
1096500 71 81
1097000 71 78
1097500 71 90
1098000 71 85
1098500 71 86
1099000 71 88
1099500 71 82
1100000 71 82
1100500 71 80
1101000 71 85
1101500 71 86
1102000 71 90
1102500 71 88
1103000 71 85
1103500 71 85
1104000 71 83
1104500 71 89
1105000 71 95
1105500 71 82
1106000 71 88
1106500 71 86
1107000 71 87
1107500 71 80
1108000 71 84
1108500 71 88
1109000 71 90
1109500 71 89
1110000 71 91
1110500 71 89
1111000 71 89
1111500 71 91
1112000 71 83
1112500 71 85
1113000 71 85
1113500 71 86
1114000 71 85
1114500 71 92
1115000 71 81
1115500 71 78
1116000 71 84
1116500 71 84
1117000 71 85
1117500 71 79
1118000 71 81
1118500 71 81
1119000 71 81
1119500 71 80
1120000 71 83
1120500 71 90
1121000 71 89
1121500 71 88
1122000 71 83
1122500 71 86
1123000 71 82
1123500 71 81
1124000 71 90
1124500 71 85
1125000 71 88
1125500 71 86
1126000 71 82
1126500 71 82
1127000 71 80
1127500 71 88
1128000 71 82
1128500 71 83
1129000 71 94
1129500 71 77
1130000 71 87
1130500 71 86
1131000 71 82
1131500 71 76
1132000 71 80
1132500 71 80
1133000 71 88
1133500 71 86
1134000 71 90
1134500 71 88
1135000 71 82
1135500 71 88
1136000 71 85
1136500 71 80
1137000 71 82
1137500 71 86
1138000 71 82
1138500 71 84
1139000 71 90
1139500 71 87
1140000 71 89
1140500 71 90
1141000 71 83
1141500 71 88
1142000 71 88
1142500 71 88
1143000 71 82
1143500 71 77
1144000 71 89
1144500 71 83
1145000 71 90
1145500 71 84
1146000 71 83
1146500 71 81
1147000 71 81
1147500 71 82
1148000 71 86
1148500 71 89
1149000 71 86
1149500 71 90
1150000 71 91
1150500 71 85
1151000 71 89
1151500 71 80
1152000 71 86
1152500 71 83
1153000 71 86
1153500 71 89
1154000 71 85
1154500 71 88
1155000 71 82
1155500 71 84
1156000 71 86
1156500 71 89
1157000 71 83
1157500 71 83
1158000 71 84
1158500 71 86
1159000 71 86
1159500 71 94
1160000 71 84
1160500 71 84
1161000 71 88
1161500 71 85
1162000 71 81
1162500 71 80
1163000 71 81
1163500 71 86
1164000 71 83
1164500 71 83
1165000 71 82
1165500 71 79
1166000 71 80
1166500 71 91
1167000 71 94
1167500 71 86
1168000 71 80
1168500 71 89
1169000 71 82
1169500 71 91
1170000 71 79
1170500 71 89
1171000 71 82
1171500 71 91
1172000 71 86
1172500 71 78
1173000 71 82
1173500 71 91
1174000 71 80
1174500 71 85
1175000 71 85
1175500 71 83
1176000 71 80
1176500 71 86
1177000 71 85
1177500 71 81
1178000 71 81
1178500 71 83
1179000 71 84
1179500 71 91
1180000 71 88
1180500 71 89
1181000 71 83
1181500 71 82
1182000 71 83
1182500 71 84
1183000 71 81
1183500 71 80
1184000 71 85
1184500 71 86
1185000 71 89
1185500 71 82
1186000 71 86
1186500 71 85
1187000 71 82
1187500 71 81
1188000 71 83
1188500 71 79
1189000 71 80
1189500 71 90
1190000 71 91
1190500 71 87
1191000 71 83
1191500 71 87
1192000 71 85
1192500 71 91
1193000 71 86
1193500 71 87
1194000 71 88
1194500 71 76
1195000 71 92
1195500 71 91
1196000 71 85
1196500 71 80
1197000 71 81
1197500 71 88
1198000 71 89
1198500 71 88
1199000 71 80
1199500 71 83
1200000 71 83
1200500 71 76
1201000 71 87
1201500 71 84
1202000 71 84
1202500 71 77
1203000 71 89
1203500 71 86
1204000 71 84
1204500 71 83
1205000 71 85
1205500 71 82
1206000 71 90
1206500 71 88
1207000 71 87
1207500 71 84
1208000 71 89
1208500 71 89
1209000 71 89
1209500 71 81
1210000 71 86
1210500 71 88
1211000 71 82
1211500 71 76
1212000 71 88
1212500 71 85
1213000 71 94
1213500 71 82
1214000 71 87
1214500 71 86
1215000 71 82
1215500 71 81
1216000 70 83
1216500 70 78
1217000 70 87
1217500 70 95
1218000 70 81
1218500 70 94
1219000 70 82
1219500 70 82
1220000 70 77
1220500 70 87
1221000 70 83
1221500 70 84
1222000 70 82
1222500 70 84
1223000 70 84
1223500 70 86
1224000 70 81
1224500 70 83
1225000 70 91
1225500 70 82
1226000 70 83
1226500 70 89
1227000 70 83
1227500 70 79
1228000 70 85
1228500 70 85
1229000 70 83
1229500 70 86
1230000 70 81
1230500 70 87
1231000 70 86
1231500 70 87
1232000 70 93
1232500 70 80
1233000 70 86
1233500 70 77
1234000 70 80
1234500 70 88
1235000 70 87
1235500 70 88
1236000 70 81
1236500 70 85
1237000 70 84
1237500 70 83
1238000 70 86
1238500 70 79
1239000 70 76
1239500 70 88
1240000 70 87
1240500 70 78
1241000 70 86
1241500 70 86
1242000 70 87
1242500 70 81
1243000 70 89
1243500 70 88
1244000 70 91
1244500 70 83
1245000 70 86
1245500 70 92
1246000 70 78
1246500 70 80
1247000 70 88
1247500 70 97
1248000 70 84
1248500 70 94
1249000 70 85
1249500 70 77
1250000 70 86
1250500 70 82
1251000 70 78
1251500 70 90
1252000 70 86
1252500 70 82
1253000 70 80
1253500 70 85
1254000 70 82
1254500 70 82
1255000 70 82
1255500 70 80
1256000 70 85
1256500 70 86
1257000 70 79
1257500 70 90
1258000 70 86
1258500 70 82
1259000 70 82
1259500 70 84
1260000 70 81
1260500 70 93
1261000 70 80
1261500 70 79
1262000 70 83
1262500 70 82
1263000 70 80
1263500 70 89
1264000 70 84
1264500 70 83
1265000 70 86
1265500 70 95
1266000 70 81
1266500 70 93
1267000 70 79
1267500 70 88
1268000 70 87
1268500 70 79
1269000 70 83
1269500 70 84
1270000 70 79
1270500 70 87
1271000 70 79
1271500 70 78
1272000 70 83
1272500 70 88
1273000 70 84
1273500 70 83
1274000 70 89
1274500 70 85
1275000 70 82
1275500 70 83
1276000 70 86
1276500 70 95
1277000 70 84
1277500 70 87
1278000 70 81
1278500 70 87
1279000 70 92
1279500 70 77
1280000 70 80
1280500 70 93
1281000 70 83
1281500 70 88
1282000 70 85
1282500 70 85
1283000 70 82
1283500 70 84
1284000 70 78
1284500 70 86
1285000 70 84
1285500 70 82
1286000 70 81
1286500 70 88
1287000 70 88
1287500 70 83
1288000 70 87
1288500 70 83
1289000 70 86
1289500 70 82
1290000 70 84
1290500 70 81
1291000 70 79
1291500 70 92
1292000 70 85
1292500 70 85
1293000 70 83
1293500 70 82
1294000 70 82
1294500 70 84
1295000 70 75
1295500 70 83
1296000 70 78
1296500 70 81
1297000 70 84
1297500 70 86
1298000 70 82
1298500 70 82
1299000 70 80
1299500 70 86
1300000 70 78
1300500 70 84
1301000 70 83
1301500 70 80
1302000 70 90
1302500 70 79
1303000 70 84
1303500 70 82
1304000 70 86
1304500 70 87
1305000 70 85
1305500 70 92
1306000 70 85
1306500 70 85
1307000 70 83
1307500 70 87
1308000 70 85
1308500 70 84
1309000 70 79
1309500 70 78
1310000 70 87
1310500 70 92
1311000 70 85
1311500 70 80
1312000 70 82
1312500 70 84
1313000 70 84
1313500 70 76
1314000 70 81
1314500 70 82
1315000 70 83
1315500 70 89
1316000 70 82
1316500 70 84
1317000 70 86
1317500 70 81
1318000 70 87
1318500 70 81
1319000 70 84
1319500 70 83
1320000 70 80
1320500 70 77
1321000 70 81
1321500 70 92
1322000 70 79
1322500 70 87
1323000 70 80
1323500 70 84
1324000 70 84
1324500 70 83
1325000 70 82
1325500 70 82
1326000 70 87
1326500 70 81
1327000 70 78
1327500 70 82
1328000 70 94
1328500 70 85
1329000 70 81
1329500 70 85
1330000 70 85
1330500 70 85
1331000 70 91
1331500 70 85
1332000 70 79
1332500 70 90
1333000 70 84
1333500 70 80
1334000 70 87
1334500 70 83
1335000 70 85
1335500 70 81
1336000 70 88
1336500 70 83
1337000 70 75
1337500 70 78
1338000 70 83
1338500 70 78
1339000 70 87
1339500 70 88
1340000 70 87
1340500 70 84
1341000 70 82
1341500 70 86
1342000 70 80
1342500 70 80
1343000 70 79
1343500 70 81
1344000 70 87
1344500 70 87
1345000 70 88
1345500 70 83
1346000 70 85
1346500 70 85
1347000 70 81
1347500 70 85
1348000 70 83
1348500 70 86
1349000 70 78
1349500 70 90
1350000 70 85
1350500 70 83
1351000 70 89
1351500 70 86
1352000 70 87
1352500 70 84
1353000 70 86
1353500 70 77
1354000 70 87
1354500 70 82
1355000 70 79
1355500 70 86
1356000 70 82
1356500 70 84
1357000 70 87
1357500 70 86
1358000 70 86
1358500 70 88
1359000 70 82
1359500 70 78
1360000 70 79
1360500 70 81
1361000 70 79
1361500 70 90
1362000 70 80
1362500 70 89
1363000 70 80
1363500 70 87
1364000 70 91
1364500 70 75
1365000 70 81
1365500 70 78
1366000 70 87
1366500 70 74
1367000 70 80
1367500 70 90
1368000 70 85
1368500 70 89
1369000 70 89
1369500 70 90
1370000 70 83
1370500 70 87
1371000 70 77
1371500 70 78
1372000 70 81
1372500 70 85
1373000 70 88
1373500 70 83
1374000 70 78
1374500 70 91
1375000 70 75
1375500 70 80
1376000 70 87
1376500 70 77
1377000 70 81
1377500 70 87
1378000 70 81
1378500 70 86
1379000 70 88
1379500 70 81
1380000 70 85
1380500 70 86
1381000 70 89
1381500 70 84
1382000 70 83
1382500 70 89
1383000 70 78
1383500 70 87
1384000 70 91
1384500 70 86
1385000 70 87
1385500 70 84
1386000 70 88
1386500 70 81
1387000 70 83
1387500 70 82
1388000 70 83
1388500 70 85
1389000 70 75
1389500 70 82
1390000 70 90
1390500 70 81
1391000 70 82
1391500 70 81
1392000 70 78
1392500 70 82
1393000 70 86
1393500 70 81
1394000 70 84
1394500 70 82
1395000 70 83
1395500 70 81
1396000 70 85
1396500 70 84
1397000 70 82
1397500 70 80
1398000 70 80
1398500 70 83
1399000 70 81
1399500 70 86
1400000 70 80
1400500 70 88
1401000 70 91
1401500 70 86
1402000 70 88
1402500 70 84
1403000 70 83
1403500 70 88
1404000 70 84
1404500 70 85
1405000 70 80
1405500 70 80
1406000 70 82
1406500 70 92
1407000 70 80
1407500 70 91
1408000 70 84
1408500 70 83
1409000 70 81
1409500 70 84
1410000 70 83
1410500 70 85
1411000 70 83
1411500 70 91
1412000 70 85
1412500 70 82
1413000 70 88
1413500 70 79
1414000 70 94
1414500 70 88
1415000 70 85
1415500 70 84
1416000 70 79
1416500 70 77
1417000 70 83
1417500 70 83
1418000 70 85
1418500 70 88
1419000 70 89
1419500 70 87
1420000 70 85
1420500 70 85
1421000 70 86
1421500 70 84
1422000 70 83
1422500 70 86
1423000 70 85
1423500 70 85
1424000 70 84
1424500 70 87
1425000 70 85
1425500 70 84
1426000 70 82
1426500 70 92
1427000 70 84
1427500 70 82
1428000 70 75
1428500 70 85
1429000 70 92
1429500 70 83
1430000 70 83
1430500 70 84
1431000 70 83
1431500 70 93
1432000 70 87
1432500 70 80
1433000 70 82
1433500 70 81
1434000 70 79
1434500 70 78
1435000 70 84
1435500 70 86
1436000 70 81
1436500 70 92
1437000 70 81
1437500 70 86
1438000 70 79
1438500 70 81
1439000 70 94
1439500 70 78
1440000 70 88
1440500 70 83
1441000 70 80
1441500 70 91
1442000 70 84
1442500 70 87
1443000 70 79
1443500 70 86
1444000 70 90
1444500 70 82
1445000 70 88
1445500 70 85
1446000 70 81
1446500 70 85
1447000 70 87
1447500 70 88
1448000 70 81
1448500 70 80
1449000 70 91
1449500 70 83
1450000 70 89
1450500 70 81
1451000 70 84
1451500 70 80
1452000 70 84
1452500 70 83
1453000 70 81
1453500 70 78
1454000 70 84
1454500 70 82
1455000 70 85
1455500 70 86
1456000 70 81
1456500 70 86
1457000 70 77
1457500 70 88
1458000 70 90
1458500 70 83
1459000 70 89
1459500 70 88
1460000 70 82
1460500 70 80
1461000 70 82
1461500 70 82
1462000 70 79
1462500 70 92
1463000 70 82
1463500 70 85
1464000 70 78
1464500 70 79
1465000 70 81
1465500 70 85
1466000 70 81
1466500 70 82
1467000 70 81
1467500 70 88
1468000 70 75
1468500 70 82
1469000 70 85
1469500 70 84
1470000 70 83
1470500 70 80
1471000 70 87
1471500 70 86
1472000 70 93
1472500 70 90
1473000 70 79
1473500 70 82
1474000 70 84
1474500 70 80
1475000 70 81
1475500 70 84
1476000 70 95
1476500 70 88
1477000 70 88
1477500 70 86
1478000 70 86
1478500 70 81
1479000 70 94
1479500 70 80
1480000 70 87
1480500 70 85
1481000 70 86
1481500 70 93
1482000 70 82
1482500 70 84
1483000 70 84
1483500 70 91
1484000 70 84
1484500 70 84
1485000 70 85
1485500 70 85
1486000 70 86
1486500 70 78
1487000 70 88
1487500 70 79
1488000 70 84
1488500 70 82
1489000 70 77
1489500 70 80
1490000 70 84
1490500 70 88
1491000 70 81
1491500 70 89
1492000 70 76
1492500 70 82
1493000 70 83
1493500 70 84
1494000 70 81
1494500 70 87
1495000 70 92
1495500 70 80
1496000 70 84
1496500 70 83
1497000 70 83
1497500 70 83
1498000 70 80
1498500 70 80
1499000 70 87
1499500 70 79
1500000 70 85
1500500 70 77
1501000 70 85
1501500 70 86
1502000 70 82
1502500 70 92
1503000 70 87
1503500 70 80
1504000 70 85
1504500 70 87
1505000 70 90
1505500 70 81
1506000 70 78
1506500 70 76
1507000 70 89
1507500 70 82
1508000 70 85
1508500 70 84
1509000 70 85
1509500 70 75
1510000 70 79
1510500 70 81
1511000 70 84
1511500 70 82
1512000 70 84
1512500 70 83
1513000 70 84
1513500 70 77
1514000 70 79
1514500 70 79
1515000 70 83
1515500 70 90
1516000 70 91
1516500 70 84
1517000 70 77
1517500 70 85
1518000 70 86
1518500 70 78
1519000 70 89
1519500 70 79
1520000 70 87
1520500 70 81
1521000 70 81
1521500 70 86
1522000 70 83
1522500 70 85
1523000 70 80
1523500 70 80
1524000 70 81
1524500 70 86
1525000 70 83
1525500 70 76
1526000 70 85
1526500 70 82
1527000 70 81
1527500 70 89
1528000 70 80
1528500 70 85
1529000 70 79
1529500 70 84
1530000 70 86
1530500 70 85
1531000 70 86
1531500 70 86
1532000 70 88
1532500 70 81
1533000 70 81
1533500 70 89
1534000 70 84
1534500 70 84
1535000 70 77
1535500 70 87
1536000 70 86
1536500 70 87
1537000 70 87
1537500 70 89
1538000 70 83
1538500 70 94
1539000 70 83
1539500 70 79
1540000 70 82
1540500 70 86
1541000 70 82
1541500 70 83
1542000 70 85
1542500 70 77
1543000 70 83
1543500 70 77
1544000 70 79
1544500 70 81
1545000 70 81
1545500 70 86
1546000 70 78
1546500 70 77
1547000 70 84
1547500 70 84
1548000 70 79
1548500 70 80
1549000 70 82
1549500 70 83
1550000 70 85
1550500 70 83
1551000 70 87
1551500 70 87
1552000 70 88
1552500 70 83
1553000 70 88
1553500 70 90
1554000 70 82
1554500 70 89
1555000 70 85
1555500 70 84
1556000 70 85
1556500 70 89
1557000 70 83
1557500 70 82
1558000 70 81
1558500 70 87
1559000 70 87
1559500 70 78
1560000 70 85
1560500 70 84
1561000 70 93
1561500 70 82
1562000 70 91
1562500 70 80
1563000 70 84
1563500 70 76
1564000 70 87
1564500 70 81
1565000 70 76
1565500 70 86
1566000 70 84
1566500 70 79
1567000 70 79
1567500 70 79
1568000 70 79
1568500 70 77
1569000 70 85
1569500 70 81
1570000 70 85
1570500 70 81
1571000 70 84
1571500 70 88
1572000 70 80
1572500 70 86
1573000 70 85
1573500 70 87
1574000 70 83
1574500 70 83
1575000 70 91
1575500 70 91
1576000 70 93
1576500 70 82
1577000 70 90
1577500 70 82
1578000 70 81
1578500 70 81
1579000 70 83
1579500 70 84
1580000 70 88
1580500 70 83
1581000 70 80
1581500 70 89
1582000 70 83
1582500 70 88
1583000 70 84
1583500 70 89
1584000 70 78
1584500 70 83
1585000 70 83
1585500 70 81
1586000 70 81
1586500 70 78
1587000 70 87
1587500 70 90
1588000 70 85
1588500 70 85
1589000 70 88
1589500 70 85
1590000 70 83
1590500 70 80
1591000 70 79
1591500 70 79
1592000 70 88
1592500 70 80
1593000 70 81
1593500 70 86
1594000 70 83
1594500 70 78
1595000 70 91
1595500 70 97
1596000 70 86
1596500 70 80
1597000 70 83
1597500 70 88
1598000 70 81
1598500 70 89
1599000 70 75
1599500 70 82
1600000 70 83
1600500 70 80
1601000 70 77
1601500 70 92
1602000 70 84
1602500 70 80
1603000 70 86
1603500 70 90
1604000 70 82
1604500 70 86
1605000 70 94
1605500 70 84
1606000 70 80
1606500 70 80
1607000 70 78
1607500 70 83
1608000 70 86
1608500 70 80
1609000 70 85
1609500 70 78
1610000 70 86
1610500 70 84
1611000 70 87
1611500 70 84
1612000 70 77
1612500 70 80
1613000 70 85
1613500 70 86
1614000 70 87
1614500 70 88
1615000 70 87
1615500 70 91
1616000 70 75
1616500 70 82
1617000 70 89
1617500 70 80
1618000 70 75
1618500 70 76
1619000 70 86
1619500 70 80
1620000 70 83
1620500 70 78
1621000 70 88
1621500 70 80
1622000 70 83
1622500 70 87
1623000 70 82
1623500 70 81
1624000 70 88
1624500 70 89
1625000 70 87
1625500 70 80
1626000 70 79
1626500 70 80
1627000 70 87
1627500 70 79
1628000 70 86
1628500 70 84
1629000 70 91
1629500 70 85
1630000 70 84
1630500 70 81
1631000 70 91
1631500 70 94
1632000 70 76
1632500 70 85
1633000 70 86
1633500 70 81
1634000 70 81
1634500 70 82
1635000 70 82
1635500 70 82
1636000 70 80
1636500 70 90
1637000 70 87
1637500 70 79
1638000 70 76
1638500 70 91
1639000 70 86
1639500 70 88
1640000 70 82
1640500 70 85
1641000 70 81
1641500 70 79
1642000 70 87
1642500 70 86
1643000 70 78
1643500 70 90
1644000 70 79
1644500 70 83
1645000 70 86
1645500 70 84
1646000 70 86
1646500 70 78
1647000 70 92
1647500 70 85
1648000 70 76
1648500 70 79
1649000 70 86
1649500 70 81
1650000 70 89
1650500 70 92
1651000 70 82
1651500 70 84
1652000 70 81
1652500 70 82
1653000 70 89
1653500 70 78
1654000 70 87
1654500 70 77
1655000 70 82
1655500 70 84
1656000 70 79
1656500 70 84
1657000 70 88
1657500 70 85
1658000 70 84
1658500 70 86
1659000 70 78
1659500 70 89
1660000 70 81
1660500 70 91
1661000 70 87
1661500 70 76
1662000 70 83
1662500 70 83
1663000 70 88
1663500 70 74
1664000 70 86
1664500 70 84
1665000 70 85
1665500 70 82
1666000 70 85
1666500 70 83
1667000 70 80
1667500 70 77
1668000 70 82
1668500 70 88
1669000 70 85
1669500 70 89
1670000 70 87
1670500 70 88
1671000 70 84
1671500 70 80
1672000 70 79
1672500 70 83
1673000 70 78
1673500 70 86
1674000 70 88
1674500 70 80
1675000 70 83
1675500 70 87
1676000 70 82
1676500 70 83
1677000 70 82
1677500 70 92
1678000 70 88
1678500 70 83
1679000 70 84
1679500 70 79
1680000 70 82
1680500 70 88
1681000 70 81
1681500 70 86
1682000 70 92
1682500 70 89
1683000 70 79
1683500 70 86
1684000 70 86
1684500 70 75
1685000 70 83
1685500 70 79
1686000 70 82
1686500 70 82
1687000 70 77
1687500 70 93
1688000 70 80
1688500 70 82
1689000 70 87
1689500 70 78
1690000 70 83
1690500 70 83
1691000 70 90
1691500 70 84
1692000 70 84
1692500 70 80
1693000 70 85
1693500 70 80
1694000 70 88
1694500 70 89
1695000 70 93
1695500 70 82
1696000 70 87
1696500 70 84
1697000 70 89
1697500 70 83
1698000 70 80
1698500 70 76
1699000 70 80
1699500 70 88
1700000 70 83
1700500 70 85
1701000 70 85
1701500 70 91
1702000 70 91
1702500 70 85
1703000 70 81
1703500 70 80
1704000 70 84
1704500 70 78
1705000 70 83
1705500 70 83
1706000 70 84
1706500 70 85
1707000 70 79
1707500 70 81
1708000 70 78
1708500 70 80
1709000 70 84
1709500 70 82
1710000 70 78
1710500 70 77
1711000 70 86
1711500 70 89
1712000 70 83
1712500 70 78
1713000 70 79
1713500 70 81
1714000 70 86
1714500 70 89
1715000 70 79
1715500 70 84
1716000 70 90
1716500 70 77
1717000 70 82
1717500 70 87
1718000 70 80
1718500 70 85
1719000 70 87
1719500 70 79
1720000 70 86
1720500 70 82
1721000 70 87
1721500 70 78
1722000 70 78
1722500 70 84
1723000 70 80
1723500 70 75
1724000 70 81
1724500 70 76
1725000 70 87
1725500 70 84
1726000 70 81
1726500 70 80
1727000 70 87
1727500 70 82
1728000 70 83
1728500 70 83
1729000 70 82
1729500 70 83
1730000 70 87
1730500 70 79
1731000 70 82
1731500 70 81
1732000 70 88
1732500 70 81
1733000 70 82
1733500 70 79
1734000 70 88
1734500 70 84
1735000 70 76
1735500 70 84
1736000 70 87
1736500 70 87
1737000 70 85
1737500 70 83
1738000 70 81
1738500 70 81
1739000 70 88
1739500 70 84
1740000 70 81
1740500 70 82
1741000 70 83
1741500 70 87
1742000 70 86
1742500 70 83
1743000 70 83
1743500 70 79
1744000 70 86
1744500 70 85
1745000 70 81
1745500 70 84
1746000 70 84
1746500 70 87
1747000 70 90
1747500 70 82
1748000 70 90
1748500 70 83
1749000 70 85
1749500 70 84
1750000 70 81
1750500 70 79
1751000 70 82
1751500 70 86
1752000 70 85
1752500 70 85
1753000 70 90
1753500 70 81
1754000 70 86
1754500 70 86
1755000 70 85
1755500 70 83
1756000 70 84
1756500 70 78
1757000 70 84
1757500 70 82
1758000 70 86
1758500 70 82
1759000 70 82
1759500 70 79
1760000 70 93
1760500 70 85
1761000 70 80
1761500 70 88
1762000 70 80
1762500 70 78
1763000 70 86
1763500 70 88
1764000 70 86
1764500 70 79
1765000 70 87
1765500 70 84
1766000 70 81
1766500 70 90
1767000 70 87
1767500 70 79
1768000 70 82
1768500 70 75
1769000 70 95
1769500 70 89
1770000 70 86
1770500 70 84
1771000 70 79
1771500 70 88
1772000 70 76
1772500 70 79
1773000 70 84
1773500 70 82
1774000 70 84
1774500 70 81
1775000 70 92
1775500 70 86
1776000 70 80
1776500 70 84
1777000 70 90
1777500 70 87
1778000 70 85
1778500 70 92
1779000 70 80
1779500 70 87
1780000 70 89
1780500 70 93
1781000 70 85
1781500 70 81
1782000 70 76
1782500 70 89
1783000 70 83
1783500 70 79
1784000 70 85
1784500 70 87
1785000 70 84
1785500 70 90
1786000 70 86
1786500 70 82
1787000 70 80
1787500 70 84
1788000 70 85
1788500 70 76
1789000 70 82
1789500 70 86
1790000 70 80
1790500 70 80
1791000 70 82
1791500 70 84
1792000 70 83
1792500 70 93
1793000 70 91
1793500 70 87
1794000 70 92
1794500 70 87
1795000 70 86
1795500 70 82
1796000 70 86
1796500 70 85
1797000 70 87
1797500 70 88
1798000 70 79
1798500 70 84
1799000 70 84
1799500 70 86
1800000 70 89
1800500 70 88
1801000 70 85
1801500 70 86
1802000 70 81
1802500 70 84
1803000 70 82
1803500 70 87
1804000 70 83
1804500 70 89
1805000 70 78
1805500 70 82
1806000 70 88
1806500 70 96
1807000 70 82
1807500 70 83
1808000 70 92
1808500 70 88
1809000 70 80
1809500 70 85
1810000 70 82
1810500 70 89
1811000 70 91
1811500 70 86
1812000 70 88
1812500 70 79
1813000 70 85
1813500 70 89
1814000 70 83
1814500 70 82
1815000 70 87
1815500 70 87
1816000 70 84
1816500 70 78
1817000 70 90
1817500 70 84
1818000 70 81
1818500 70 78
1819000 70 80
1819500 70 79
1820000 70 79
1820500 70 87
1821000 70 87
1821500 70 85
1822000 70 82
1822500 70 88
1823000 70 83
1823500 70 87
1824000 70 86
1824500 70 81
1825000 70 83
1825500 70 78
1826000 70 84
1826500 70 89
1827000 70 88
1827500 70 87
1828000 70 80
1828500 70 86
1829000 70 82
1829500 70 85
1830000 70 85
1830500 70 78
1831000 70 82
1831500 70 82
1832000 70 82
1832500 70 89
1833000 70 89
1833500 70 80
1834000 70 88
1834500 70 79
1835000 70 80
1835500 70 92
1836000 70 81
1836500 70 95
1837000 70 90
1837500 70 81
1838000 70 76
1838500 70 82
1839000 70 85
1839500 70 76
1840000 70 78
1840500 70 84
1841000 70 88
1841500 70 77
1842000 70 78
1842500 70 81
1843000 70 84
1843500 70 84
1844000 70 73
1844500 70 80
1845000 70 78
1845500 70 88
1846000 70 85
1846500 70 81
1847000 70 82
1847500 70 83
1848000 70 89
1848500 70 80
1849000 70 84
1849500 70 79
1850000 70 82
1850500 70 79
1851000 70 82
1851500 70 91
1852000 70 85
1852500 70 81
1853000 70 83
1853500 70 90
1854000 70 79
1854500 70 82
1855000 70 83
1855500 70 85
1856000 70 84
1856500 70 76
1857000 70 82
1857500 70 76
1858000 70 80
1858500 70 86
1859000 70 82
1859500 70 81
1860000 70 88
1860500 70 89
1861000 70 84
1861500 70 77
1862000 70 84
1862500 70 86
1863000 70 79
1863500 70 80
1864000 70 85
1864500 70 85
1865000 70 86
1865500 70 86
1866000 70 88
1866500 70 77
1867000 70 82
1867500 70 88
1868000 70 83
1868500 70 82
1869000 70 86
1869500 70 80
1870000 70 79
1870500 70 81
1871000 70 82
1871500 70 83
1872000 70 82
1872500 70 87
1873000 70 90
1873500 70 84
1874000 70 83
1874500 70 81
1875000 70 90
1875500 70 92
1876000 70 84
1876500 70 83
1877000 70 86
1877500 70 82
1878000 70 83
1878500 70 77
1879000 70 83
1879500 70 81
1880000 70 89
1880500 70 80
1881000 70 84
1881500 70 78
1882000 70 78
1882500 70 81
1883000 70 82
1883500 70 81
1884000 70 86
1884500 70 86
1885000 70 84
1885500 70 84
1886000 70 90
1886500 70 77
1887000 70 88
1887500 70 85
1888000 70 85
1888500 70 86
1889000 70 84
1889500 70 92
1890000 70 79
1890500 70 82
1891000 70 82
1891500 70 79
1892000 70 83
1892500 70 78
1893000 70 81
1893500 70 80
1894000 70 83
1894500 70 96
1895000 70 83
1895500 70 80
1896000 70 79
1896500 70 88
1897000 70 86
1897500 70 81
1898000 70 81
1898500 70 84
1899000 70 79
1899500 70 77
1900000 70 87
1900500 70 88
1901000 70 83
1901500 70 95
1902000 70 87
1902500 70 92
1903000 70 86
1903500 70 76
1904000 70 84
1904500 70 84
1905000 70 84
1905500 70 85
1906000 70 76
1906500 70 86
1907000 70 76
1907500 70 87
1908000 69 89
1908500 69 89
1909000 69 84
1909500 69 84
1910000 69 80
1910500 69 86
1911000 69 83
1911500 69 87
1912000 69 82
1912500 69 89
1913000 69 81
1913500 69 80
1914000 69 78
1914500 69 88
1915000 69 79
1915500 69 88
1916000 69 89
1916500 69 82
1917000 69 84
1917500 69 76
1918000 69 85
1918500 69 90
1919000 69 80
1919500 69 81
1920000 69 76
1920500 69 83
1921000 69 85
1921500 69 84
1922000 69 85
1922500 69 86
1923000 69 94
1923500 69 85
1924000 69 90
1924500 69 81
1925000 69 83
1925500 69 83
1926000 69 88
1926500 69 80
1927000 69 92
1927500 69 82
1928000 69 78
1928500 69 81
1929000 69 82
1929500 69 83
1930000 69 85
1930500 69 81
1931000 69 89
1931500 69 78
1932000 69 81
1932500 69 76
1933000 69 94
1933500 69 82
1934000 69 85
1934500 69 81
1935000 69 88
1935500 69 83
1936000 69 79
1936500 69 78
1937000 69 76
1937500 69 81
1938000 69 83
1938500 69 91
1939000 69 87
1939500 69 79
1940000 69 86
1940500 69 83
1941000 69 80
1941500 69 87
1942000 69 85
1942500 69 82
1943000 69 77
1943500 69 84
1944000 69 87
1944500 69 88
1945000 69 81
1945500 69 78
1946000 69 82
1946500 69 78
1947000 69 84
1947500 69 89
1948000 69 83
1948500 69 85
1949000 69 88
1949500 69 84
1950000 69 88
1950500 69 82
1951000 69 75
1951500 69 80
1952000 69 80
1952500 69 81
1953000 69 86
1953500 69 83
1954000 69 79
1954500 69 90
1955000 69 83
1955500 69 85
1956000 69 76
1956500 69 86
1957000 69 81
1957500 69 79
1958000 69 87
1958500 69 83
1959000 69 86
1959500 69 81
1960000 69 81
1960500 69 91
1961000 69 83
1961500 69 87
1962000 69 85
1962500 69 75
1963000 69 86
1963500 69 78
1964000 69 81
1964500 69 83
1965000 69 80
1965500 69 83
1966000 69 85
1966500 69 79
1967000 69 82
1967500 69 84
1968000 69 84
1968500 69 79
1969000 69 89
1969500 69 84
1970000 69 82
1970500 69 83
1971000 69 80
1971500 69 85
1972000 69 83
1972500 69 86
1973000 69 80
1973500 69 86
1974000 69 81
1974500 69 84
1975000 69 80
1975500 69 74
1976000 69 81
1976500 69 80
1977000 69 85
1977500 69 84
1978000 69 82
1978500 69 81
1979000 69 84
1979500 69 86
1980000 69 84
1980500 69 78
1981000 69 83
1981500 69 83
1982000 69 85
1982500 69 77
1983000 69 78
1983500 69 82
1984000 69 83
1984500 69 82
1985000 69 82
1985500 69 84
1986000 69 86
1986500 69 76
1987000 69 84
1987500 69 80
1988000 69 88
1988500 69 80
1989000 69 88
1989500 69 80
1990000 69 84
1990500 69 85
1991000 69 88
1991500 69 85
1992000 69 85
1992500 69 90
1993000 69 80
1993500 69 84
1994000 69 78
1994500 69 78
1995000 69 88
1995500 69 92
1996000 69 85
1996500 69 83
1997000 69 82
1997500 69 87
1998000 69 85
1998500 69 80
1999000 69 82
1999500 69 86
2000000 69 85
2000500 69 79
2001000 69 80
2001500 69 87
2002000 69 74
2002500 69 83
2003000 69 78
2003500 69 88
2004000 69 84
2004500 69 79
2005000 69 86
2005500 69 85
2006000 69 80
2006500 69 84
2007000 69 84
2007500 69 88
2008000 69 75
2008500 69 83
2009000 69 75
2009500 69 87
2010000 69 86
2010500 69 88
2011000 69 85
2011500 69 84
2012000 69 77
2012500 69 78
2013000 69 81
2013500 69 83
2014000 69 82
2014500 69 85
2015000 69 82
2015500 69 82
2016000 69 78
2016500 69 87
2017000 69 85
2017500 69 82
2018000 69 79
2018500 69 77
2019000 69 84
2019500 69 90
2020000 69 83
2020500 69 77
2021000 69 90
2021500 69 77
2022000 69 85
2022500 69 79
2023000 69 80
2023500 69 89
2024000 69 83
2024500 69 79
2025000 69 82
2025500 69 81
2026000 69 86
2026500 69 83
2027000 69 85
2027500 69 86
2028000 69 86
2028500 69 88
2029000 69 84
2029500 69 82
2030000 69 81
2030500 69 85
2031000 69 86
2031500 69 85
2032000 69 89
2032500 69 83
2033000 69 81
2033500 69 87
2034000 69 80
2034500 69 79
2035000 69 83
2035500 69 85
2036000 69 80
2036500 69 84
2037000 69 75
2037500 69 78
2038000 69 78
2038500 69 85
2039000 69 79
2039500 69 87
2040000 69 83
2040500 69 86
2041000 69 94
2041500 69 81
2042000 69 78
2042500 69 84
2043000 69 84
2043500 69 86
2044000 69 84
2044500 69 94
2045000 69 82
2045500 69 89
2046000 69 79
2046500 69 82
2047000 69 87
2047500 69 80
2048000 69 79
2048500 69 82
2049000 69 79
2049500 69 82
2050000 69 91
2050500 69 87
2051000 69 88
2051500 69 83
2052000 69 80
2052500 69 83
2053000 69 87
2053500 69 86
2054000 69 82
2054500 69 86
2055000 69 76
2055500 69 83
2056000 69 79
2056500 69 82
2057000 69 82
2057500 69 81
2058000 69 87
2058500 69 80
2059000 69 85
2059500 69 87
2060000 69 80
2060500 69 87
2061000 69 87
2061500 69 84
2062000 69 85
2062500 69 91
2063000 69 85
2063500 69 76
2064000 69 91
2064500 69 80
2065000 69 85
2065500 69 86
2066000 69 88
2066500 69 95
2067000 69 83
2067500 69 80
2068000 69 90
2068500 69 88
2069000 69 96
2069500 69 84
2070000 69 78
2070500 69 86
2071000 69 84
2071500 69 86
2072000 69 83
2072500 69 84
2073000 69 83
2073500 69 76
2074000 69 76
2074500 69 82
2075000 69 83
2075500 69 80
2076000 69 86
2076500 69 82
2077000 69 77
2077500 69 88
2078000 69 87
2078500 69 74
2079000 69 86
2079500 69 83
2080000 69 78
2080500 69 85
2081000 69 88
2081500 69 82
2082000 69 81
2082500 69 84
2083000 69 79
2083500 69 84
2084000 69 86
2084500 69 83
2085000 69 84
2085500 69 84
2086000 69 92
2086500 69 86
2087000 69 81
2087500 69 89
2088000 69 92
2088500 69 88
2089000 69 85
2089500 69 75
2090000 69 80
2090500 69 81
2091000 69 84
2091500 69 80
2092000 69 97
2092500 69 81
2093000 69 88
2093500 69 85
2094000 69 82
2094500 69 83
2095000 69 81
2095500 69 82
2096000 69 76
2096500 69 86
2097000 69 79
2097500 69 83
2098000 69 90
2098500 69 84
2099000 69 77
2099500 69 89
2100000 69 87
2100500 69 87
2101000 69 76
2101500 69 77
2102000 69 83
2102500 69 81
2103000 69 79
2103500 69 78
2104000 69 85
2104500 69 76
2105000 69 84
2105500 69 85
2106000 69 79
2106500 69 89
2107000 69 91
2107500 69 81
2108000 69 79
2108500 69 86
2109000 69 75
2109500 69 81
2110000 69 82
2110500 69 87
2111000 69 87
2111500 69 91
2112000 69 76
2112500 69 82
2113000 69 84
2113500 69 81
2114000 69 78
2114500 69 85
2115000 69 88
2115500 69 82
2116000 69 82
2116500 69 74
2117000 69 88
2117500 69 81
2118000 69 81
2118500 69 86
2119000 69 79
2119500 69 83
2120000 69 80
2120500 69 83
2121000 69 80
2121500 69 83
2122000 69 81
2122500 69 84
2123000 69 89
2123500 69 92
2124000 69 79
2124500 69 82
2125000 69 81
2125500 69 85
2126000 69 85
2126500 69 78
2127000 69 82
2127500 69 82
2128000 69 93
2128500 69 83
2129000 69 80
2129500 69 86
2130000 69 91
2130500 69 78
2131000 69 86
2131500 69 85
2132000 69 82
2132500 69 82
2133000 69 76
2133500 69 86
2134000 69 82
2134500 69 87
2135000 69 78
2135500 69 83
2136000 69 84
2136500 69 79
2137000 69 83
2137500 69 81
2138000 69 81
2138500 69 79
2139000 69 79
2139500 69 84
2140000 69 89
2140500 69 87
2141000 69 81
2141500 69 84
2142000 69 83
2142500 69 87
2143000 69 83
2143500 69 79
2144000 69 84
2144500 69 91
2145000 69 82
2145500 69 86
2146000 69 76
2146500 69 84
2147000 69 81
2147500 69 81
2148000 69 84
2148500 69 78
2149000 69 79
2149500 69 81
2150000 69 86
2150500 69 82
2151000 69 80
2151500 69 84
2152000 69 82
2152500 69 78
2153000 69 82
2153500 69 83
2154000 69 86
2154500 69 81
2155000 69 81
2155500 69 84
2156000 69 89
2156500 69 89
2157000 69 93
2157500 69 84
2158000 69 90
2158500 69 81
2159000 69 89
2159500 69 85
2160000 69 88
2160500 69 82
2161000 69 85
2161500 69 84
2162000 69 85
2162500 69 90
2163000 69 80
2163500 69 75
2164000 69 82
2164500 69 79
2165000 69 78
2165500 69 82
2166000 69 78
2166500 69 76
2167000 69 82
2167500 69 86
2168000 69 79
2168500 69 89
2169000 69 77
2169500 69 91
2170000 69 82
2170500 69 94
2171000 69 79
2171500 69 84
2172000 69 85
2172500 69 85
2173000 69 81
2173500 69 85
2174000 69 93
2174500 69 83
2175000 69 76
2175500 69 87
2176000 69 81
2176500 69 88
2177000 69 88
2177500 69 89
2178000 69 79
2178500 69 83
2179000 69 85
2179500 69 80
2180000 69 88
2180500 69 88
2181000 69 86
2181500 69 89
2182000 69 83
2182500 69 78
2183000 69 82
2183500 69 83
2184000 69 89
2184500 69 80
2185000 69 82
2185500 69 82
2186000 69 83
2186500 69 84
2187000 69 82
2187500 69 77
2188000 69 82
2188500 69 84
2189000 69 77
2189500 69 77
2190000 69 82
2190500 69 84
2191000 69 78
2191500 69 88
2192000 69 98
2192500 69 79
2193000 69 84
2193500 69 88
2194000 69 82
2194500 69 91
2195000 69 81
2195500 69 83
2196000 69 82
2196500 69 77
2197000 69 89
2197500 69 84
2198000 69 83
2198500 69 80
2199000 69 86
2199500 69 85
2200000 69 81
2200500 69 81
2201000 69 87
2201500 69 86
2202000 69 86
2202500 69 84
2203000 69 91
2203500 69 86
2204000 69 88
2204500 69 85
2205000 69 80
2205500 69 86
2206000 69 79
2206500 69 86
2207000 69 81
2207500 69 77
2208000 69 85
2208500 69 89
2209000 69 84
2209500 69 90
2210000 69 81
2210500 69 95
2211000 69 88
2211500 69 79
2212000 69 84
2212500 69 84
2213000 69 83
2213500 69 81
2214000 69 82
2214500 69 84
2215000 69 88
2215500 69 84
2216000 69 81
2216500 69 90
2217000 69 75
2217500 69 87
2218000 69 86
2218500 69 88
2219000 69 82
2219500 69 86
2220000 69 88
2220500 69 80
2221000 69 91
2221500 69 81
2222000 69 86
2222500 69 87
2223000 69 83
2223500 69 86
2224000 69 84
2224500 69 86
2225000 69 82
2225500 69 83
2226000 69 93
2226500 69 74
2227000 69 93
2227500 69 82
2228000 69 84
2228500 69 82
2229000 69 83
2229500 69 84
2230000 69 92
2230500 69 83
2231000 69 86
2231500 69 85
2232000 69 82
2232500 69 83
2233000 69 84
2233500 69 92
2234000 69 92
2234500 69 86
2235000 69 88
2235500 69 79
2236000 69 79
2236500 69 76
2237000 69 86
2237500 69 85
2238000 69 80
2238500 69 86
2239000 69 80
2239500 69 86
2240000 69 86
2240500 69 83
2241000 69 77
2241500 69 82
2242000 69 83
2242500 69 84
2243000 69 80
2243500 69 80
2244000 69 83
2244500 69 82
2245000 69 85
2245500 69 80
2246000 69 89
2246500 69 78
2247000 69 87
2247500 69 80
2248000 69 79
2248500 69 83
2249000 69 80
2249500 69 80
2250000 69 94
2250500 69 84
2251000 69 85
2251500 69 89
2252000 69 81
2252500 69 81
2253000 69 78
2253500 69 81
2254000 69 80
2254500 69 94
2255000 69 78
2255500 69 82
2256000 69 81
2256500 69 85
2257000 69 92
2257500 69 85
2258000 69 78
2258500 69 86
2259000 69 81
2259500 69 82
2260000 69 78
2260500 69 81
2261000 69 84
2261500 69 82
2262000 69 80
2262500 69 84
2263000 69 76
2263500 69 80
2264000 69 80
2264500 69 86
2265000 69 92
2265500 69 75
2266000 69 85
2266500 69 80
2267000 69 90
2267500 69 79
2268000 69 80
2268500 69 80
2269000 69 82
2269500 69 79
2270000 69 76
2270500 69 89
2271000 69 82
2271500 69 83
2272000 69 82
2272500 69 84
2273000 69 75
2273500 69 78
2274000 69 83
2274500 69 81
2275000 69 86
2275500 69 90
2276000 69 84
2276500 69 81
2277000 69 86
2277500 69 86
2278000 69 85
2278500 69 91
2279000 69 74
2279500 69 88
2280000 69 84
2280500 69 88
2281000 69 80
2281500 69 80
2282000 69 84
2282500 69 80
2283000 69 80
2283500 69 90
2284000 69 83
2284500 69 83
2285000 69 83
2285500 69 89
2286000 69 76
2286500 69 79
2287000 69 84
2287500 69 78
2288000 69 80
2288500 69 84
2289000 69 78
2289500 69 87
2290000 69 76
2290500 69 92
2291000 69 81
2291500 69 92
2292000 69 78
2292500 69 80
2293000 69 77
2293500 69 78
2294000 69 77
2294500 69 81
2295000 69 89
2295500 69 80
2296000 69 86
2296500 69 87
2297000 69 82
2297500 69 78
2298000 69 88
2298500 69 88
2299000 69 78
2299500 69 86
2300000 69 85
2300500 69 84
2301000 69 78
2301500 69 79
2302000 69 80
2302500 69 81
2303000 69 84
2303500 69 82
2304000 69 83
2304500 69 82
2305000 69 77
2305500 69 87
2306000 69 82
2306500 69 84
2307000 69 79
2307500 69 86
2308000 69 85
2308500 69 82
2309000 69 83
2309500 69 88
2310000 69 80
2310500 69 83
2311000 69 81
2311500 69 78
2312000 69 85
2312500 69 79
2313000 69 85
2313500 69 86
2314000 69 86
2314500 69 76
2315000 69 87
2315500 69 79
2316000 69 80
2316500 69 79
2317000 69 82
2317500 69 75
2318000 69 88
2318500 69 80
2319000 69 82
2319500 69 87
2320000 69 79
2320500 69 75
2321000 69 83
2321500 69 76
2322000 69 83
2322500 69 91
2323000 69 84
2323500 69 86
2324000 69 80
2324500 69 78
2325000 69 81
2325500 69 78
2326000 69 78
2326500 69 79
2327000 69 85
2327500 69 84
2328000 69 77
2328500 69 79
2329000 69 83
2329500 69 92
2330000 69 80
2330500 69 86
2331000 69 80
2331500 69 76
2332000 69 82
2332500 69 86
2333000 69 88
2333500 69 84
2334000 69 85
2334500 69 86
2335000 69 84
2335500 69 86
2336000 69 79
2336500 69 83
2337000 69 86
2337500 69 80
2338000 69 81
2338500 69 81
2339000 69 89
2339500 69 83
2340000 69 86
2340500 69 78
2341000 69 91
2341500 69 88
2342000 69 84
2342500 69 76
2343000 69 85
2343500 69 83
2344000 69 84
2344500 69 85
2345000 69 76
2345500 69 82
2346000 69 81
2346500 69 83
2347000 69 83
2347500 69 85
2348000 69 81
2348500 69 88
2349000 69 89
2349500 69 81
2350000 69 78
2350500 69 83
2351000 69 82
2351500 69 86
2352000 69 76
2352500 69 80
2353000 69 81
2353500 69 83
2354000 69 83
2354500 69 82
2355000 69 83
2355500 69 90
2356000 69 84
2356500 69 83
2357000 69 79
2357500 69 74
2358000 69 90
2358500 69 77
2359000 69 86
2359500 69 82
2360000 69 83
2360500 69 80
2361000 69 84
2361500 69 83
2362000 69 77
2362500 69 82
2363000 69 82
2363500 69 87
2364000 69 85
2364500 69 84
2365000 69 75
2365500 69 77
2366000 69 87
2366500 69 80
2367000 69 89
2367500 69 86
2368000 69 83
2368500 69 78
2369000 69 85
2369500 69 76
2370000 69 81
2370500 69 87
2371000 69 88
2371500 69 83
2372000 69 90
2372500 69 86
2373000 69 83
2373500 69 86
2374000 69 82
2374500 69 81
2375000 69 83
2375500 69 80
2376000 69 78
2376500 69 82
2377000 69 85
2377500 69 81
2378000 69 78
2378500 69 83
2379000 69 79
2379500 69 82
2380000 69 87
2380500 69 92
2381000 69 84
2381500 69 86
2382000 69 80
2382500 69 79
2383000 69 97
2383500 69 85
2384000 69 82
2384500 69 83
2385000 69 83
2385500 69 84
2386000 69 76
2386500 69 79
2387000 69 82
2387500 69 81
2388000 69 80
2388500 69 82
2389000 69 79
2389500 69 81
2390000 69 81
2390500 69 84
2391000 69 86
2391500 69 89
2392000 69 84
2392500 69 83
2393000 69 85
2393500 69 88
2394000 69 77
2394500 69 82
2395000 69 86
2395500 69 82
2396000 69 85
2396500 69 83
2397000 69 88
2397500 69 85
2398000 69 82
2398500 69 85
2399000 69 83
2399500 69 80
2400000 69 85
2400500 69 82
2401000 69 80
2401500 69 87
2402000 69 82
2402500 69 83
2403000 69 86
2403500 69 81
2404000 69 84
2404500 69 80
2405000 69 86
2405500 69 79
2406000 69 85
2406500 69 83
2407000 69 85
2407500 69 84
2408000 69 87
2408500 69 77
2409000 69 83
2409500 69 81
2410000 69 84
2410500 69 81
2411000 69 74
2411500 69 89
2412000 69 88
2412500 69 84
2413000 69 84
2413500 69 78
2414000 69 81
2414500 69 85
2415000 69 86
2415500 69 85
2416000 69 76
2416500 69 85
2417000 69 84
2417500 69 86
2418000 69 78
2418500 69 81
2419000 69 84
2419500 69 82
2420000 69 87
2420500 69 87
2421000 69 80
2421500 69 87
2422000 69 82
2422500 69 92
2423000 69 80
2423500 69 84
2424000 69 88
2424500 69 79
2425000 69 79
2425500 69 84
2426000 69 81
2426500 69 75
2427000 69 82
2427500 69 89
2428000 69 82
2428500 69 77
2429000 69 97
2429500 69 85
2430000 69 78
2430500 69 77
2431000 69 84
2431500 69 82
2432000 69 89
2432500 69 86
2433000 69 77
2433500 69 87
2434000 69 83
2434500 69 89
2435000 69 78
2435500 69 79
2436000 69 89
2436500 69 83
2437000 69 79
2437500 69 80
2438000 69 83
2438500 69 86
2439000 69 80
2439500 69 85
2440000 69 84
2440500 69 82
2441000 69 83
2441500 69 85
2442000 69 78
2442500 69 79
2443000 69 76
2443500 69 84
2444000 69 91
2444500 69 86
2445000 69 82
2445500 69 88
2446000 69 92
2446500 69 88
2447000 69 97
2447500 69 82
2448000 69 84
2448500 69 86
2449000 69 82
2449500 69 77
2450000 69 80
2450500 69 76
2451000 69 77
2451500 69 83
2452000 69 80
2452500 69 84
2453000 69 86
2453500 69 80
2454000 69 80
2454500 69 82
2455000 69 81
2455500 69 81
2456000 69 80
2456500 69 79
2457000 69 86
2457500 69 79
2458000 69 87
2458500 69 81
2459000 69 82
2459500 69 82
2460000 69 85
2460500 69 86
2461000 69 87
2461500 69 87
2462000 69 83
2462500 69 92
2463000 69 82
2463500 69 85
2464000 69 78
2464500 69 80
2465000 69 85
2465500 69 87
2466000 69 88
2466500 69 81
2467000 69 88
2467500 69 83
2468000 69 83
2468500 69 82
2469000 69 90
2469500 69 81
2470000 69 86
2470500 69 82
2471000 69 89
2471500 69 78
2472000 69 82
2472500 69 81
2473000 69 81
2473500 69 85
2474000 69 84
2474500 69 78
2475000 69 83
2475500 69 82
2476000 69 87
2476500 69 86
2477000 69 88
2477500 69 89
2478000 69 85
2478500 69 86
2479000 69 83
2479500 69 86
2480000 69 78
2480500 69 81
2481000 69 82
2481500 69 79
2482000 69 76
2482500 69 83
2483000 69 78
2483500 69 81
2484000 69 87
2484500 69 85
2485000 69 83
2485500 69 86
2486000 69 78
2486500 69 83
2487000 69 81
2487500 69 76
2488000 69 80
2488500 69 85
2489000 69 84
2489500 69 84
2490000 69 79
2490500 69 75
2491000 69 86
2491500 69 81
2492000 69 84
2492500 69 84
2493000 69 78
2493500 69 81
2494000 69 84
2494500 69 87
2495000 69 83
2495500 69 86
2496000 69 82
2496500 69 85
2497000 69 88
2497500 69 80
2498000 69 85
2498500 69 78
2499000 69 81
2499500 69 87
2500000 69 86
2500500 69 86
2501000 69 86
2501500 69 81
2502000 69 81
2502500 69 85
2503000 69 83
2503500 69 80
2504000 69 79
2504500 69 90
2505000 69 78
2505500 69 87
2506000 69 85
2506500 69 83
2507000 69 76
2507500 69 77
2508000 69 87
2508500 69 86
2509000 69 75
2509500 69 85
2510000 69 79
2510500 69 82
2511000 69 80
2511500 69 82
2512000 69 87
2512500 69 87
2513000 69 80
2513500 69 82
2514000 69 80
2514500 69 81
2515000 69 85
2515500 69 88
2516000 69 82
2516500 69 78
2517000 69 79
2517500 69 82
2518000 69 77
2518500 69 78
2519000 69 80
2519500 69 82
2520000 69 85
2520500 69 94
2521000 69 79
2521500 69 80
2522000 69 80
2522500 69 88
2523000 69 80
2523500 69 88
2524000 69 81
2524500 69 74
2525000 69 81
2525500 69 82
2526000 69 88
2526500 69 82
2527000 69 79
2527500 69 79
2528000 69 84
2528500 69 81
2529000 69 80
2529500 69 89
2530000 69 81
2530500 69 84
2531000 69 82
2531500 69 79
2532000 69 79
2532500 69 85
2533000 69 82
2533500 69 81
2534000 69 79
2534500 69 82
2535000 69 85
2535500 69 82
2536000 69 78
2536500 69 78
2537000 69 79
2537500 69 79
2538000 69 81
2538500 69 78
2539000 69 81
2539500 69 85
2540000 69 89
2540500 69 82
2541000 69 88
2541500 69 85
2542000 69 82
2542500 69 81
2543000 69 85
2543500 69 80
2544000 69 81
2544500 69 86
2545000 69 88
2545500 69 83
2546000 69 81
2546500 69 83
2547000 69 80
2547500 69 76
2548000 69 83
2548500 69 77
2549000 69 78
2549500 69 93
2550000 69 81
2550500 69 91
2551000 69 85
2551500 69 86
2552000 69 84
2552500 69 80
2553000 69 79
2553500 69 84
2554000 69 85
2554500 69 82
2555000 69 82
2555500 69 80
2556000 69 83
2556500 69 78
2557000 69 86
2557500 69 83
2558000 69 85
2558500 69 77
2559000 69 78
2559500 69 83
2560000 69 81
2560500 69 81
2561000 69 84
2561500 69 81
2562000 69 80
2562500 69 86
2563000 69 80
2563500 69 80
2564000 69 86
2564500 69 82
2565000 69 82
2565500 69 77
2566000 69 89
2566500 69 84
2567000 69 80
2567500 69 83
2568000 69 78
2568500 69 91
2569000 69 88
2569500 69 84
2570000 69 81
2570500 69 78
2571000 69 82
2571500 69 77
2572000 69 80
2572500 69 88
2573000 69 83
2573500 69 82
2574000 69 74
2574500 69 83
2575000 69 79
2575500 69 77
2576000 69 72
2576500 69 85
2577000 69 79
2577500 69 92
2578000 69 80
2578500 69 85
2579000 69 85
2579500 69 79
2580000 69 78
2580500 69 83
2581000 69 80
2581500 69 82
2582000 69 86
2582500 69 82
2583000 69 80
2583500 69 80
2584000 69 79
2584500 69 80
2585000 69 90
2585500 69 83
2586000 69 92
2586500 69 80
2587000 69 84
2587500 69 91
2588000 69 83
2588500 69 84
2589000 69 80
2589500 69 80
2590000 69 78
2590500 69 84
2591000 69 82
2591500 69 87
2592000 69 81
2592500 69 78
2593000 69 79
2593500 69 81
2594000 69 83
2594500 69 81
2595000 69 93
2595500 69 80
2596000 69 76
2596500 69 78
2597000 69 77
2597500 69 86
2598000 69 80
2598500 69 80
2599000 69 78
2599500 69 87
2600000 69 80
2600500 69 82
2601000 69 82
2601500 69 90
2602000 69 81
2602500 69 82
2603000 69 75
2603500 69 84
2604000 69 81
2604500 69 82
2605000 69 78
2605500 69 86
2606000 69 85
2606500 69 83
2607000 69 75
2607500 69 84
2608000 69 81
2608500 69 85
2609000 69 77
2609500 69 78
2610000 69 82
2610500 69 79
2611000 69 80
2611500 69 83
2612000 69 85
2612500 69 75
2613000 69 87
2613500 69 84
2614000 69 80
2614500 69 91
2615000 69 86
2615500 69 81
2616000 69 80
2616500 69 87
2617000 69 88
2617500 69 88
2618000 69 79
2618500 69 84
2619000 69 78
2619500 69 88
2620000 69 77
2620500 69 75
2621000 69 78
2621500 69 76
2622000 69 86
2622500 69 82
2623000 69 81
2623500 69 86
2624000 69 88
2624500 69 81
2625000 69 83
2625500 69 89
2626000 69 83
2626500 69 85
2627000 69 84
2627500 69 82
2628000 69 88
2628500 69 82
2629000 69 79
2629500 69 82
2630000 69 83
2630500 69 86
2631000 69 83
2631500 69 79
2632000 69 84
2632500 69 82
2633000 69 89
2633500 69 78
2634000 69 85
2634500 69 78
2635000 69 89
2635500 69 84
2636000 69 88
2636500 69 86
2637000 69 87
2637500 69 88
2638000 69 81
2638500 69 85
2639000 69 85
2639500 69 80
2640000 69 90
2640500 69 86
2641000 69 84
2641500 69 87
2642000 69 80
2642500 69 88
2643000 69 85
2643500 69 79
2644000 69 77
2644500 69 84
2645000 69 84
2645500 69 78
2646000 69 88
2646500 69 97
2647000 69 86
2647500 69 81
2648000 69 81
2648500 69 83
2649000 69 79
2649500 69 93
2650000 69 83
2650500 69 85
2651000 69 89
2651500 69 78
2652000 69 89
2652500 69 85
2653000 69 77
2653500 69 77
2654000 69 82
2654500 69 87
2655000 69 84
2655500 69 89
2656000 69 81
2656500 69 79
2657000 69 84
2657500 69 77
2658000 69 87
2658500 69 76
2659000 69 89
2659500 69 86
2660000 69 87
2660500 69 80
2661000 69 88
2661500 69 83
2662000 69 82
2662500 69 86
2663000 69 79
2663500 69 88
2664000 69 85
2664500 69 81
2665000 69 83
2665500 69 87
2666000 69 89
2666500 69 89
2667000 69 82
2667500 69 79
2668000 69 82
2668500 69 82
2669000 69 88
2669500 69 84
2670000 69 85
2670500 69 74
2671000 69 81
2671500 69 89
2672000 69 94
2672500 69 83
2673000 69 84
2673500 69 85
2674000 69 82
2674500 69 84
2675000 69 79
2675500 69 82
2676000 69 81
2676500 69 81
2677000 69 80
2677500 69 83
2678000 69 92
2678500 69 78
2679000 69 85
2679500 69 78
2680000 69 77
2680500 69 87
2681000 69 82
2681500 69 89
2682000 69 79
2682500 69 83
2683000 69 85
2683500 69 87
2684000 69 89
2684500 69 87
2685000 69 92
2685500 69 82
2686000 69 85
2686500 69 87
2687000 69 79
2687500 69 87
2688000 69 80
2688500 69 76
2689000 69 82
2689500 69 87
2690000 69 88
2690500 69 81
2691000 69 79
2691500 69 86
2692000 69 84
2692500 69 80
2693000 69 80
2693500 69 77
2694000 69 83
2694500 69 83
2695000 69 79
2695500 69 88
2696000 69 76
2696500 69 80
2697000 69 84
2697500 69 80
2698000 69 81
2698500 69 85
2699000 69 84
2699500 69 79
2700000 69 92
2700500 69 78
2701000 69 96
2701500 69 88
2702000 69 85
2702500 69 83
2703000 69 89
2703500 69 85
2704000 69 76
2704500 69 77
2705000 69 76
2705500 69 83
2706000 69 85
2706500 69 83
2707000 69 85
2707500 69 79
2708000 69 83
2708500 69 83
2709000 69 84
2709500 69 80
2710000 69 92
2710500 69 82
2711000 69 88
2711500 69 85
2712000 69 80
2712500 69 82
2713000 69 84
2713500 69 80
2714000 69 83
2714500 69 89
2715000 69 83
2715500 69 83
2716000 69 83
2716500 69 77
2717000 69 85
2717500 69 81
2718000 69 83
2718500 69 87
2719000 69 82
2719500 69 82
2720000 69 84
2720500 69 86
2721000 69 84
2721500 69 85
2722000 69 84
2722500 69 74
2723000 69 82
2723500 69 79
2724000 69 89
2724500 69 82
2725000 69 81
2725500 69 87
2726000 69 89
2726500 69 75
2727000 69 85
2727500 69 83
2728000 69 78
2728500 69 87
2729000 69 81
2729500 69 88
2730000 69 77
2730500 69 83
2731000 69 82
2731500 69 87
2732000 69 88
2732500 69 75
2733000 69 84
2733500 69 81
2734000 69 83
2734500 69 78
2735000 69 84
2735500 69 79
2736000 69 82
2736500 69 87
2737000 69 79
2737500 69 95
2738000 69 85
2738500 69 87
2739000 69 82
2739500 69 81
2740000 69 87
2740500 69 83
2741000 69 84
2741500 69 93
2742000 69 91
2742500 69 84
2743000 69 86
2743500 69 85
2744000 69 88
2744500 69 78
2745000 69 80
2745500 69 83
2746000 69 84
2746500 69 83
2747000 69 84
2747500 69 88
2748000 69 89
2748500 69 83
2749000 69 80
2749500 69 83
2750000 69 78
2750500 69 74
2751000 69 79
2751500 69 83
2752000 69 87
2752500 69 79
2753000 69 92
2753500 69 79
2754000 69 85
2754500 69 89
2755000 69 81
2755500 69 86
2756000 69 82
2756500 69 77
2757000 69 80
2757500 69 88
2758000 69 84
2758500 69 78
2759000 69 80
2759500 69 86
2760000 69 78
2760500 69 85
2761000 69 86
2761500 69 89
2762000 69 92
2762500 69 81
2763000 69 86
2763500 69 80
2764000 69 78
2764500 69 81
2765000 69 85
2765500 69 92
2766000 69 80
2766500 69 81
2767000 69 91
2767500 69 73
2768000 69 81
2768500 69 80
2769000 69 81
2769500 69 85
2770000 69 84
2770500 69 76
2771000 69 82
2771500 69 85
2772000 69 77
2772500 69 85
2773000 69 79
2773500 69 83
2774000 69 87
2774500 69 87
2775000 69 90
2775500 69 84
2776000 69 86
2776500 69 86
2777000 69 85
2777500 69 85
2778000 69 83
2778500 69 83
2779000 69 82
2779500 69 82
2780000 69 85
2780500 69 90
2781000 69 81
2781500 69 85
2782000 69 83
2782500 69 74
2783000 69 84
2783500 69 80
2784000 69 78
2784500 69 81
2785000 69 86
2785500 69 79
2786000 69 93
2786500 69 82
2787000 69 88
2787500 69 88
2788000 69 87
2788500 69 85
2789000 69 83
2789500 69 82
2790000 69 92
2790500 69 88
2791000 69 88
2791500 69 92
2792000 69 85
2792500 69 91
2793000 69 82
2793500 69 83
2794000 69 79
2794500 69 76
2795000 69 88
2795500 69 78
2796000 69 87
2796500 69 78
2797000 69 90
2797500 69 83
2798000 69 85
2798500 69 88
2799000 69 77
2799500 69 81
2800000 69 82
2800500 69 85
2801000 69 87
2801500 69 85
2802000 69 83
2802500 69 83
2803000 69 85
2803500 69 78
2804000 69 86
2804500 69 81
2805000 69 90
2805500 69 85
2806000 69 77
2806500 69 84
2807000 69 83
2807500 69 87
2808000 69 85
2808500 69 83
2809000 69 80
2809500 69 83
2810000 69 78
2810500 69 87
2811000 69 84
2811500 69 83
2812000 69 88
2812500 69 86
2813000 69 89
2813500 69 76
2814000 69 87
2814500 69 84
2815000 69 82
2815500 69 87
2816000 69 85
2816500 69 88
2817000 69 87
2817500 69 81
2818000 69 87
2818500 69 82
2819000 69 86
2819500 69 84
2820000 69 82
2820500 69 88
2821000 69 78
2821500 69 82
2822000 69 83
2822500 69 83
2823000 69 82
2823500 69 81
2824000 69 80
2824500 69 77
2825000 69 85
2825500 69 79
2826000 69 85
2826500 69 84
2827000 69 79
2827500 69 87
2828000 69 84
2828500 69 80
2829000 69 80
2829500 69 81
2830000 69 79
2830500 69 82
2831000 69 83
2831500 69 82
2832000 69 95
2832500 69 86
2833000 69 86
2833500 69 82
2834000 69 87
2834500 69 80
2835000 69 79
2835500 69 81
2836000 69 83
2836500 69 83
2837000 69 79
2837500 69 81
2838000 69 84
2838500 69 88
2839000 69 85
2839500 69 82
2840000 69 87
2840500 69 86
2841000 69 85
2841500 69 76
2842000 69 86
2842500 69 81
2843000 69 82
2843500 69 78
2844000 69 89
2844500 69 80
2845000 69 81
2845500 69 77
2846000 69 76
2846500 69 82
2847000 69 84
2847500 69 86
2848000 69 92
2848500 69 82
2849000 69 76
2849500 69 81
2850000 69 79
2850500 69 81
2851000 69 86
2851500 69 81
2852000 69 74
2852500 69 84
2853000 69 85
2853500 69 86
2854000 69 85
2854500 69 80
2855000 69 74
2855500 69 78
2856000 69 76
2856500 69 88
2857000 69 85
2857500 69 83
2858000 69 88
2858500 69 73
2859000 69 86
2859500 69 85
2860000 69 74
2860500 69 76
2861000 69 83
2861500 69 83
2862000 69 78
2862500 69 79
2863000 69 93
2863500 69 81
2864000 69 97
2864500 69 84
2865000 69 85
2865500 69 84
2866000 69 82
2866500 69 84
2867000 69 87
2867500 69 83
2868000 69 87
2868500 69 77
2869000 69 76
2869500 69 75
2870000 69 84
2870500 69 79
2871000 69 93
2871500 69 90
2872000 69 78
2872500 69 79
2873000 69 81
2873500 69 79
2874000 69 80
2874500 69 75
2875000 69 87
2875500 69 81
2876000 69 83
2876500 69 88
2877000 69 82
2877500 69 78
2878000 69 92
2878500 69 83
2879000 69 87
2879500 69 79
2880000 69 82
2880500 69 85
2881000 69 81
2881500 69 87
2882000 69 87
2882500 69 78
2883000 69 86
2883500 69 86
2884000 69 87
2884500 69 87
2885000 69 84
2885500 69 78
2886000 69 86
2886500 69 82
2887000 69 92
2887500 69 82
2888000 69 82
2888500 69 85
2889000 69 91
2889500 69 80
2890000 69 85
2890500 69 79
2891000 69 80
2891500 69 85
2892000 69 86
2892500 69 85
2893000 69 79
2893500 69 81
2894000 69 81
2894500 69 83
2895000 69 84
2895500 69 84
2896000 69 75
2896500 69 90
2897000 69 81
2897500 69 84
2898000 69 86
2898500 69 79
2899000 69 78
2899500 69 81
2900000 69 89
2900500 69 82
2901000 69 81
2901500 69 82
2902000 69 78
2902500 69 90
2903000 69 92
2903500 69 92
2904000 69 87
2904500 69 83
2905000 69 82
2905500 69 81
2906000 69 85
2906500 69 76
2907000 69 85
2907500 69 81
2908000 69 80
2908500 69 79
2909000 69 78
2909500 69 85
2910000 69 76
2910500 69 79
2911000 69 79
2911500 69 80
2912000 69 82
2912500 69 83
2913000 69 79
2913500 69 81
2914000 69 88
2914500 69 81
2915000 69 86
2915500 69 78
2916000 69 79
2916500 69 81
2917000 69 84
2917500 69 80
2918000 69 84
2918500 69 84
2919000 69 82
2919500 69 78
2920000 69 76
2920500 69 85
2921000 69 88
2921500 69 88
2922000 69 83
2922500 69 82
2923000 69 82
2923500 69 81
2924000 69 87
2924500 69 87
2925000 69 82
2925500 69 80
2926000 69 83
2926500 69 82
2927000 69 78
2927500 69 89
2928000 69 79
2928500 69 78
2929000 69 84
2929500 69 84
2930000 69 81
2930500 69 92
2931000 69 88
2931500 69 89
2932000 69 78
2932500 69 79
2933000 69 87
2933500 69 79
2934000 69 73
2934500 69 77
2935000 69 84
2935500 69 86
2936000 69 82
2936500 69 84
2937000 69 81
2937500 69 89
2938000 69 84
2938500 69 85
2939000 69 88
2939500 69 83
2940000 69 86
2940500 69 87
2941000 69 80
2941500 69 82
2942000 69 81
2942500 69 75
2943000 69 80
2943500 69 78
2944000 69 81
2944500 69 82
2945000 69 77
2945500 69 77
2946000 69 83
2946500 69 87
2947000 69 88
2947500 69 83
2948000 69 84
2948500 69 81
2949000 69 85
2949500 69 85
2950000 69 87
2950500 69 87
2951000 69 84
2951500 69 82
2952000 69 78
2952500 69 81
2953000 69 78
2953500 69 84
2954000 69 82
2954500 69 88
2955000 69 79
2955500 69 79
2956000 69 85
2956500 69 80
2957000 69 87
2957500 69 76
2958000 69 74
2958500 69 81
2959000 69 93
2959500 69 80
2960000 69 80
2960500 69 80
2961000 69 94
2961500 69 78
2962000 69 78
2962500 69 84
2963000 69 82
2963500 69 77
2964000 69 86
2964500 69 78
2965000 69 81
2965500 69 83
2966000 69 82
2966500 69 86
2967000 69 85
2967500 69 91
2968000 69 84
2968500 69 86
2969000 69 80
2969500 69 91
2970000 69 83
2970500 69 75
2971000 69 76
2971500 69 89
2972000 69 82
2972500 69 84
2973000 69 81
2973500 69 79
2974000 69 81
2974500 69 78
2975000 69 78
2975500 69 79
2976000 69 90
2976500 69 79
2977000 69 84
2977500 69 79
2978000 69 79
2978500 69 81
2979000 69 86
2979500 69 78
2980000 69 83
2980500 69 85
2981000 69 87
2981500 69 77
2982000 69 86
2982500 69 83
2983000 69 83
2983500 69 85
2984000 69 79
2984500 69 81
2985000 69 80
2985500 69 83
2986000 69 82
2986500 69 88
2987000 69 77
2987500 69 90
2988000 69 85
2988500 69 84
2989000 69 90
2989500 69 81
2990000 69 81
2990500 69 88
2991000 69 81
2991500 69 89
2992000 69 77
2992500 69 80
2993000 69 87
2993500 69 79
2994000 69 79
2994500 69 77
2995000 69 85
2995500 69 77
2996000 69 87
2996500 69 84
2997000 69 80
2997500 69 82
2998000 69 76
2998500 69 82
2999000 69 86
2999500 69 84
3000000 69 90
3000500 69 91
3001000 69 82
3001500 69 80
3002000 69 86
3002500 69 82
3003000 69 85
3003500 69 87
3004000 69 83
3004500 69 83
3005000 69 81
3005500 69 80
3006000 69 80
3006500 69 86
3007000 69 85
3007500 69 79
3008000 69 80
3008500 69 82
3009000 69 86
3009500 69 82
3010000 69 79
3010500 69 84
3011000 69 83
3011500 69 78
3012000 69 81
3012500 69 87
3013000 69 77
3013500 69 85
3014000 69 80
3014500 69 81
3015000 69 88
3015500 69 85
3016000 69 93
3016500 69 77
3017000 69 81
3017500 69 80
3018000 69 82
3018500 69 80
3019000 69 85
3019500 69 85
3020000 69 83
3020500 69 82
3021000 69 78
3021500 69 79
3022000 69 78
3022500 69 90
3023000 69 75
3023500 69 83
3024000 69 78
3024500 69 76
3025000 69 78
3025500 69 86
3026000 69 84
3026500 69 85
3027000 69 86
3027500 69 78
3028000 69 83
3028500 69 82
3029000 69 83
3029500 69 81
3030000 69 81
3030500 69 84
3031000 69 82
3031500 69 81
3032000 69 79
3032500 69 83
3033000 69 81
3033500 69 90
3034000 69 85
3034500 69 77
3035000 69 84
3035500 69 89
3036000 69 93
3036500 69 83
3037000 69 88
3037500 69 90
3038000 69 85
3038500 69 84
3039000 69 86
3039500 69 81
3040000 69 85
3040500 69 87
3041000 69 83
3041500 69 86
3042000 69 85
3042500 69 77
3043000 69 78
3043500 69 85
3044000 69 81
3044500 69 87
3045000 69 78
3045500 69 83
3046000 69 88
3046500 69 80
3047000 69 86
3047500 69 82
3048000 69 88
3048500 69 80
3049000 69 75
3049500 69 86
3050000 69 78
3050500 69 84
3051000 69 87
3051500 69 82
3052000 69 79
3052500 69 85
3053000 69 90
3053500 69 92
3054000 69 84
3054500 69 86
3055000 69 81
3055500 69 84
3056000 69 82
3056500 69 78
3057000 69 83
3057500 69 96
3058000 69 90
3058500 69 78
3059000 69 85
3059500 69 89
3060000 69 90
3060500 69 81
3061000 69 93
3061500 69 82
3062000 69 81
3062500 69 83
3063000 69 87
3063500 69 87
3064000 69 76
3064500 69 82
3065000 69 80
3065500 69 84
3066000 69 81
3066500 69 81
3067000 69 81
3067500 69 79
3068000 69 86
3068500 69 87
3069000 69 98
3069500 69 81
3070000 69 84
3070500 69 83
3071000 69 83
3071500 69 87
3072000 69 84
3072500 69 86
3073000 69 81
3073500 69 84
3074000 69 78
3074500 69 94
3075000 69 90
3075500 69 87
3076000 69 78
3076500 69 81
3077000 69 82
3077500 69 78
3078000 69 84
3078500 69 89
3079000 69 85
3079500 69 87
3080000 69 83
3080500 69 83
3081000 69 90
3081500 69 81
3082000 69 76
3082500 69 86
3083000 69 79
3083500 69 92
3084000 69 81
3084500 69 83
3085000 69 80
3085500 69 80
3086000 69 92
3086500 69 76
3087000 69 83
3087500 69 86
3088000 69 79
3088500 69 81
3089000 69 85
3089500 69 81
3090000 69 79
3090500 69 80
3091000 69 80
3091500 69 84
3092000 69 88
3092500 69 72
3093000 69 82
3093500 69 81
3094000 69 82
3094500 69 80
3095000 69 73
3095500 69 78
3096000 69 81
3096500 69 86
3097000 69 81
3097500 69 82
3098000 69 89
3098500 69 80
3099000 69 77
3099500 69 81
3100000 69 78
3100500 69 82
3101000 69 80
3101500 69 85
3102000 69 77
3102500 69 82
3103000 69 82
3103500 69 78
3104000 69 88
3104500 69 92
3105000 69 96
3105500 69 78
3106000 69 80
3106500 69 87
3107000 69 82
3107500 69 79
3108000 69 83
3108500 69 84
3109000 69 79
3109500 69 89
3110000 69 76
3110500 69 82
3111000 69 84
3111500 69 85
3112000 69 88
3112500 69 81
3113000 69 84
3113500 69 79
3114000 69 81
3114500 69 80
3115000 69 79
3115500 69 76
3116000 69 79
3116500 69 77
3117000 69 84
3117500 69 86
3118000 69 83
3118500 69 75
3119000 69 84
3119500 69 94
3120000 69 81
3120500 69 81
3121000 69 82
3121500 69 79
3122000 69 89
3122500 69 81
3123000 69 79
3123500 69 80
3124000 69 85
3124500 69 82
3125000 69 78
3125500 69 77
3126000 69 77
3126500 69 85
3127000 69 79
3127500 69 80
3128000 69 85
3128500 69 80
3129000 69 87
3129500 69 82
3130000 69 83
3130500 69 85
3131000 69 91
3131500 69 84
3132000 69 84
3132500 69 86
3133000 69 83
3133500 69 85
3134000 69 82
3134500 69 84
3135000 69 75
3135500 69 84
3136000 69 89
3136500 69 83
3137000 69 90
3137500 69 87
3138000 69 85
3138500 69 85
3139000 69 82
3139500 69 76
3140000 69 82
3140500 69 80
3141000 69 82
3141500 69 80
3142000 69 85
3142500 69 83
3143000 69 81
3143500 69 79
3144000 69 85
3144500 69 86
3145000 69 79
3145500 69 86
3146000 69 77
3146500 69 77
3147000 69 74
3147500 69 80
3148000 69 83
3148500 69 80
3149000 69 86
3149500 69 80
3150000 69 86
3150500 69 81
3151000 69 84
3151500 69 88
3152000 69 84
3152500 69 84
3153000 69 80
3153500 69 79
3154000 69 87
3154500 69 92
3155000 69 82
3155500 69 85
3156000 69 89
3156500 69 83
3157000 69 86
3157500 69 93
3158000 69 74
3158500 69 85
3159000 69 85
3159500 69 79
3160000 69 79
3160500 69 83
3161000 69 87
3161500 69 82
3162000 69 82
3162500 69 82
3163000 69 87
3163500 69 89
3164000 69 88
3164500 69 79
3165000 69 82
3165500 69 81
3166000 69 84
3166500 69 83
3167000 69 88
3167500 69 78
3168000 69 83
3168500 69 88
3169000 69 82
3169500 69 79
3170000 69 89
3170500 69 86
3171000 69 90
3171500 69 80
3172000 69 81
3172500 69 86
3173000 69 88
3173500 69 79
3174000 69 80
3174500 69 85
3175000 69 77
3175500 69 83
3176000 69 82
3176500 69 88
3177000 69 84
3177500 69 81
3178000 69 86
3178500 69 77
3179000 69 79
3179500 69 78
3180000 69 90
3180500 69 80
3181000 69 82
3181500 69 86
3182000 69 76
3182500 69 83
3183000 69 83
3183500 69 82
3184000 69 83
3184500 69 80
3185000 69 80
3185500 69 86
3186000 69 81
3186500 69 84
3187000 69 84
3187500 69 92
3188000 69 88
3188500 69 81
3189000 69 84
3189500 69 84
3190000 69 82
3190500 69 86
3191000 69 77
3191500 69 85
3192000 69 82
3192500 69 86
3193000 69 84
3193500 69 84
3194000 69 79
3194500 69 80
3195000 69 82
3195500 69 83
3196000 69 78
3196500 69 83
3197000 69 83
3197500 69 83
3198000 69 83
3198500 69 75
3199000 69 92
3199500 69 91
3200000 69 79
3200500 69 81
3201000 69 87
3201500 69 80
3202000 69 87
3202500 69 92
3203000 69 83
3203500 69 82
3204000 69 83
3204500 69 86
3205000 69 79
3205500 69 84
3206000 69 81
3206500 69 95
3207000 69 89
3207500 69 82
3208000 69 82
3208500 69 80
3209000 69 80
3209500 69 84
3210000 69 89
3210500 69 86
3211000 69 85
3211500 69 81
3212000 69 84
3212500 69 77
3213000 69 81
3213500 69 76
3214000 69 82
3214500 69 83
3215000 69 78
3215500 69 80
3216000 69 84
3216500 69 82
3217000 69 78
3217500 69 86
3218000 69 84
3218500 69 86
3219000 69 83
3219500 69 80
3220000 69 82
3220500 69 79
3221000 69 80
3221500 69 93
3222000 69 81
3222500 69 82
3223000 69 85
3223500 69 73
3224000 69 86
3224500 69 83
3225000 69 90
3225500 69 81
3226000 69 82
3226500 69 88
3227000 69 83
3227500 69 82
3228000 69 84
3228500 69 82
3229000 69 82
3229500 69 79
3230000 69 78
3230500 69 81
3231000 69 90
3231500 69 84
3232000 69 81
3232500 69 83
3233000 69 85
3233500 69 85
3234000 69 81
3234500 69 83
3235000 69 83
3235500 69 86
3236000 69 80
3236500 69 86
3237000 69 86
3237500 69 80
3238000 69 83
3238500 69 73
3239000 69 79
3239500 69 89
3240000 69 80
3240500 69 83
3241000 69 83
3241500 69 83
3242000 69 78
3242500 69 90
3243000 69 84
3243500 69 90
3244000 69 82
3244500 69 91
3245000 69 85
3245500 69 81
3246000 69 85
3246500 69 82
3247000 69 100
3247500 69 88
3248000 69 83
3248500 69 82
3249000 69 85
3249500 69 78
3250000 69 88
3250500 69 87
3251000 69 85
3251500 69 87
3252000 69 88
3252500 69 85
3253000 69 78
3253500 69 82
3254000 69 83
3254500 69 86
3255000 69 85
3255500 69 80
3256000 69 86
3256500 69 85
3257000 69 81
3257500 69 84
3258000 69 79
3258500 69 79
3259000 69 85
3259500 69 80
3260000 69 90
3260500 69 85
3261000 69 82
3261500 69 88
3262000 69 87
3262500 69 84
3263000 69 75
3263500 69 92
3264000 69 76
3264500 69 89
3265000 69 83
3265500 69 87
3266000 69 88
3266500 69 78
3267000 69 79
3267500 69 84
3268000 69 84
3268500 69 89
3269000 69 79
3269500 69 82
3270000 69 93
3270500 69 86
3271000 69 83
3271500 69 86
3272000 69 84
3272500 69 89
3273000 69 83
3273500 69 84
3274000 69 84
3274500 69 81
3275000 69 85
3275500 69 86
3276000 69 88
3276500 69 82
3277000 69 86
3277500 69 78
3278000 69 85
3278500 69 90
3279000 69 80
3279500 69 79
3280000 69 81
3280500 69 84
3281000 69 80
3281500 69 78
3282000 69 87
3282500 69 88
3283000 69 79
3283500 69 82
3284000 69 87
3284500 69 80
3285000 69 86
3285500 69 86
3286000 69 86
3286500 69 81
3287000 69 81
3287500 69 82
3288000 69 80
3288500 69 77
3289000 69 76
3289500 69 85
3290000 69 80
3290500 69 77
3291000 69 82
3291500 69 85
3292000 69 82
3292500 69 77
3293000 69 83
3293500 69 85
3294000 69 89
3294500 69 84
3295000 69 81
3295500 69 85
3296000 69 82
3296500 69 78
3297000 69 92
3297500 69 81
3298000 69 85
3298500 69 88
3299000 69 81
3299500 69 78
3300000 69 82
3300500 69 84
3301000 69 88
3301500 69 86
3302000 69 93
e
02500 69 77
3303000 69 73
3303500 69 81
3304000 69 81
3304500 69 85
3305000 69 89
3305500 69 84
3306000 69 90
3306500 69 92
3307000 69 84
3307500 69 83
3308000 69 75
3308500 69 79
3309000 69 84
3309500 69 82
3310000 69 82
3310500 69 80
3311000 69 83
3311500 69 81
3312000 69 87
3312500 69 82
3313000 69 82
3313500 69 88
3314000 69 80
3314500 69 81
3315000 69 84
3315500 69 83
3316000 69 84
3316500 69 84
3317000 69 85
3317500 69 74
3318000 69 85
3318500 69 86
3319000 69 80
3319500 69 89
3320000 69 87
3320500 69 81
3321000 69 79
3321500 69 85
3322000 69 87
3322500 69 88
3323000 69 75
3323500 69 88
3324000 69 82
3324500 69 82
3325000 69 82
3325500 69 78
3326000 69 77
3326500 69 80
3327000 69 85
3327500 69 86
3328000 69 82
3328500 69 91
3329000 69 82
3329500 69 82
3330000 69 85
3330500 69 80
3331000 69 81
3331500 69 76
3332000 69 85
3332500 69 83
3333000 69 82
3333500 69 82
3334000 69 80
3334500 69 77
3335000 69 85
3335500 69 80
3336000 69 84
3336500 69 79
3337000 69 78
3337500 69 79
3338000 69 86
3338500 69 84
3339000 69 82
3339500 69 82
3340000 69 80
3340500 69 89
3341000 69 83
3341500 69 76
3342000 69 79
3342500 69 89
3343000 69 85
3343500 69 87
3344000 69 83
3344500 69 80
3345000 69 80
3345500 69 81
3346000 69 80
3346500 69 85
3347000 69 86
3347500 69 88
3348000 69 78
3348500 69 86
3349000 69 82
3349500 69 79
3350000 69 80
3350500 69 91
3351000 69 82
3351500 69 84
3352000 69 80
3352500 69 81
3353000 69 87
3353500 69 83
3354000 69 82
3354500 69 76
3355000 69 78
3355500 69 75
3356000 69 87
3356500 69 76
3357000 69 91
3357500 69 77
3358000 69 81
3358500 69 92
3359000 69 91
3359500 69 93
3360000 69 79
3360500 69 85
3361000 69 83
3361500 69 80
3362000 69 86
3362500 69 86
3363000 69 83
3363500 69 84
3364000 69 86
3364500 69 84
3365000 69 80
3365500 69 83
3366000 69 79
3366500 69 81
3367000 69 79
3367500 69 85
3368000 69 76
3368500 69 87
3369000 69 81
3369500 69 83
3370000 69 84
3370500 69 85
3371000 69 92
3371500 69 79
3372000 69 87
3372500 69 78
3373000 69 87
3373500 69 82
3374000 69 80
3374500 69 88
3375000 69 78
3375500 69 83
3376000 69 90
3376500 69 87
3377000 69 87
3377500 69 79
3378000 69 90
3378500 69 82
3379000 69 82
3379500 69 78
3380000 69 81
3380500 69 83
3381000 69 82
3381500 69 87
3382000 69 80
3382500 69 78
3383000 69 82
3383500 69 88
3384000 69 78
3384500 69 83
3385000 69 82
3385500 69 81
3386000 69 84
3386500 69 87
3387000 69 84
3387500 69 85
3388000 69 89
3388500 69 84
3389000 69 85
3389500 69 91
3390000 69 81
3390500 69 80
3391000 69 78
3391500 69 82
3392000 69 83
3392500 69 83
3393000 69 82
3393500 69 86
3394000 69 82
3394500 69 85
3395000 69 80
3395500 69 81
3396000 69 79
3396500 69 86
3397000 69 82
3397500 69 81
3398000 69 88
3398500 69 79
3399000 69 81
3399500 69 79
3400000 69 78
3400500 69 80
3401000 69 78
3401500 69 82
3402000 69 80
3402500 69 85
3403000 69 82
3403500 69 89
3404000 69 81
3404500 69 84
3405000 69 89
3405500 69 86
3406000 69 88
3406500 69 84
3407000 69 87
3407500 69 84
3408000 69 80
3408500 69 81
3409000 69 77
3409500 69 82
3410000 69 84
3410500 69 87
3411000 69 90
3411500 69 89
3412000 69 82
3412500 69 79
3413000 69 85
3413500 69 88
3414000 69 82
3414500 69 89
3415000 69 90
3415500 69 82
3416000 69 81
3416500 69 85
e
