0 888 919
500 877 918
1000 877 921
1500 871 919
2000 871 919
2500 871 920
3000 871 921
3500 871 919
4000 871 920
4500 871 919
5000 871 920
5500 871 920
6000 871 919
6500 871 920
7000 871 921
7500 871 918
8000 870 919
8500 870 920
9000 870 920
9500 870 919
10000 870 920
10500 870 920
11000 870 920
11500 870 921
12000 870 919
12500 870 920
13000 870 920
13500 870 919
14000 870 921
14500 870 919
15000 870 919
15500 870 919
16000 870 921
16500 870 919
17000 870 920
17500 870 921
18000 870 920
18500 870 919
19000 870 919
19500 870 921
20000 870 919
20500 870 920
21000 870 919
21500 870 919
22000 870 919
22500 870 920
23000 870 919
23500 870 919
24000 870 920
24500 870 920
25000 870 920
25500 870 920
26000 869 919
26500 869 919
27000 869 920
27500 869 919
28000 869 919
28500 869 919
29000 869 919
29500 869 920
30000 869 919
30500 869 920
31000 869 920
31500 869 919
32000 869 919
32500 869 919
33000 869 919
33500 869 920
34000 869 919
34500 869 919
35000 869 919
35500 868 920
36000 868 921
36500 868 918
37000 868 921
37500 868 920
38000 868 921
38500 868 921
39000 857 920
39500 857 919
40000 857 921
40500 857 919
41000 857 919
41500 857 920
42000 857 920
42500 857 919
43000 857 920
43500 857 920
44000 857 919
44500 857 918
45000 857 920
45500 857 920
46000 857 919
46500 857 920
47000 857 920
47500 857 919
48000 857 920
48500 857 921
49000 857 919
49500 857 920
50000 857 920
50500 857 919
51000 857 921
51500 857 921
52000 857 920
52500 857 918
53000 857 920
53500 857 920
54000 857 921
54500 857 919
55000 857 920
55500 857 918
56000 857 920
56500 857 919
57000 857 921
57500 857 919
58000 857 920
58500 857 920
59000 857 921
59500 857 920
60000 857 918
60500 857 920
61000 857 920
61500 857 920
62000 857 919
62500 857 920
63000 857 919
63500 857 919
64000 857 920
64500 857 919
65000 857 921
65500 857 920
66000 857 919
66500 857 918
67000 857 920
67500 857 919
68000 857 919
68500 857 920
69000 857 920
69500 857 921
70000 857 919
70500 857 919
71000 857 918
71500 857 920
72000 857 919
72500 857 918
73000 857 920
73500 857 920
74000 857 921
74500 857 920
75000 857 920
75500 857 920
76000 857 919
76500 857 921
77000 857 919
77500 857 919
78000 857 919
78500 857 921
79000 857 921
79500 857 920
80000 857 919
80500 857 920
81000 857 919
81500 857 921
82000 857 919
82500 857 918
83000 857 920
83500 857 921
84000 857 919
84500 857 920
85000 857 921
85500 857 919
86000 857 919
86500 857 918
87000 857 921
87500 857 920
88000 857 919
88500 857 920
89000 857 920
89500 857 920
90000 857 920
90500 857 920
91000 857 920
91500 857 919
92000 857 920
92500 857 921
93000 857 920
93500 857 921
94000 857 920
94500 857 918
95000 857 919
95500 857 920
96000 857 919
96500 857 920
97000 857 921
97500 857 920
98000 857 919
98500 857 920
99000 857 921
99500 857 920
100000 857 920
100500 857 920
101000 857 920
101500 857 920
102000 857 919
102500 857 920
103000 857 920
103500 857 920
104000 857 919
104500 857 921
105000 857 920
105500 857 918
106000 857 921
106500 857 920
107000 857 921
107500 857 919
108000 857 920
108500 857 919
109000 857 919
109500 857 921
110000 857 921
110500 857 920
111000 857 919
111500 857 919
112000 857 920
112500 857 920
113000 857 921
113500 857 919
114000 857 919
114500 857 920
115000 857 919
115500 857 921
116000 857 920
116500 857 920
117000 857 917
117500 857 921
118000 857 919
118500 857 920
119000 857 920
119500 857 919
120000 857 920
120500 857 920
121000 857 919
121500 857 919
122000 857 919
122500 857 920
123000 857 921
123500 857 920
124000 857 919
124500 857 919
125000 857 920
125500 857 919
126000 857 920
126500 857 920
127000 857 919
127500 857 920
128000 857 920
128500 857 919
129000 857 918
129500 857 920
130000 857 920
130500 857 918
131000 857 921
131500 857 920
132000 857 921
132500 857 919
133000 857 918
133500 857 918
134000 857 919
134500 857 919
135000 857 919
135500 857 920
136000 857 919
136500 857 919
137000 857 919
137500 857 920
138000 857 919
138500 857 919
139000 857 919
139500 857 919
140000 857 921
140500 857 920
141000 857 920
141500 857 920
142000 857 921
142500 857 920
143000 857 919
143500 857 919
144000 857 920
144500 857 920
145000 857 919
145500 857 918
146000 857 920
146500 857 919
147000 857 919
147500 857 919
148000 857 920
148500 857 919
149000 857 919
149500 857 920
150000 857 918
150500 857 919
151000 857 919
151500 857 920
152000 857 921
152500 857 920
153000 857 919
153500 857 919
154000 857 919
154500 857 920
155000 857 920
155500 857 920
156000 857 920
156500 857 919
157000 857 921
157500 857 919
158000 857 920
158500 857 919
159000 857 920
159500 857 919
160000 857 921
160500 857 919
161000 857 919
161500 857 919
162000 857 920
162500 857 918
163000 857 920
163500 857 919
164000 857 919
164500 857 920
165000 857 919
165500 857 919
166000 857 919
166500 857 920
167000 857 920
167500 857 921
168000 857 920
168500 857 920
169000 857 919
169500 857 920
170000 857 920
170500 857 920
171000 857 919
171500 857 919
172000 857 921
172500 857 919
173000 857 920
173500 857 919
174000 857 919
174500 857 920
175000 857 920
175500 857 921
176000 857 919
176500 857 918
177000 857 920
177500 857 919
178000 857 920
178500 857 919
179000 857 920
179500 857 921
180000 857 919
180500 857 920
181000 857 920
181500 857 919
182000 857 919
182500 857 921
183000 857 919
183500 857 918
184000 857 921
184500 857 920
185000 857 920
185500 857 919
186000 857 918
186500 857 920
187000 857 920
187500 857 920
188000 857 921
188500 857 919
189000 857 920
189500 857 920
190000 857 920
190500 857 920
191000 857 921
191500 857 920
192000 857 919
192500 857 921
193000 857 920
193500 857 920
194000 857 920
194500 857 919
195000 857 920
195500 857 920
196000 857 919
196500 857 920
197000 857 918
197500 857 919
198000 857 919
198500 857 921
199000 857 920
199500 857 918
200000 857 920
200500 857 920
201000 857 920
e
