0 888 907
500 846 850
1000 814 821
1500 799 808
2000 789 802
2500 772 785
3000 763 775
3500 746 757
4000 743 762
4500 739 755
5000 726 744
5500 724 739
6000 716 744
6500 714 744
7000 709 726
7500 700 726
8000 698 727
8500 692 717
9000 690 718
9500 686 714
10000 680 705
10500 679 709
11000 677 714
11500 671 709
12000 667 706
12500 663 695
13000 659 688
13500 655 684
14000 649 695
14500 643 696
15000 634 664
15500 632 669
16000 630 665
16500 622 665
17000 622 667
17500 616 664
18000 608 666
18500 606 669
19000 600 655
19500 599 656
20000 593 638
20500 584 618
21000 582 641
21500 582 634
22000 579 633
22500 575 638
23000 570 632
23500 570 627
24000 560 628
24500 551 634
25000 551 617
25500 546 619
26000 539 605
26500 532 614
27000 532 606
27500 528 611
28000 518 605
28500 516 616
29000 514 599
29500 513 614
30000 513 627
30500 512 611
31000 509 577
31500 508 571
32000 508 593
32500 503 566
33000 500 586
33500 499 547
34000 496 572
34500 492 575
35000 489 565
35500 489 605
36000 488 569
36500 486 589
37000 484 588
37500 482 595
38000 477 582
38500 476 593
39000 473 588
39500 472 572
40000 470 563
40500 465 574
41000 463 559
41500 462 550
42000 459 538
42500 455 569
43000 454 541
43500 453 568
44000 453 567
44500 448 557
45000 448 541
45500 448 568
46000 448 537
46500 447 530
47000 446 551
47500 443 564
48000 442 569
48500 442 568
49000 441 582
49500 438 522
50000 436 552
50500 436 553
51000 433 585
51500 432 539
52000 428 532
52500 426 556
53000 426 543
53500 422 514
54000 421 565
54500 417 537
55000 416 532
55500 416 520
56000 411 520
56500 409 524
57000 406 524
57500 406 530
58000 406 548
58500 406 499
59000 405 531
59500 400 534
60000 398 549
60500 398 524
61000 397 509
61500 394 514
62000 391 530
62500 390 544
63000 386 504
63500 386 493
64000 385 496
64500 381 524
65000 380 518
65500 379 515
66000 379 498
66500 378 528
67000 375 524
67500 373 528
68000 373 490
68500 370 482
69000 370 524
69500 370 491
70000 370 503
70500 370 499
71000 370 484
71500 369 503
72000 367 489
72500 365 469
73000 363 542
73500 361 497
74000 357 490
74500 355 469
75000 354 489
75500 353 474
76000 353 500
76500 351 506
77000 351 467
77500 349 485
78000 348 513
78500 348 473
79000 348 489
79500 347 486
80000 346 502
80500 346 486
81000 346 487
81500 344 477
82000 343 450
82500 342 503
83000 340 460
83500 340 462
84000 339 469
84500 338 473
85000 337 460
85500 337 491
86000 337 478
86500 337 460
87000 336 467
87500 335 446
88000 334 497
88500 334 483
89000 333 449
89500 333 459
90000 332 483
90500 332 492
91000 332 489
91500 330 475
92000 328 452
92500 327 484
93000 327 460
93500 327 445
94000 327 464
94500 327 510
95000 325 459
95500 325 480
96000 324 473
96500 324 507
97000 324 485
97500 324 456
98000 322 462
98500 321 457
99000 320 468
99500 319 481
100000 319 441
100500 317 445
101000 316 447
101500 314 467
102000 314 470
102500 314 486
103000 313 466
103500 313 474
104000 312 481
104500 312 448
105000 309 505
105500 307 465
106000 306 431
106500 306 472
107000 304 432
107500 304 449
108000 304 443
108500 303 476
109000 303 461
109500 303 468
110000 303 470
110500 301 487
111000 301 444
111500 301 469
112000 300 437
112500 299 457
113000 299 446
113500 299 450
114000 299 452
114500 299 463
115000 298 473
115500 298 467
116000 298 431
116500 297 454
117000 294 453
117500 293 446
118000 293 486
118500 293 470
119000 293 421
119500 293 468
120000 293 442
120500 293 463
121000 292 445
121500 291 442
122000 291 461
122500 291 423
123000 291 415
123500 291 436
124000 290 421
124500 290 435
125000 290 441
125500 289 469
126000 289 426
126500 289 435
127000 288 417
127500 288 482
128000 288 456
128500 287 430
129000 285 456
129500 285 442
130000 284 442
130500 284 441
131000 283 487
131500 283 470
132000 283 422
132500 283 431
133000 283 420
133500 282 452
134000 282 435
134500 282 440
135000 282 450
135500 280 445
136000 280 450
136500 280 446
137000 278 447
137500 278 436
138000 278 442
138500 277 443
139000 275 441
139500 275 476
140000 275 428
140500 274 419
141000 273 443
141500 273 456
142000 272 437
142500 272 410
143000 272 439
143500 269 451
144000 269 415
144500 267 448
145000 266 424
145500 266 412
146000 266 420
146500 266 467
147000 266 410
147500 265 449
148000 265 431
148500 265 420
149000 265 419
149500 265 425
150000 265 418
150500 265 463
151000 265 444
151500 265 424
152000 265 433
152500 265 437
153000 264 423
153500 264 470
154000 264 411
154500 264 435
155000 264 417
155500 264 429
156000 264 406
156500 263 449
157000 263 419
157500 263 410
158000 263 449
158500 263 417
159000 263 427
159500 263 462
160000 262 429
160500 262 388
161000 262 392
161500 258 428
162000 257 424
162500 257 435
163000 257 416
163500 257 456
164000 256 412
164500 256 384
165000 256 428
165500 256 412
166000 255 439
166500 255 418
167000 255 429
167500 254 420
168000 254 441
168500 254 402
169000 254 429
169500 253 438
170000 253 417
170500 253 425
171000 251 461
171500 251 405
172000 250 425
172500 250 455
173000 250 396
173500 250 391
174000 250 393
174500 250 407
175000 250 417
175500 250 423
176000 250 410
176500 249 448
177000 249 422
177500 249 416
178000 249 405
178500 249 413
179000 248 372
179500 248 384
180000 248 410
180500 248 394
181000 248 421
181500 248 411
182000 248 473
182500 248 422
183000 248 460
183500 248 407
184000 248 403
184500 247 427
185000 247 384
185500 247 434
186000 247 422
186500 246 411
187000 246 455
187500 246 404
188000 245 420
188500 245 387
189000 244 394
189500 244 421
190000 244 440
190500 244 393
191000 242 420
191500 240 415
192000 240 449
192500 240 435
193000 240 418
193500 239 408
194000 239 414
194500 239 382
195000 238 426
195500 238 376
196000 238 385
196500 238 431
197000 237 400
197500 237 414
198000 237 404
198500 237 399
199000 236 383
199500 236 432
200000 236 374
200500 236 412
201000 236 426
201500 236 435
202000 236 408
202500 236 428
203000 236 405
203500 236 420
204000 236 376
204500 235 403
205000 235 413
205500 235 434
206000 235 409
206500 235 421
207000 235 422
207500 235 408
208000 235 418
208500 234 395
209000 234 438
209500 234 424
210000 234 425
210500 234 384
211000 234 402
211500 233 403
212000 233 427
212500 233 372
213000 233 393
213500 232 377
214000 232 422
214500 232 394
215000 232 401
215500 232 387
216000 232 441
216500 231 375
217000 231 410
217500 231 444
218000 231 393
218500 231 427
219000 230 360
219500 230 409
220000 230 432
220500 230 463
221000 230 412
221500 230 410
222000 230 363
222500 230 409
223000 230 436
223500 230 379
224000 229 422
224500 229 390
225000 229 412
225500 229 403
226000 229 409
226500 229 385
227000 228 399
227500 227 376
228000 227 411
228500 226 379
229000 226 377
229500 226 398
230000 225 422
230500 225 349
231000 224 378
231500 224 376
232000 224 398
232500 224 398
233000 224 445
233500 224 418
234000 224 414
234500 224 423
235000 223 391
235500 223 392
236000 223 395
236500 223 415
237000 223 399
237500 223 426
238000 223 405
238500 223 395
239000 223 406
239500 223 401
240000 223 418
240500 223 385
241000 223 420
241500 223 348
242000 222 391
242500 222 383
243000 222 406
243500 222 385
244000 222 394
244500 222 409
245000 222 408
245500 222 396
246000 222 402
246500 222 381
247000 222 388
247500 222 387
248000 222 399
248500 222 425
249000 222 405
249500 222 386
250000 221 395
250500 221 377
251000 221 406
251500 221 438
252000 221 407
252500 220 393
253000 220 433
253500 220 394
254000 220 395
254500 220 398
255000 220 425
255500 220 407
256000 220 374
256500 219 415
257000 219 404
257500 219 408
258000 219 418
258500 219 387
259000 219 394
259500 219 404
260000 219 367
260500 219 376
261000 218 393
261500 218 404
262000 218 424
262500 218 394
263000 218 380
263500 217 396
264000 217 406
264500 217 383
265000 217 378
265500 217 379
266000 216 397
266500 216 407
267000 215 391
267500 215 366
268000 215 417
268500 215 398
269000 215 371
269500 215 421
270000 215 390
270500 215 369
271000 215 369
271500 215 371
272000 215 428
272500 215 403
273000 215 363
273500 214 432
274000 214 398
274500 214 381
275000 214 416
275500 214 388
276000 214 407
276500 213 372
277000 213 408
277500 213 385
278000 212 413
278500 212 355
279000 211 380
279500 211 359
280000 211 356
280500 211 372
281000 211 385
281500 210 421
282000 209 442
282500 207 400
283000 207 402
283500 207 386
284000 207 365
284500 207 385
285000 207 378
285500 207 345
286000 207 386
286500 207 416
287000 207 430
287500 207 368
288000 207 334
288500 207 408
289000 207 364
289500 207 386
290000 207 344
290500 206 379
291000 206 384
291500 206 374
292000 206 373
292500 206 374
293000 206 395
293500 206 387
294000 206 399
294500 205 446
295000 205 412
295500 205 379
296000 205 415
296500 205 366
297000 205 379
297500 205 415
298000 205 370
298500 205 349
299000 205 401
299500 205 366
300000 205 397
300500 204 409
301000 204 356
301500 204 428
302000 204 399
302500 204 398
303000 204 361
303500 204 405
304000 202 353
304500 202 407
305000 202 363
305500 202 381
306000 202 384
306500 202 383
307000 202 414
307500 202 401
308000 201 414
308500 201 375
309000 201 364
309500 201 370
310000 201 389
310500 201 353
311000 201 377
311500 201 366
312000 201 410
312500 201 422
313000 201 387
313500 201 356
314000 201 407
314500 201 383
315000 201 348
315500 201 379
316000 201 366
316500 201 332
317000 201 405
317500 200 427
318000 200 361
318500 200 405
319000 200 387
319500 200 408
320000 200 403
320500 200 383
321000 200 349
321500 200 376
322000 200 417
322500 200 401
323000 200 351
323500 200 362
324000 200 388
324500 200 391
325000 200 413
325500 200 363
326000 200 378
326500 200 370
327000 200 375
327500 200 367
328000 200 445
328500 199 359
329000 199 378
329500 199 382
330000 199 422
330500 199 385
331000 199 359
331500 199 398
332000 199 384
332500 199 378
333000 198 369
333500 198 372
334000 198 378
334500 198 456
335000 197 397
335500 197 399
336000 197 374
336500 197 406
337000 197 390
337500 197 373
338000 197 410
338500 197 352
339000 196 363
339500 196 361
340000 196 374
340500 196 371
341000 196 345
341500 196 346
342000 196 378
342500 196 395
343000 196 413
343500 195 398
344000 195 430
344500 195 387
345000 195 336
345500 195 381
346000 195 370
346500 195 331
347000 194 391
347500 194 401
348000 194 383
348500 194 363
349000 194 439
349500 194 372
350000 194 353
350500 194 383
351000 194 393
351500 194 405
352000 194 357
352500 194 399
353000 194 367
353500 194 395
354000 194 367
354500 193 398
355000 193 414
355500 193 388
356000 193 393
356500 193 392
357000 193 403
357500 193 417
358000 193 385
358500 192 374
359000 192 361
359500 192 369
360000 192 397
360500 192 368
361000 191 370
361500 191 370
362000 191 435
362500 191 403
363000 191 368
363500 191 383
e
