0 170 171
500 145 150
1000 134 139
1500 132 138
2000 130 135
2500 126 129
3000 122 126
3500 114 121
4000 112 117
4500 105 113
5000 103 106
5500 102 108
6000 100 109
6500 98 113
7000 94 107
7500 93 100
8000 91 106
8500 89 103
9000 88 99
9500 88 98
10000 87 97
10500 87 96
11000 85 95
11500 84 98
12000 84 93
12500 84 92
13000 82 94
13500 81 93
14000 81 90
14500 81 92
15000 81 100
15500 80 90
16000 78 99
16500 77 91
17000 73 84
17500 72 86
18000 72 79
18500 72 80
19000 71 86
19500 71 96
20000 71 80
20500 70 81
21000 70 84
21500 70 83
22000 70 82
22500 69 84
23000 69 86
23500 69 83
24000 69 81
24500 69 87
25000 69 82
25500 68 76
26000 68 84
26500 67 78
27000 66 84
27500 66 77
28000 66 84
28500 66 85
29000 66 83
29500 66 83
30000 66 77
30500 66 76
31000 66 84
31500 66 82
32000 66 80
32500 65 86
33000 65 74
33500 65 89
34000 65 78
34500 65 75
35000 65 84
35500 65 79
36000 65 78
36500 64 80
37000 64 83
37500 64 80
38000 64 85
38500 64 81
39000 64 80
39500 64 79
40000 64 77
40500 64 76
41000 64 80
41500 63 80
42000 63 73
42500 63 79
43000 63 76
43500 63 84
44000 63 73
44500 63 83
45000 63 79
45500 63 88
46000 63 77
46500 63 75
47000 63 78
47500 63 74
48000 63 75
48500 63 79
49000 63 84
49500 63 69
50000 63 83
50500 63 83
51000 63 73
51500 63 80
52000 62 74
52500 62 85
53000 62 76
53500 62 81
54000 62 77
54500 62 82
55000 62 82
55500 62 80
56000 62 83
56500 61 74
57000 61 75
57500 61 78
58000 61 77
58500 61 84
59000 61 78
59500 61 80
60000 61 85
60500 61 74
61000 61 82
61500 61 80
62000 61 69
62500 60 82
63000 60 73
63500 60 69
64000 60 69
64500 60 79
65000 60 76
65500 60 72
66000 60 68
66500 60 66
67000 60 78
67500 60 85
68000 60 70
68500 60 74
69000 59 72
69500 59 73
70000 59 75
70500 59 70
71000 59 76
71500 59 67
72000 59 66
72500 59 80
73000 59 77
73500 58 73
74000 58 77
74500 58 72
75000 58 87
75500 58 77
76000 58 69
76500 58 83
77000 58 75
77500 58 79
78000 58 76
78500 58 73
79000 58 77
79500 58 77
80000 58 69
80500 57 69
81000 57 75
81500 57 68
82000 57 65
82500 57 90
83000 57 75
83500 57 84
84000 57 72
84500 57 73
85000 57 80
85500 57 74
86000 57 74
86500 57 73
87000 57 82
87500 57 73
88000 57 75
88500 57 75
89000 57 71
89500 57 74
90000 57 75
90500 57 78
91000 57 70
91500 57 68
92000 56 74
92500 56 71
93000 55 70
93500 55 78
94000 55 68
94500 55 73
95000 55 69
95500 55 70
96000 55 73
96500 55 68
97000 55 75
97500 55 68
98000 55 67
98500 55 70
99000 55 63
99500 55 72
100000 55 63
100500 55 70
101000 55 77
101500 55 67
102000 55 73
102500 55 71
103000 55 71
103500 55 77
104000 55 70
104500 55 67
105000 55 73
105500 55 76
106000 55 70
106500 54 71
107000 54 84
107500 54 72
108000 54 77
108500 54 74
109000 54 77
109500 54 75
110000 54 77
110500 54 77
111000 54 69
111500 54 73
112000 54 66
112500 54 73
113000 54 76
113500 54 73
114000 54 69
114500 54 75
115000 54 74
115500 54 77
116000 54 81
116500 54 71
117000 54 74
117500 54 67
118000 54 73
118500 54 66
119000 54 80
119500 54 80
120000 54 75
120500 54 71
121000 54 66
121500 54 71
122000 54 66
122500 54 71
123000 54 73
123500 54 74
124000 54 78
124500 54 72
125000 54 67
125500 54 71
126000 54 68
126500 54 72
127000 54 70
127500 54 73
128000 54 68
128500 54 74
129000 54 74
129500 54 61
130000 54 70
130500 54 79
131000 54 83
131500 54 61
132000 54 67
132500 54 67
133000 54 63
133500 54 69
134000 54 68
134500 54 73
135000 53 72
135500 53 72
136000 53 67
136500 53 74
137000 53 72
137500 53 74
138000 53 70
138500 53 66
139000 53 68
139500 53 67
140000 53 64
140500 53 74
141000 53 68
141500 53 82
142000 53 69
142500 53 78
143000 53 72
143500 53 67
144000 53 71
144500 53 68
145000 53 72
145500 53 70
146000 53 69
146500 53 70
147000 53 67
147500 53 71
148000 53 72
148500 53 73
149000 53 72
149500 53 65
150000 53 74
150500 53 72
151000 53 72
151500 53 70
152000 53 69
152500 53 63
153000 53 81
153500 53 73
154000 53 70
154500 53 61
155000 53 76
155500 53 70
156000 53 73
156500 53 73
157000 53 62
157500 53 75
158000 53 65
158500 53 66
159000 53 69
159500 53 62
160000 53 67
160500 53 71
161000 53 74
161500 53 73
162000 53 73
162500 53 76
163000 53 68
163500 53 71
164000 53 81
164500 53 75
165000 53 75
165500 53 66
166000 53 74
166500 53 72
167000 53 70
167500 53 71
168000 53 76
168500 53 77
169000 53 68
169500 53 62
170000 53 70
170500 53 73
171000 53 68
171500 52 65
172000 52 59
172500 52 69
173000 52 66
173500 52 60
174000 52 75
174500 52 74
175000 52 66
175500 52 76
176000 52 70
176500 52 78
177000 52 72
177500 52 72
178000 52 67
178500 52 70
179000 52 69
179500 52 71
180000 52 73
180500 52 64
181000 52 74
181500 52 66
182000 52 69
182500 52 65
183000 52 61
183500 52 79
184000 52 78
184500 52 62
185000 52 62
185500 52 64
186000 52 62
186500 52 66
187000 52 70
187500 52 73
188000 52 69
188500 52 76
189000 52 69
189500 52 74
190000 52 67
190500 52 73
191000 52 69
191500 52 77
192000 52 60
192500 52 67
193000 52 69
193500 52 68
194000 52 75
194500 52 63
195000 52 74
195500 52 59
196000 52 78
196500 52 64
197000 52 76
197500 52 71
198000 52 71
198500 52 61
199000 52 69
199500 52 68
200000 52 74
200500 52 76
201000 52 69
201500 52 73
202000 52 62
202500 52 70
203000 52 72
203500 52 61
204000 52 78
204500 52 74
205000 52 65
205500 52 73
206000 52 81
206500 52 66
207000 52 79
207500 52 68
208000 52 71
208500 52 70
209000 52 72
209500 52 69
210000 52 67
210500 52 72
211000 52 71
211500 52 64
212000 52 63
212500 52 67
213000 52 66
213500 52 76
214000 52 68
214500 52 60
215000 52 61
215500 52 72
216000 52 70
216500 52 74
217000 52 65
217500 52 66
218000 52 70
218500 52 68
219000 52 70
219500 52 66
220000 52 74
220500 52 67
221000 52 71
221500 52 68
222000 52 58
222500 52 71
223000 52 70
223500 52 71
224000 52 66
224500 52 70
225000 52 72
225500 52 77
226000 52 69
226500 52 79
227000 52 68
227500 52 73
228000 52 72
228500 52 72
229000 52 66
229500 52 74
230000 52 71
230500 52 61
231000 52 73
231500 52 71
232000 52 76
232500 52 73
233000 52 71
233500 52 64
234000 52 75
234500 52 73
235000 52 70
235500 52 63
236000 52 68
236500 52 75
237000 52 67
237500 52 68
238000 52 65
238500 52 68
239000 52 70
239500 52 73
240000 52 65
240500 52 63
241000 52 71
241500 52 77
242000 52 78
242500 52 72
243000 52 73
243500 52 64
244000 52 74
244500 52 67
245000 52 69
245500 52 76
246000 52 74
246500 52 78
247000 52 65
247500 52 63
248000 52 68
248500 52 75
249000 52 61
249500 52 68
250000 52 71
250500 52 69
251000 52 67
251500 52 74
252000 52 69
252500 52 67
253000 52 76
253500 52 65
254000 52 76
254500 52 65
255000 52 68
255500 52 75
256000 52 82
256500 52 77
257000 52 66
257500 52 76
258000 52 70
258500 52 77
259000 52 71
259500 52 66
260000 52 68
260500 52 69
261000 52 75
261500 52 72
262000 52 75
262500 52 67
263000 52 69
263500 52 65
264000 52 65
264500 52 68
265000 52 70
265500 52 68
266000 52 65
266500 52 69
267000 52 65
267500 52 72
268000 52 71
268500 52 63
269000 52 65
269500 52 73
270000 52 65
270500 52 68
271000 52 71
271500 52 69
272000 52 69
272500 52 74
273000 52 63
273500 52 70
274000 52 72
274500 52 71
275000 52 68
275500 52 71
276000 52 58
276500 52 72
277000 52 71
277500 52 80
278000 52 70
278500 52 62
279000 52 74
279500 52 68
280000 52 72
280500 52 62
281000 52 65
281500 52 69
282000 52 72
282500 52 72
283000 52 72
283500 52 71
284000 52 75
284500 52 68
285000 52 69
285500 52 76
286000 52 80
286500 52 78
287000 52 72
287500 52 67
288000 52 74
288500 52 65
289000 52 80
289500 52 72
290000 52 67
290500 52 68
291000 52 70
291500 52 70
292000 52 66
292500 52 74
293000 52 76
293500 52 77
294000 52 75
294500 52 67
295000 52 62
295500 52 63
296000 51 71
296500 51 73
297000 51 74
297500 51 75
298000 51 65
298500 51 69
299000 51 71
299500 51 74
300000 51 68
300500 51 63
301000 51 67
301500 51 62
302000 51 69
302500 51 67
303000 51 70
303500 51 67
304000 51 62
304500 51 72
305000 51 77
305500 51 63
306000 51 80
306500 51 71
307000 51 78
307500 51 73
308000 51 65
308500 51 72
309000 51 80
309500 51 74
310000 51 65
310500 51 66
311000 51 72
311500 51 75
312000 51 70
312500 51 63
313000 51 66
313500 51 70
314000 51 65
314500 51 63
315000 51 65
315500 51 73
316000 51 68
316500 51 77
317000 51 68
317500 51 62
318000 51 63
318500 51 73
319000 51 72
319500 51 76
320000 51 72
320500 51 76
321000 51 69
321500 51 77
322000 51 73
322500 51 70
323000 51 77
323500 51 69
324000 51 78
324500 51 67
325000 51 72
325500 51 74
326000 51 68
326500 51 80
327000 51 65
327500 51 67
328000 51 69
328500 51 71
329000 51 68
329500 51 66
330000 51 74
330500 51 74
331000 51 67
331500 51 70
332000 51 70
332500 51 70
333000 51 76
333500 51 77
334000 51 71
334500 51 77
335000 51 60
335500 51 65
336000 51 75
336500 51 64
337000 51 55
337500 51 65
338000 51 67
338500 51 76
339000 51 66
339500 51 66
340000 51 76
340500 51 67
341000 51 70
341500 51 71
342000 51 71
342500 51 76
343000 51 74
343500 51 67
344000 51 65
344500 51 67
345000 51 66
345500 51 73
346000 51 71
346500 51 70
347000 51 75
347500 51 79
348000 51 73
348500 51 65
349000 51 75
349500 51 69
350000 51 64
350500 51 58
351000 51 75
351500 51 64
352000 51 67
352500 51 72
353000 51 69
353500 51 72
354000 51 63
354500 51 70
355000 51 64
355500 51 66
356000 51 74
356500 51 69
357000 51 82
357500 51 71
358000 51 74
358500 51 69
359000 51 67
359500 51 70
360000 51 65
360500 51 58
361000 51 68
361500 51 73
362000 51 63
362500 51 64
363000 51 65
363500 51 63
364000 51 69
364500 51 70
365000 51 75
365500 51 65
366000 51 82
366500 51 59
367000 51 70
367500 51 59
368000 51 74
368500 51 64
369000 51 67
369500 51 79
370000 51 70
370500 51 67
371000 51 63
371500 51 73
372000 51 75
372500 51 60
373000 51 64
373500 51 69
374000 51 64
374500 51 66
375000 51 71
375500 51 72
376000 51 76
376500 51 62
377000 51 78
377500 51 76
378000 51 61
378500 51 68
379000 51 63
379500 51 69
380000 51 76
380500 51 60
381000 51 76
381500 51 74
382000 51 73
382500 51 65
383000 51 63
383500 51 69
384000 51 72
384500 51 68
385000 51 79
385500 51 66
386000 51 75
386500 51 71
387000 51 69
387500 51 68
388000 51 63
388500 51 76
389000 51 72
389500 51 64
390000 51 67
390500 51 62
391000 51 77
391500 51 76
392000 51 61
392500 51 72
393000 51 75
393500 51 63
394000 51 68
394500 51 75
395000 51 80
395500 51 69
396000 51 65
396500 51 64
397000 51 65
397500 51 62
398000 51 63
398500 51 70
399000 51 68
399500 51 62
400000 51 63
400500 51 70
401000 51 69
401500 51 65
402000 51 76
402500 51 70
403000 51 70
403500 51 75
404000 51 70
404500 51 72
405000 51 71
405500 51 69
406000 51 70
406500 51 62
407000 51 77
407500 51 68
408000 51 65
408500 51 74
409000 51 60
409500 51 69
410000 51 81
410500 51 69
411000 51 71
411500 51 66
412000 51 67
412500 51 66
413000 51 75
413500 51 76
414000 51 67
414500 51 61
415000 51 69
415500 51 71
416000 51 67
416500 51 73
417000 51 71
417500 51 72
418000 51 74
418500 51 68
419000 51 65
419500 51 69
420000 51 76
420500 51 72
421000 51 61
421500 51 64
422000 51 68
422500 51 64
423000 51 66
423500 51 69
424000 51 69
424500 51 70
425000 51 69
425500 51 64
426000 51 74
426500 51 70
427000 51 65
427500 51 77
428000 51 66
428500 51 65
429000 51 72
429500 51 73
430000 51 60
430500 51 70
431000 51 74
431500 51 72
432000 51 62
432500 51 66
433000 51 71
433500 51 65
434000 51 65
434500 51 66
435000 51 69
435500 51 71
436000 51 65
436500 51 71
437000 51 67
437500 51 75
438000 51 82
438500 51 74
439000 51 69
439500 51 68
440000 51 70
440500 51 67
441000 51 61
441500 51 77
442000 51 80
442500 51 69
443000 51 67
443500 51 82
444000 51 70
444500 51 65
445000 51 75
445500 51 71
446000 51 76
446500 51 75
447000 51 64
447500 51 72
448000 51 66
448500 51 72
449000 51 76
449500 51 69
450000 51 70
450500 51 64
451000 51 70
451500 51 65
452000 51 68
452500 51 66
453000 51 81
453500 51 57
454000 51 64
454500 51 65
455000 51 61
455500 51 64
456000 51 69
456500 51 68
457000 51 65
457500 51 69
458000 51 74
458500 51 79
459000 51 69
459500 51 66
460000 51 66
460500 51 75
461000 51 79
461500 51 74
462000 51 72
462500 51 75
463000 51 70
463500 51 66
464000 51 66
464500 51 70
465000 51 69
465500 51 62
466000 51 68
466500 51 73
467000 51 73
467500 51 66
468000 51 70
468500 51 76
469000 51 65
469500 51 65
470000 51 70
470500 51 73
471000 51 73
471500 51 74
472000 51 66
472500 51 73
473000 51 72
473500 51 66
474000 51 74
474500 51 74
475000 51 76
475500 51 66
476000 51 71
476500 51 69
477000 51 68
477500 51 73
478000 51 66
478500 51 71
479000 51 57
479500 51 69
480000 51 72
480500 51 66
481000 51 61
481500 51 70
482000 51 61
482500 51 72
483000 51 69
483500 51 62
484000 51 72
484500 51 61
485000 51 67
485500 51 70
486000 51 70
486500 51 71
487000 51 77
487500 51 65
488000 51 71
488500 51 75
489000 51 73
489500 51 73
490000 51 63
490500 51 75
491000 51 71
491500 51 65
492000 51 68
492500 51 68
493000 51 67
493500 51 76
494000 50 66
494500 50 71
495000 50 64
495500 50 70
496000 50 67
496500 50 63
497000 50 68
497500 50 70
498000 50 68
498500 50 66
499000 50 71
499500 50 71
500000 50 72
500500 50 70
501000 50 70
501500 50 78
502000 50 77
502500 50 65
503000 50 67
503500 50 67
504000 50 64
504500 49 70
505000 49 67
505500 49 69
506000 49 69
506500 49 66
507000 49 84
507500 49 67
508000 49 71
508500 49 68
509000 49 76
509500 49 63
510000 49 78
510500 49 63
511000 49 57
511500 49 56
512000 49 68
512500 49 61
513000 49 71
513500 49 75
514000 49 74
514500 49 67
515000 49 64
515500 49 62
516000 49 84
516500 49 68
517000 49 71
517500 49 65
518000 49 68
518500 49 70
519000 49 65
519500 49 75
520000 49 61
520500 49 71
521000 49 62
521500 49 70
522000 49 72
522500 49 63
523000 49 68
523500 49 58
524000 49 70
524500 49 64
525000 49 74
525500 49 70
526000 49 70
526500 49 70
527000 49 55
527500 49 62
528000 49 64
528500 49 71
529000 49 78
529500 49 76
530000 49 61
530500 49 71
531000 49 63
531500 49 67
532000 49 76
532500 49 60
533000 49 66
533500 49 67
534000 49 67
534500 49 66
535000 49 73
535500 49 83
536000 49 64
536500 49 72
537000 49 74
537500 49 73
538000 49 69
538500 49 67
539000 49 65
539500 49 73
540000 49 62
540500 49 72
541000 49 74
541500 49 70
542000 49 67
542500 49 67
543000 49 73
543500 49 70
544000 49 69
544500 49 65
545000 49 65
545500 49 70
546000 49 66
546500 49 77
547000 49 70
547500 49 64
548000 49 67
548500 49 83
549000 49 69
549500 49 63
550000 49 72
550500 49 64
551000 49 70
551500 49 68
552000 49 67
552500 49 67
553000 49 78
553500 49 72
554000 49 60
554500 49 61
555000 49 80
555500 49 64
556000 49 69
556500 49 65
557000 49 71
557500 49 75
558000 49 63
558500 49 61
559000 49 70
559500 49 64
560000 49 74
560500 49 59
561000 49 63
561500 49 68
562000 49 56
562500 49 61
563000 49 69
563500 49 73
564000 49 70
564500 49 71
565000 49 74
565500 49 69
566000 49 64
566500 49 67
567000 49 59
567500 49 75
568000 49 76
568500 49 63
569000 49 72
569500 49 68
570000 49 57
570500 49 72
571000 49 66
571500 49 52
572000 49 70
572500 49 63
573000 49 65
573500 49 68
574000 49 76
574500 49 67
575000 49 66
575500 49 75
576000 49 64
576500 49 68
577000 49 69
577500 49 72
578000 49 75
578500 49 78
579000 49 66
579500 49 65
580000 49 62
580500 49 68
581000 49 65
581500 49 63
582000 49 80
582500 49 73
583000 49 63
583500 49 72
584000 49 61
584500 49 71
585000 49 69
585500 49 71
586000 49 72
586500 49 61
587000 49 69
587500 49 72
588000 49 63
588500 49 57
589000 49 65
589500 49 74
590000 49 68
590500 49 69
591000 49 66
591500 49 63
592000 49 65
592500 49 73
593000 49 77
593500 49 69
594000 49 69
594500 49 73
595000 49 68
595500 49 62
596000 49 71
596500 49 64
597000 49 66
597500 49 72
598000 49 68
598500 49 67
599000 49 69
599500 49 66
600000 49 71
600500 49 74
601000 49 61
601500 49 62
602000 49 66
602500 49 62
603000 49 61
603500 49 67
604000 49 67
604500 49 64
605000 49 68
605500 49 64
606000 49 72
606500 49 67
607000 49 65
607500 49 70
608000 49 64
608500 49 70
609000 49 73
609500 49 75
610000 49 64
610500 49 64
611000 49 61
611500 49 71
612000 49 72
612500 49 76
613000 49 61
613500 49 82
614000 49 82
614500 49 63
615000 49 63
615500 49 63
616000 49 65
616500 49 67
617000 49 75
617500 49 67
618000 49 66
618500 49 60
619000 49 77
619500 49 67
620000 49 67
620500 49 79
621000 49 81
621500 49 70
622000 49 79
622500 49 69
623000 49 69
623500 49 77
624000 49 75
624500 49 59
625000 49 73
625500 49 66
626000 49 69
626500 49 68
627000 49 66
627500 49 74
628000 49 66
628500 49 72
629000 49 62
629500 49 70
630000 49 68
630500 49 60
631000 49 60
631500 49 57
632000 49 62
632500 49 63
633000 49 66
633500 49 73
634000 49 63
634500 49 66
635000 49 63
635500 49 75
636000 49 62
636500 49 59
637000 49 63
637500 49 71
638000 49 66
638500 49 66
639000 49 65
639500 49 63
640000 49 69
640500 49 72
641000 49 75
641500 49 65
642000 49 70
642500 49 75
643000 49 63
643500 49 69
644000 49 65
644500 49 67
645000 49 68
645500 49 77
646000 49 69
646500 49 71
647000 49 72
647500 49 69
648000 49 71
648500 49 71
649000 49 64
649500 49 68
650000 49 61
650500 49 67
651000 49 65
651500 49 68
652000 49 68
652500 49 60
653000 49 68
653500 49 58
654000 49 72
654500 49 68
655000 49 77
655500 49 68
656000 49 71
656500 49 64
657000 49 72
657500 49 67
658000 49 71
658500 49 68
659000 49 72
659500 49 69
660000 49 79
660500 49 69
661000 49 62
661500 49 58
662000 49 67
662500 49 75
663000 49 65
663500 49 77
664000 49 70
664500 49 64
665000 49 69
665500 49 72
666000 49 68
666500 49 78
667000 49 64
667500 49 72
668000 49 67
668500 49 65
669000 49 76
669500 49 58
670000 49 67
670500 49 66
671000 49 77
671500 49 67
672000 49 71
672500 49 76
673000 49 61
673500 49 71
674000 49 73
674500 49 64
675000 49 76
675500 49 79
676000 49 63
676500 49 65
677000 49 64
677500 49 80
678000 49 67
678500 49 65
679000 49 74
679500 49 70
680000 49 71
680500 49 67
681000 49 61
681500 49 64
682000 49 70
682500 49 66
683000 49 64
683500 49 69
684000 49 73
684500 49 67
685000 49 67
685500 49 58
686000 49 69
686500 49 68
687000 49 61
687500 49 65
688000 49 57
688500 49 74
689000 49 66
689500 49 65
690000 49 61
690500 49 69
691000 49 70
691500 49 66
692000 49 63
692500 49 65
693000 49 69
693500 49 74
694000 49 69
694500 49 70
695000 49 72
695500 49 71
696000 49 78
696500 49 70
697000 49 60
697500 49 66
698000 49 72
698500 49 67
699000 49 62
699500 49 68
700000 49 67
700500 49 79
701000 49 65
701500 49 62
702000 49 64
702500 49 73
703000 49 70
703500 49 64
704000 49 68
704500 49 66
705000 49 60
705500 49 58
706000 49 61
706500 49 63
707000 49 76
707500 49 66
708000 49 58
708500 49 64
709000 49 64
709500 49 69
710000 49 64
710500 49 72
711000 49 65
711500 49 66
712000 49 64
712500 49 71
713000 49 66
713500 49 62
714000 49 67
714500 49 67
715000 49 67
715500 49 65
716000 49 64
716500 49 70
717000 49 78
717500 49 64
718000 49 59
718500 49 66
719000 49 70
719500 49 72
720000 49 66
720500 49 63
721000 49 74
721500 49 65
722000 49 70
722500 49 59
723000 49 70
723500 49 62
724000 49 62
724500 49 64
725000 49 66
725500 49 58
726000 49 74
726500 49 67
727000 49 63
727500 49 64
728000 49 72
728500 49 68
729000 49 71
729500 49 56
730000 49 62
730500 49 66
731000 49 67
731500 49 75
732000 49 62
732500 49 65
733000 49 73
733500 49 72
734000 49 79
734500 49 66
735000 49 70
735500 49 62
736000 49 72
736500 49 81
737000 49 61
737500 49 73
738000 49 63
738500 49 69
739000 49 64
739500 49 70
740000 49 60
740500 49 69
741000 49 62
741500 49 64
742000 49 73
742500 49 72
743000 49 62
743500 49 67
744000 49 71
744500 49 70
745000 49 69
745500 49 72
746000 49 73
746500 49 62
747000 49 64
747500 49 68
748000 49 69
748500 49 69
749000 49 64
749500 49 69
750000 49 70
750500 49 75
751000 49 69
751500 49 70
752000 49 72
752500 49 75
753000 49 69
753500 49 67
754000 49 72
754500 49 70
755000 49 64
755500 49 64
756000 49 70
756500 49 64
757000 49 70
757500 49 73
758000 49 75
758500 49 62
759000 49 61
759500 49 65
760000 49 67
760500 49 67
761000 49 73
761500 49 58
762000 49 73
762500 49 68
763000 49 56
763500 49 65
764000 49 62
764500 49 71
765000 49 62
765500 49 73
766000 49 68
766500 49 67
767000 49 69
767500 49 71
768000 49 63
768500 49 69
769000 49 67
769500 49 62
770000 49 63
770500 49 70
771000 49 68
771500 49 71
772000 49 67
772500 49 68
773000 49 62
773500 49 68
774000 49 79
774500 49 68
775000 49 67
775500 49 71
776000 49 71
776500 49 66
777000 49 69
777500 49 67
778000 49 64
778500 49 65
779000 49 73
779500 49 73
780000 49 66
780500 49 67
781000 49 68
781500 49 71
782000 49 67
782500 49 71
783000 49 71
783500 49 56
784000 49 78
784500 49 73
785000 49 57
785500 49 59
786000 49 66
786500 49 63
787000 49 66
787500 49 65
788000 49 74
788500 49 64
789000 49 67
789500 49 65
790000 49 62
790500 49 62
791000 49 76
791500 49 61
792000 49 69
792500 49 78
793000 49 60
793500 49 67
794000 49 74
794500 49 53
795000 49 69
795500 49 71
796000 49 74
796500 49 66
797000 49 74
797500 49 67
798000 49 67
798500 49 68
799000 49 66
799500 49 78
800000 49 71
800500 49 67
801000 49 69
801500 49 68
802000 49 58
802500 49 71
803000 49 63
803500 49 62
804000 49 62
804500 49 65
805000 49 63
805500 49 61
806000 49 64
806500 49 63
807000 49 57
807500 49 67
808000 49 71
808500 49 69
809000 49 72
809500 49 64
810000 49 54
810500 49 68
811000 49 71
811500 49 68
812000 49 65
812500 49 69
813000 49 69
813500 49 75
814000 49 66
814500 49 66
815000 49 76
815500 49 65
816000 49 66
816500 49 73
817000 49 63
817500 49 71
818000 49 74
818500 49 76
819000 49 68
819500 49 78
820000 49 63
820500 49 66
821000 49 66
821500 49 63
822000 49 63
822500 49 66
823000 49 66
823500 49 69
824000 49 62
824500 49 65
825000 49 71
825500 49 68
826000 49 73
826500 49 64
827000 49 67
827500 49 69
828000 49 75
828500 49 70
829000 49 66
829500 49 62
830000 49 65
830500 49 69
831000 49 74
831500 49 61
832000 49 65
832500 49 69
833000 49 69
833500 49 69
834000 49 65
834500 49 80
835000 49 61
835500 49 67
836000 49 62
836500 49 61
837000 49 60
837500 49 69
838000 49 66
838500 49 66
839000 49 62
839500 49 57
840000 49 73
840500 49 75
841000 49 67
841500 49 62
842000 49 75
842500 49 62
843000 49 71
843500 49 76
844000 49 76
844500 49 74
845000 49 69
845500 49 73
846000 49 69
846500 49 76
847000 49 71
847500 49 66
848000 49 76
848500 49 67
849000 49 65
849500 49 57
850000 49 64
850500 49 69
851000 49 69
851500 49 76
852000 49 70
852500 49 66
853000 49 67
853500 49 58
854000 49 62
854500 49 75
855000 49 77
855500 49 65
856000 49 70
856500 49 75
857000 49 73
857500 49 68
858000 49 70
858500 49 66
859000 49 63
859500 49 75
860000 49 63
860500 49 74
861000 49 75
861500 49 78
862000 49 64
862500 49 63
863000 49 68
863500 49 70
864000 49 62
864500 49 68
865000 49 76
865500 49 70
866000 49 70
866500 49 70
867000 49 70
867500 49 77
868000 49 73
868500 49 76
869000 49 65
869500 49 65
870000 49 66
870500 49 68
871000 49 65
871500 49 57
872000 49 62
872500 49 66
873000 49 73
873500 49 68
874000 49 70
874500 49 68
875000 49 64
875500 49 77
876000 49 67
876500 49 63
877000 49 61
877500 49 71
878000 49 65
878500 49 61
879000 49 72
879500 49 60
880000 49 65
880500 49 65
881000 49 69
881500 49 71
882000 49 74
882500 49 73
883000 49 68
883500 49 62
884000 49 74
884500 49 65
885000 49 71
885500 49 72
886000 49 55
886500 49 64
887000 49 73
887500 49 72
888000 49 69
888500 49 68
889000 49 67
889500 49 74
890000 49 66
890500 49 67
891000 49 65
891500 49 58
892000 49 77
892500 49 66
893000 49 66
893500 49 65
894000 49 80
894500 49 86
895000 49 65
895500 49 72
896000 49 68
896500 49 61
897000 49 66
897500 49 66
898000 49 64
898500 49 78
899000 49 63
899500 49 64
900000 49 70
900500 49 77
901000 49 65
901500 49 67
902000 49 70
902500 49 71
903000 49 66
903500 49 71
904000 49 67
904500 49 66
905000 49 70
905500 49 56
906000 49 65
906500 49 67
907000 49 66
907500 49 73
908000 49 70
908500 49 64
909000 49 70
909500 49 68
910000 49 68
910500 49 57
911000 49 70
911500 49 62
912000 49 64
912500 49 68
913000 49 71
913500 49 66
914000 49 67
914500 49 74
915000 49 60
915500 49 67
916000 49 71
916500 49 68
917000 49 61
917500 49 73
918000 49 68
918500 49 69
919000 49 74
919500 49 85
920000 49 70
920500 49 67
921000 49 75
921500 49 59
922000 49 71
922500 49 60
923000 49 66
923500 49 76
924000 49 65
924500 49 71
925000 49 69
925500 49 65
926000 49 78
926500 49 69
927000 49 62
927500 49 64
928000 49 68
928500 49 73
929000 49 64
929500 49 69
930000 49 72
930500 49 71
931000 49 71
931500 49 70
932000 49 66
932500 49 68
933000 49 66
933500 49 74
934000 49 70
934500 49 62
935000 49 68
935500 49 65
936000 49 65
936500 49 63
937000 49 68
937500 49 66
938000 49 68
938500 49 65
939000 49 60
939500 49 69
940000 49 57
940500 49 71
941000 49 67
941500 49 63
942000 49 73
942500 49 68
943000 49 73
943500 49 64
944000 49 79
944500 49 70
945000 49 70
945500 49 66
946000 49 68
946500 49 71
947000 49 66
947500 49 66
948000 49 67
948500 49 64
949000 49 64
949500 49 59
950000 49 62
950500 49 66
951000 49 67
951500 49 67
952000 49 66
952500 49 73
953000 49 78
953500 49 63
954000 49 61
954500 49 59
955000 49 68
955500 49 70
956000 49 59
956500 49 64
957000 49 77
957500 49 71
958000 49 64
958500 49 69
959000 49 66
959500 49 68
960000 49 68
960500 49 66
961000 49 67
961500 49 63
962000 49 73
962500 49 70
963000 49 62
963500 49 70
964000 49 63
964500 49 68
965000 49 60
965500 49 72
966000 49 74
966500 49 59
967000 49 59
967500 49 64
968000 49 76
968500 49 67
969000 49 70
969500 49 67
970000 49 64
970500 49 63
971000 49 60
971500 49 60
972000 49 76
972500 49 66
973000 49 67
973500 49 60
974000 49 70
974500 49 70
975000 49 67
975500 49 76
976000 49 72
976500 49 65
977000 49 67
977500 49 74
978000 49 67
978500 49 73
979000 49 63
979500 49 69
980000 49 71
980500 49 68
981000 49 65
981500 49 75
982000 49 72
982500 49 82
983000 49 74
983500 49 63
984000 49 65
984500 49 72
985000 49 66
985500 49 69
986000 49 60
986500 49 62
987000 49 63
987500 49 83
988000 49 65
988500 49 74
989000 49 64
989500 49 67
990000 49 64
990500 49 69
991000 49 61
991500 49 69
992000 49 62
992500 49 81
993000 49 64
993500 49 61
994000 49 78
994500 49 75
995000 49 70
995500 49 72
996000 49 65
996500 49 59
997000 49 70
997500 49 63
998000 49 65
998500 49 72
999000 49 72
999500 49 72
1000000 49 61
1000500 49 62
1001000 49 61
1001500 49 73
1002000 49 67
1002500 49 72
1003000 49 70
1003500 49 66
1004000 49 72
1004500 49 64
1005000 49 68
1005500 49 66
1006000 49 62
1006500 49 65
1007000 49 75
1007500 49 69
1008000 49 82
1008500 49 58
1009000 49 64
1009500 49 59
1010000 49 74
1010500 49 71
1011000 49 78
1011500 49 68
1012000 49 73
1012500 49 73
1013000 49 59
1013500 49 67
1014000 49 69
1014500 49 72
1015000 49 76
1015500 49 65
1016000 49 64
1016500 49 76
1017000 49 67
1017500 49 60
1018000 49 64
1018500 49 62
1019000 49 73
1019500 49 72
1020000 49 66
1020500 49 75
1021000 49 67
1021500 49 69
1022000 49 73
1022500 49 63
1023000 49 60
1023500 49 65
1024000 49 62
1024500 49 68
1025000 49 74
1025500 49 63
1026000 49 69
1026500 49 67
1027000 49 61
1027500 49 69
1028000 49 76
1028500 49 62
1029000 49 76
1029500 49 70
1030000 49 60
1030500 49 65
1031000 49 70
1031500 49 70
1032000 49 59
1032500 49 75
1033000 49 64
1033500 49 69
1034000 49 62
1034500 49 68
1035000 49 56
1035500 49 71
1036000 49 65
1036500 49 71
1037000 49 78
1037500 49 64
1038000 49 73
1038500 49 69
1039000 49 66
1039500 49 70
1040000 49 62
1040500 49 66
1041000 49 61
1041500 49 69
1042000 49 78
1042500 49 71
1043000 49 69
1043500 49 69
1044000 49 64
1044500 49 64
1045000 49 68
1045500 49 68
1046000 49 67
1046500 49 63
1047000 49 60
1047500 49 80
1048000 49 59
1048500 49 64
1049000 49 69
1049500 49 65
1050000 49 68
1050500 49 63
1051000 49 71
1051500 49 59
1052000 49 74
1052500 49 62
1053000 49 66
1053500 49 68
1054000 49 76
1054500 49 65
1055000 49 69
1055500 49 80
1056000 49 79
1056500 49 69
1057000 49 64
1057500 49 63
1058000 49 76
1058500 49 72
1059000 49 63
1059500 49 65
1060000 49 65
1060500 49 71
1061000 49 57
1061500 49 75
1062000 49 63
1062500 49 79
1063000 49 62
1063500 49 81
1064000 49 69
1064500 49 70
1065000 49 68
1065500 49 65
1066000 49 70
1066500 49 67
1067000 49 68
1067500 49 60
1068000 49 65
1068500 49 58
1069000 49 71
1069500 49 62
1070000 49 64
1070500 49 73
1071000 49 68
1071500 49 66
1072000 49 60
1072500 49 63
1073000 49 71
1073500 49 75
1074000 49 64
1074500 49 70
1075000 49 75
1075500 49 74
1076000 49 63
1076500 49 67
1077000 49 65
1077500 49 72
1078000 49 74
1078500 49 74
1079000 49 66
1079500 49 66
1080000 49 62
1080500 49 70
1081000 49 58
1081500 49 70
1082000 49 76
1082500 49 69
1083000 49 60
1083500 49 78
1084000 49 61
1084500 49 55
1085000 49 72
1085500 49 63
1086000 49 68
1086500 49 63
1087000 49 69
1087500 49 65
1088000 49 69
1088500 49 66
1089000 49 71
1089500 49 69
1090000 49 72
1090500 49 57
1091000 49 61
1091500 49 67
1092000 49 66
1092500 49 63
1093000 49 73
1093500 49 60
1094000 49 62
1094500 49 72
1095000 49 70
1095500 49 73
1096000 49 68
1096500 49 61
1097000 49 79
1097500 49 69
1098000 49 68
1098500 49 67
1099000 49 79
1099500 49 76
1100000 49 69
1100500 49 70
1101000 49 65
1101500 49 64
1102000 49 74
1102500 49 65
1103000 49 64
1103500 49 56
1104000 49 70
1104500 49 70
1105000 49 68
1105500 49 71
1106000 49 62
1106500 49 70
1107000 49 75
1107500 49 57
1108000 49 61
1108500 49 77
1109000 49 67
1109500 49 72
1110000 49 70
1110500 49 60
1111000 49 66
1111500 49 60
1112000 49 66
1112500 49 66
1113000 49 61
1113500 49 72
1114000 49 69
1114500 49 67
1115000 49 65
1115500 49 73
1116000 49 66
1116500 49 72
1117000 49 65
1117500 49 70
1118000 49 73
1118500 49 73
1119000 49 62
1119500 49 67
1120000 49 67
1120500 49 71
1121000 49 67
1121500 49 72
1122000 49 68
1122500 49 66
1123000 49 66
1123500 49 62
1124000 49 70
1124500 49 72
1125000 49 74
1125500 49 69
1126000 49 62
1126500 49 63
1127000 49 76
1127500 49 66
1128000 49 67
1128500 49 59
1129000 49 67
1129500 49 58
1130000 49 65
1130500 49 64
1131000 49 68
1131500 49 60
1132000 49 69
1132500 49 67
1133000 49 71
1133500 49 72
1134000 49 71
1134500 49 68
1135000 49 64
1135500 49 73
1136000 49 71
1136500 49 68
1137000 49 68
1137500 49 62
1138000 49 71
1138500 49 67
1139000 49 69
1139500 49 68
1140000 49 71
1140500 49 66
1141000 49 64
1141500 49 70
1142000 49 63
1142500 49 59
1143000 49 78
1143500 49 69
1144000 49 69
1144500 49 66
1145000 49 68
1145500 49 69
1146000 49 70
1146500 49 78
1147000 49 80
1147500 49 71
1148000 49 65
1148500 49 79
1149000 49 69
1149500 49 71
1150000 49 70
1150500 49 68
1151000 49 60
1151500 49 59
1152000 49 67
1152500 49 67
1153000 49 61
1153500 49 65
1154000 49 68
1154500 49 73
1155000 49 63
1155500 49 69
1156000 49 63
1156500 49 69
1157000 49 63
1157500 49 79
1158000 49 64
1158500 49 59
1159000 49 79
1159500 49 69
1160000 49 81
1160500 49 60
1161000 49 71
1161500 49 64
1162000 49 66
1162500 49 59
1163000 49 68
1163500 49 69
1164000 49 62
1164500 49 58
1165000 49 72
1165500 49 71
1166000 49 67
1166500 49 63
1167000 49 62
1167500 49 65
1168000 49 59
1168500 49 68
1169000 49 77
1169500 49 66
1170000 49 72
1170500 49 67
1171000 49 66
1171500 49 75
1172000 49 69
1172500 49 68
1173000 49 77
1173500 49 62
1174000 49 67
1174500 49 73
1175000 49 62
1175500 49 71
1176000 49 65
1176500 49 63
1177000 49 57
1177500 49 61
1178000 49 71
1178500 49 70
1179000 49 64
1179500 49 62
1180000 49 73
1180500 49 69
1181000 49 72
1181500 49 68
1182000 49 68
1182500 49 60
1183000 49 72
1183500 49 71
1184000 49 67
1184500 49 70
1185000 49 71
1185500 49 74
1186000 49 66
1186500 49 62
1187000 49 75
1187500 49 65
1188000 49 70
1188500 49 71
1189000 49 63
1189500 49 71
1190000 49 66
1190500 49 73
1191000 49 57
1191500 49 62
1192000 49 72
1192500 49 67
1193000 49 70
1193500 49 63
1194000 49 76
1194500 49 54
1195000 49 65
1195500 49 60
1196000 49 64
1196500 49 62
1197000 49 64
1197500 49 66
1198000 49 63
1198500 49 75
1199000 49 62
1199500 49 59
1200000 49 59
1200500 49 66
1201000 49 69
1201500 49 70
1202000 49 65
1202500 49 69
1203000 49 60
1203500 49 59
1204000 49 62
1204500 49 67
1205000 49 67
1205500 49 68
1206000 49 75
1206500 49 66
1207000 49 67
1207500 49 78
1208000 49 72
1208500 49 65
1209000 49 66
1209500 49 58
1210000 49 72
1210500 49 68
1211000 49 74
1211500 49 66
1212000 49 69
1212500 49 69
1213000 49 62
1213500 49 66
1214000 49 66
1214500 49 66
1215000 49 77
1215500 49 74
1216000 49 80
1216500 49 72
1217000 49 67
1217500 49 63
1218000 49 57
1218500 49 71
1219000 49 64
1219500 49 76
1220000 49 62
1220500 49 68
1221000 49 75
1221500 49 61
1222000 49 59
1222500 49 68
1223000 49 73
1223500 49 73
1224000 49 70
1224500 49 60
1225000 49 69
1225500 49 72
1226000 49 65
1226500 49 62
1227000 49 65
1227500 49 71
1228000 49 61
1228500 49 69
1229000 49 64
1229500 49 66
1230000 49 76
1230500 49 70
1231000 49 72
1231500 49 71
1232000 49 61
1232500 49 74
1233000 49 70
1233500 49 65
1234000 49 73
1234500 49 56
1235000 49 70
1235500 49 68
1236000 49 70
1236500 49 67
1237000 49 64
1237500 49 65
1238000 49 70
1238500 49 57
1239000 49 68
1239500 49 65
1240000 49 64
1240500 49 63
1241000 49 62
1241500 49 65
1242000 49 62
1242500 49 67
1243000 49 67
1243500 49 74
1244000 49 61
1244500 49 63
1245000 49 71
1245500 49 80
1246000 49 61
1246500 49 71
1247000 49 71
1247500 49 72
1248000 49 68
1248500 49 66
1249000 49 71
1249500 49 77
1250000 49 65
1250500 49 66
1251000 49 77
1251500 49 62
1252000 49 73
1252500 49 57
1253000 49 71
1253500 49 66
1254000 49 68
1254500 49 63
1255000 49 66
1255500 49 69
1256000 49 64
1256500 49 71
1257000 49 70
1257500 49 67
1258000 49 75
1258500 49 63
1259000 49 70
1259500 49 64
1260000 49 71
1260500 49 63
1261000 49 65
1261500 49 76
1262000 49 67
1262500 49 71
1263000 49 65
1263500 49 72
1264000 49 70
1264500 49 64
1265000 49 63
1265500 49 65
1266000 49 62
1266500 49 76
1267000 49 56
1267500 49 74
1268000 49 65
1268500 49 67
1269000 49 67
1269500 49 68
1270000 49 64
1270500 49 65
1271000 49 60
1271500 49 69
1272000 49 68
1272500 49 64
1273000 49 64
1273500 49 65
1274000 49 71
1274500 49 69
1275000 49 60
1275500 49 70
1276000 49 58
1276500 49 74
1277000 49 71
1277500 49 61
1278000 49 68
1278500 49 63
1279000 49 69
1279500 49 66
1280000 49 76
1280500 49 61
1281000 49 64
1281500 49 63
1282000 49 68
1282500 49 76
1283000 49 75
1283500 49 72
1284000 49 66
1284500 49 64
1285000 49 66
1285500 49 76
1286000 49 66
1286500 49 72
1287000 49 71
1287500 49 74
1288000 49 56
1288500 49 66
1289000 49 70
1289500 49 73
1290000 49 72
1290500 49 68
1291000 49 62
1291500 49 62
1292000 49 67
1292500 49 72
1293000 49 64
1293500 49 64
1294000 49 79
1294500 49 64
1295000 49 71
1295500 49 68
1296000 49 65
1296500 49 65
1297000 49 71
1297500 49 61
1298000 49 65
1298500 49 67
1299000 49 70
1299500 49 71
1300000 49 72
1300500 49 75
1301000 49 68
1301500 49 67
1302000 49 61
1302500 49 75
1303000 49 75
1303500 49 68
1304000 49 64
1304500 49 81
1305000 49 65
1305500 49 68
1306000 49 74
1306500 49 75
1307000 49 77
1307500 49 70
1308000 49 65
1308500 49 70
1309000 49 66
1309500 49 71
1310000 49 81
1310500 49 63
1311000 49 64
1311500 49 57
1312000 49 64
1312500 49 61
1313000 49 63
1313500 49 70
1314000 49 79
1314500 49 63
1315000 49 71
1315500 49 70
1316000 49 65
1316500 49 74
1317000 49 64
1317500 49 60
1318000 49 72
1318500 49 65
1319000 49 70
1319500 49 68
1320000 49 76
1320500 49 55
1321000 49 61
1321500 49 68
1322000 49 68
1322500 49 67
1323000 49 62
1323500 49 66
1324000 49 74
1324500 49 71
1325000 49 63
1325500 49 78
1326000 49 69
1326500 49 71
1327000 49 62
1327500 49 75
1328000 49 66
1328500 49 73
1329000 49 71
1329500 49 71
1330000 49 68
1330500 49 62
1331000 49 75
1331500 49 67
1332000 49 68
1332500 49 77
1333000 49 62
1333500 49 64
1334000 49 70
1334500 49 67
1335000 49 71
1335500 49 70
1336000 49 78
1336500 49 61
1337000 49 61
1337500 49 66
1338000 49 70
1338500 49 74
1339000 49 73
1339500 49 62
1340000 49 56
1340500 49 75
1341000 49 65
1341500 49 67
1342000 49 64
1342500 49 69
1343000 49 82
1343500 49 68
1344000 49 69
1344500 49 68
1345000 49 78
1345500 49 66
1346000 49 55
1346500 49 68
1347000 49 61
1347500 49 62
1348000 49 69
1348500 49 78
1349000 49 57
1349500 49 61
1350000 49 74
1350500 49 66
1351000 49 68
1351500 49 69
1352000 49 66
1352500 49 70
1353000 49 67
1353500 49 72
1354000 49 82
1354500 49 69
1355000 49 56
1355500 49 73
1356000 49 74
1356500 49 67
1357000 49 63
1357500 49 66
1358000 49 65
1358500 49 74
1359000 49 80
1359500 49 75
1360000 49 66
1360500 49 64
1361000 49 69
1361500 49 63
1362000 49 62
1362500 49 64
1363000 49 68
1363500 49 71
1364000 49 78
1364500 49 57
1365000 49 62
1365500 49 67
1366000 49 58
1366500 49 61
1367000 49 77
1367500 49 71
1368000 49 65
1368500 49 68
1369000 49 71
1369500 49 65
1370000 49 68
1370500 49 72
1371000 49 66
1371500 49 64
1372000 49 67
1372500 49 68
1373000 49 73
1373500 49 67
1374000 49 58
1374500 49 68
1375000 49 70
1375500 49 62
1376000 49 57
1376500 49 72
1377000 49 54
1377500 49 69
1378000 49 64
1378500 49 54
1379000 49 67
1379500 49 68
1380000 49 71
1380500 49 76
1381000 49 68
1381500 49 59
1382000 49 79
1382500 49 67
1383000 49 71
1383500 49 67
1384000 49 66
1384500 49 74
1385000 49 69
1385500 49 62
1386000 49 70
1386500 49 70
1387000 49 69
1387500 49 67
1388000 49 63
1388500 49 63
1389000 49 68
1389500 49 65
1390000 49 68
1390500 49 61
1391000 49 79
1391500 49 69
1392000 49 65
1392500 49 62
1393000 49 71
1393500 49 67
1394000 49 71
1394500 49 64
1395000 49 66
1395500 49 68
1396000 49 76
1396500 49 67
1397000 49 74
1397500 49 64
1398000 49 64
1398500 49 67
1399000 49 69
1399500 49 72
1400000 49 71
1400500 49 75
1401000 49 65
1401500 49 71
1402000 49 73
1402500 49 66
1403000 49 63
1403500 49 59
1404000 49 67
1404500 49 70
1405000 49 79
1405500 49 61
1406000 49 70
1406500 49 71
1407000 49 66
1407500 49 69
1408000 49 68
1408500 49 62
1409000 49 75
1409500 49 62
1410000 49 69
1410500 49 69
1411000 49 55
1411500 49 74
1412000 49 76
1412500 49 68
1413000 49 59
1413500 49 74
1414000 49 74
1414500 49 56
1415000 49 65
1415500 49 60
1416000 49 59
1416500 49 70
1417000 49 72
1417500 49 68
1418000 49 71
1418500 49 62
1419000 49 69
1419500 49 62
1420000 49 79
1420500 49 68
1421000 49 65
1421500 49 75
1422000 49 70
1422500 49 68
1423000 49 71
1423500 49 72
1424000 49 69
1424500 49 60
1425000 49 64
1425500 49 63
1426000 49 66
1426500 49 60
1427000 49 64
1427500 49 62
1428000 49 67
1428500 49 63
1429000 49 67
1429500 49 73
1430000 49 67
1430500 49 71
1431000 49 65
1431500 49 66
1432000 49 63
1432500 49 69
1433000 49 61
1433500 49 80
1434000 49 58
1434500 49 72
1435000 49 67
1435500 49 66
1436000 49 67
1436500 49 69
1437000 49 58
1437500 49 73
1438000 49 69
1438500 49 74
1439000 49 63
1439500 49 67
1440000 49 69
1440500 49 62
1441000 49 73
1441500 49 68
1442000 49 58
1442500 49 61
1443000 49 55
1443500 49 72
1444000 49 63
1444500 49 64
1445000 49 57
1445500 49 70
1446000 49 59
1446500 49 64
1447000 49 58
1447500 49 61
1448000 49 72
1448500 49 71
1449000 49 73
1449500 49 70
1450000 49 61
1450500 49 74
1451000 49 74
1451500 49 59
1452000 49 68
1452500 49 63
1453000 49 63
1453500 49 71
1454000 49 66
1454500 49 65
1455000 49 71
1455500 49 60
1456000 49 66
1456500 49 57
1457000 49 78
1457500 49 68
1458000 49 80
1458500 49 65
1459000 49 73
1459500 49 68
1460000 49 62
1460500 49 72
1461000 49 80
1461500 49 66
1462000 49 68
1462500 49 60
1463000 49 62
1463500 49 66
1464000 49 76
1464500 49 71
1465000 49 67
1465500 49 60
1466000 49 71
1466500 49 74
1467000 49 68
1467500 49 73
1468000 49 65
1468500 49 67
1469000 49 64
1469500 49 70
1470000 49 64
1470500 49 68
1471000 49 62
1471500 49 74
1472000 49 68
1472500 49 66
1473000 49 72
1473500 49 58
1474000 49 78
1474500 49 62
1475000 49 74
1475500 49 69
1476000 49 60
1476500 49 68
1477000 49 65
1477500 49 69
1478000 49 63
1478500 49 69
1479000 49 66
1479500 49 67
1480000 49 66
1480500 49 63
1481000 49 64
1481500 49 68
1482000 49 62
1482500 49 75
1483000 49 62
1483500 49 78
1484000 49 74
1484500 49 62
1485000 49 59
1485500 49 61
1486000 49 71
1486500 49 63
1487000 49 63
1487500 49 69
1488000 49 64
1488500 49 72
1489000 49 69
1489500 49 69
1490000 49 63
1490500 49 68
1491000 49 69
1491500 49 63
1492000 49 72
1492500 49 73
1493000 49 73
1493500 49 73
1494000 49 71
1494500 49 69
1495000 49 69
1495500 49 72
1496000 49 64
1496500 49 59
1497000 49 69
1497500 49 79
1498000 49 64
1498500 49 64
1499000 49 67
1499500 49 69
1500000 49 64
1500500 49 63
1501000 49 66
1501500 49 64
1502000 49 64
1502500 49 69
1503000 49 64
1503500 49 64
1504000 49 70
1504500 49 70
1505000 49 71
1505500 49 69
1506000 49 68
1506500 49 73
1507000 49 67
1507500 49 60
1508000 49 63
1508500 49 66
1509000 49 68
1509500 49 79
1510000 49 68
1510500 49 68
1511000 49 59
1511500 49 58
1512000 49 66
1512500 49 67
1513000 49 70
1513500 49 72
1514000 49 62
1514500 49 71
1515000 49 64
1515500 49 68
1516000 49 70
1516500 49 58
1517000 49 69
1517500 49 75
1518000 49 74
1518500 49 59
1519000 49 78
1519500 49 69
1520000 49 64
1520500 49 73
1521000 49 69
1521500 49 70
1522000 49 63
1522500 49 65
1523000 49 62
1523500 49 70
1524000 49 74
1524500 49 66
1525000 49 68
1525500 49 61
1526000 49 62
1526500 49 69
1527000 49 70
1527500 49 70
1528000 49 64
1528500 49 62
1529000 49 67
1529500 49 69
1530000 49 64
1530500 49 61
1531000 49 60
1531500 49 61
1532000 49 63
1532500 49 60
1533000 49 76
1533500 49 70
1534000 49 70
1534500 49 70
1535000 49 61
1535500 49 62
1536000 49 61
1536500 49 60
1537000 49 62
1537500 49 77
1538000 49 80
1538500 49 63
1539000 49 75
1539500 49 58
1540000 49 67
1540500 49 63
1541000 49 63
1541500 49 67
1542000 49 68
1542500 49 69
1543000 49 73
1543500 49 70
1544000 49 65
1544500 49 67
1545000 49 61
1545500 49 70
1546000 49 61
1546500 49 64
1547000 49 73
1547500 49 69
1548000 49 81
1548500 49 65
1549000 49 68
1549500 49 66
1550000 49 68
1550500 49 66
1551000 49 64
1551500 49 63
1552000 49 69
1552500 49 65
1553000 49 70
1553500 49 67
1554000 49 70
1554500 49 76
1555000 49 81
1555500 49 77
1556000 49 71
1556500 49 71
1557000 49 69
1557500 49 67
1558000 49 68
1558500 49 74
1559000 49 65
1559500 49 69
1560000 49 69
1560500 49 72
1561000 49 67
1561500 49 66
1562000 49 74
1562500 49 62
1563000 49 62
1563500 49 63
1564000 49 69
1564500 49 82
1565000 49 63
1565500 49 67
1566000 49 66
1566500 49 57
1567000 49 73
1567500 49 72
1568000 49 72
1568500 49 63
1569000 49 63
1569500 49 63
1570000 49 70
1570500 49 69
1571000 49 65
1571500 49 64
1572000 49 66
1572500 49 68
1573000 49 69
1573500 49 68
1574000 49 66
1574500 49 69
1575000 49 72
1575500 49 71
1576000 49 66
1576500 49 63
1577000 49 78
1577500 49 74
1578000 49 58
1578500 49 71
1579000 49 66
1579500 49 68
1580000 49 65
1580500 49 70
1581000 49 75
1581500 49 70
1582000 49 77
1582500 49 69
1583000 49 72
1583500 49 64
1584000 49 65
1584500 49 65
1585000 49 75
1585500 49 71
1586000 49 67
1586500 49 72
1587000 49 62
1587500 49 74
1588000 49 60
1588500 49 65
1589000 49 72
1589500 49 72
1590000 49 76
1590500 49 65
1591000 49 72
1591500 49 70
1592000 49 74
1592500 49 72
1593000 49 61
1593500 49 71
1594000 49 65
1594500 49 71
1595000 49 67
1595500 49 63
1596000 49 76
1596500 49 68
1597000 49 67
1597500 49 70
1598000 49 65
1598500 49 65
1599000 49 71
1599500 49 65
1600000 49 65
1600500 49 67
1601000 49 66
1601500 49 64
1602000 49 67
1602500 49 64
1603000 49 74
1603500 49 71
1604000 49 69
1604500 49 65
1605000 49 65
1605500 49 62
1606000 49 75
1606500 49 70
1607000 49 71
1607500 49 64
1608000 49 66
1608500 49 65
1609000 49 64
1609500 49 70
1610000 49 60
1610500 49 70
1611000 49 77
1611500 49 58
1612000 49 65
1612500 49 64
1613000 49 67
1613500 49 71
1614000 49 65
1614500 49 69
1615000 49 71
1615500 49 67
1616000 49 72
1616500 49 71
1617000 49 64
1617500 49 72
1618000 49 68
1618500 49 65
1619000 49 70
1619500 49 72
1620000 49 71
1620500 49 67
1621000 49 70
1621500 49 73
1622000 49 66
1622500 49 65
1623000 49 71
1623500 49 73
1624000 49 81
1624500 49 69
1625000 49 81
1625500 49 60
1626000 49 63
1626500 49 71
1627000 49 69
1627500 49 63
1628000 49 67
1628500 49 66
1629000 49 76
1629500 49 70
1630000 49 68
1630500 49 63
1631000 49 76
1631500 49 63
1632000 49 73
1632500 49 75
1633000 49 71
1633500 49 69
1634000 49 72
1634500 49 60
1635000 49 64
1635500 49 67
1636000 49 65
1636500 49 64
1637000 49 59
1637500 49 72
1638000 49 64
1638500 49 75
1639000 49 70
1639500 49 70
1640000 49 71
1640500 49 71
1641000 49 61
1641500 49 69
1642000 49 68
1642500 49 75
1643000 49 64
1643500 49 67
1644000 49 68
1644500 49 58
1645000 49 68
1645500 49 67
1646000 49 71
1646500 49 63
1647000 49 62
1647500 49 63
1648000 49 66
1648500 49 75
1649000 49 70
1649500 49 72
1650000 49 69
1650500 49 70
1651000 49 62
1651500 49 59
1652000 49 59
1652500 49 67
1653000 49 65
1653500 49 71
1654000 49 65
1654500 49 68
1655000 49 70
1655500 49 59
1656000 49 62
1656500 49 62
1657000 49 80
1657500 49 67
1658000 49 58
1658500 49 64
1659000 49 80
1659500 49 60
1660000 49 72
1660500 49 68
1661000 49 68
1661500 49 65
1662000 49 78
1662500 49 71
1663000 49 72
1663500 49 69
1664000 49 67
1664500 49 64
1665000 49 67
1665500 49 72
1666000 49 67
1666500 49 65
1667000 49 68
1667500 49 55
1668000 49 65
1668500 49 66
1669000 49 73
1669500 49 62
1670000 49 63
1670500 49 70
1671000 49 64
1671500 49 59
1672000 49 57
1672500 49 66
1673000 49 63
1673500 49 73
1674000 49 73
1674500 49 68
1675000 49 65
1675500 49 79
1676000 49 67
1676500 49 65
1677000 49 62
1677500 49 63
1678000 49 65
1678500 49 70
1679000 49 67
1679500 49 70
1680000 49 68
1680500 49 77
1681000 49 71
1681500 49 76
1682000 49 65
1682500 49 70
1683000 49 68
1683500 49 68
1684000 49 67
1684500 49 72
1685000 49 63
1685500 49 73
1686000 49 68
1686500 49 64
1687000 49 77
1687500 49 66
1688000 49 67
1688500 49 61
1689000 49 71
1689500 49 71
1690000 49 69
1690500 49 64
1691000 49 65
1691500 49 62
1692000 49 79
1692500 49 77
1693000 49 57
1693500 49 71
1694000 49 69
1694500 49 73
1695000 49 66
1695500 49 69
1696000 49 70
1696500 49 79
1697000 49 68
1697500 49 62
1698000 49 72
1698500 49 62
1699000 49 73
1699500 49 65
1700000 49 66
1700500 49 80
1701000 49 72
1701500 49 73
1702000 49 71
1702500 49 73
1703000 49 61
1703500 49 77
1704000 49 71
1704500 49 78
1705000 49 64
1705500 49 70
1706000 49 63
1706500 49 66
1707000 49 65
1707500 49 76
1708000 49 68
1708500 49 70
1709000 49 67
1709500 49 66
1710000 49 59
1710500 49 64
1711000 49 72
1711500 49 63
1712000 49 61
1712500 49 67
1713000 49 60
1713500 49 61
1714000 49 69
1714500 49 61
1715000 49 73
1715500 49 74
1716000 49 73
1716500 49 61
1717000 49 67
1717500 49 69
1718000 49 65
1718500 49 74
1719000 49 71
1719500 49 66
1720000 49 66
1720500 49 65
1721000 49 69
1721500 49 63
1722000 49 72
1722500 49 72
1723000 49 58
1723500 49 67
1724000 49 77
1724500 49 75
1725000 49 68
1725500 49 69
1726000 49 73
1726500 49 62
1727000 49 67
1727500 49 62
1728000 49 65
1728500 49 68
1729000 49 85
1729500 49 66
1730000 49 69
1730500 49 70
1731000 49 73
1731500 49 66
1732000 49 60
1732500 49 66
1733000 49 71
1733500 49 64
1734000 49 62
1734500 49 67
1735000 49 69
1735500 49 70
1736000 49 74
1736500 49 62
1737000 49 78
1737500 49 63
1738000 49 72
1738500 49 59
1739000 49 62
1739500 49 67
1740000 49 64
1740500 49 74
1741000 49 64
1741500 49 68
1742000 49 69
1742500 49 78
1743000 49 65
1743500 49 71
1744000 49 64
1744500 49 60
1745000 49 72
1745500 49 60
1746000 49 70
1746500 49 61
1747000 49 61
1747500 49 72
1748000 49 69
1748500 49 62
1749000 49 74
1749500 49 61
1750000 49 70
1750500 49 62
1751000 49 58
1751500 49 62
1752000 49 65
1752500 49 62
1753000 49 70
1753500 49 63
1754000 49 66
1754500 49 66
1755000 49 68
1755500 49 68
1756000 49 68
1756500 49 70
1757000 49 69
1757500 49 76
1758000 49 69
1758500 49 66
1759000 49 63
1759500 49 65
1760000 49 66
1760500 49 65
1761000 49 66
1761500 49 60
1762000 49 67
1762500 49 67
1763000 49 62
1763500 49 76
1764000 49 66
1764500 49 65
1765000 49 74
1765500 49 68
1766000 49 62
1766500 49 72
1767000 49 63
1767500 49 67
1768000 49 66
1768500 49 64
1769000 49 61
1769500 49 70
1770000 49 61
1770500 49 61
1771000 49 65
1771500 49 69
1772000 49 58
1772500 49 51
1773000 49 75
1773500 49 58
1774000 49 62
1774500 49 66
1775000 49 60
1775500 49 66
1776000 49 64
1776500 49 72
1777000 49 74
1777500 49 60
1778000 49 64
1778500 49 68
1779000 49 71
1779500 49 68
1780000 49 68
1780500 49 67
1781000 49 64
1781500 49 68
1782000 49 71
1782500 49 70
1783000 49 74
1783500 49 77
1784000 49 62
1784500 49 73
1785000 49 65
1785500 49 74
1786000 49 65
1786500 49 66
1787000 49 67
1787500 49 66
1788000 49 68
1788500 49 63
1789000 49 75
1789500 49 69
1790000 49 73
1790500 49 66
1791000 49 66
1791500 49 66
1792000 49 74
1792500 49 73
1793000 49 71
1793500 49 62
1794000 49 74
1794500 49 64
1795000 49 63
1795500 49 62
1796000 49 68
1796500 49 68
1797000 49 75
1797500 49 65
1798000 49 72
1798500 49 68
1799000 49 80
1799500 49 75
1800000 49 72
1800500 49 65
1801000 49 75
1801500 49 69
1802000 49 71
1802500 49 65
1803000 49 67
1803500 49 83
1804000 49 65
1804500 49 71
1805000 49 77
1805500 49 65
1806000 49 69
1806500 49 65
1807000 49 58
1807500 49 75
1808000 49 75
1808500 49 69
1809000 49 67
1809500 49 68
1810000 49 65
1810500 49 71
1811000 49 72
1811500 49 69
1812000 49 60
1812500 49 62
1813000 49 62
1813500 49 65
1814000 49 71
1814500 49 73
1815000 49 72
1815500 49 72
1816000 49 65
1816500 49 66
1817000 49 65
1817500 49 58
1818000 49 69
1818500 49 71
1819000 49 68
1819500 49 66
1820000 49 69
1820500 49 68
1821000 49 72
1821500 49 69
1822000 49 68
1822500 49 62
1823000 49 72
1823500 49 66
1824000 49 77
1824500 49 67
1825000 49 70
1825500 49 63
1826000 49 68
1826500 49 62
1827000 49 64
1827500 49 73
1828000 49 69
1828500 49 59
1829000 49 65
1829500 49 76
1830000 49 67
1830500 49 64
1831000 49 66
1831500 49 69
1832000 49 64
1832500 49 70
1833000 49 66
1833500 49 69
1834000 49 64
1834500 49 74
1835000 49 72
1835500 49 68
1836000 49 65
1836500 49 65
1837000 49 69
1837500 49 64
1838000 49 64
1838500 49 65
1839000 49 60
1839500 49 76
1840000 49 65
1840500 49 75
1841000 49 65
1841500 49 62
1842000 49 64
1842500 49 69
1843000 49 83
1843500 49 81
1844000 49 79
1844500 49 65
1845000 49 65
1845500 49 70
1846000 49 74
1846500 49 58
1847000 49 82
1847500 49 77
1848000 49 75
1848500 49 67
1849000 49 69
1849500 49 68
1850000 49 58
1850500 49 70
1851000 49 71
1851500 49 66
1852000 49 67
1852500 49 66
1853000 49 72
1853500 49 66
1854000 49 64
1854500 49 71
1855000 49 67
1855500 49 68
1856000 49 67
1856500 49 76
1857000 49 72
1857500 49 68
1858000 49 64
1858500 49 67
1859000 49 74
1859500 49 70
1860000 49 61
1860500 49 64
1861000 49 64
1861500 49 67
1862000 49 71
1862500 49 75
1863000 49 59
1863500 49 72
1864000 49 72
1864500 49 65
1865000 49 64
1865500 49 74
1866000 49 63
1866500 49 66
1867000 49 63
1867500 49 72
1868000 49 61
1868500 49 59
1869000 49 76
1869500 49 73
1870000 49 70
1870500 49 62
1871000 49 63
1871500 49 72
1872000 49 70
1872500 49 70
1873000 49 61
1873500 49 80
1874000 49 72
1874500 49 71
1875000 49 66
1875500 49 62
1876000 49 67
1876500 49 77
1877000 49 63
1877500 49 81
1878000 49 64
1878500 49 67
1879000 49 72
1879500 49 63
1880000 49 73
1880500 49 63
1881000 49 65
1881500 49 68
1882000 49 68
1882500 49 70
1883000 49 74
1883500 49 66
1884000 49 62
1884500 49 62
1885000 49 70
1885500 49 81
1886000 49 64
1886500 49 77
1887000 49 75
1887500 49 61
1888000 49 70
1888500 49 63
1889000 49 75
1889500 49 71
1890000 49 64
1890500 49 69
1891000 49 65
1891500 49 77
1892000 49 60
1892500 49 69
1893000 49 81
1893500 49 63
1894000 49 70
1894500 49 70
1895000 49 67
1895500 49 68
1896000 49 74
1896500 49 60
1897000 49 80
1897500 49 67
1898000 49 59
1898500 49 71
1899000 49 63
1899500 49 62
1900000 49 68
1900500 49 73
1901000 49 74
1901500 49 65
1902000 49 74
1902500 49 60
1903000 49 67
1903500 49 62
1904000 49 61
1904500 49 75
1905000 49 76
1905500 49 74
1906000 49 64
1906500 49 66
1907000 49 69
1907500 49 70
1908000 49 67
1908500 49 66
1909000 49 79
1909500 49 64
1910000 49 61
1910500 49 74
1911000 49 60
1911500 49 72
1912000 49 71
1912500 49 78
1913000 49 61
1913500 49 74
1914000 49 74
1914500 49 62
1915000 49 67
1915500 49 72
1916000 49 63
1916500 49 70
1917000 49 73
1917500 49 72
1918000 49 77
1918500 49 71
1919000 49 62
1919500 49 63
1920000 49 69
1920500 49 57
1921000 49 62
1921500 49 60
1922000 49 55
1922500 49 71
1923000 49 76
1923500 49 57
1924000 49 69
1924500 49 70
1925000 49 66
1925500 49 68
1926000 49 74
1926500 49 74
1927000 49 71
1927500 49 70
1928000 49 67
1928500 49 62
1929000 49 67
1929500 49 71
1930000 49 68
1930500 49 72
1931000 49 69
1931500 49 72
1932000 49 68
1932500 49 62
1933000 49 66
1933500 49 72
1934000 49 69
1934500 49 68
1935000 49 66
1935500 49 69
1936000 49 72
1936500 49 64
1937000 49 61
1937500 49 61
1938000 49 60
1938500 49 65
1939000 49 70
1939500 49 69
1940000 49 84
1940500 49 70
1941000 49 65
1941500 49 60
1942000 49 69
1942500 49 65
1943000 49 72
1943500 49 75
1944000 49 61
1944500 49 71
1945000 49 77
1945500 49 64
1946000 49 69
1946500 49 68
1947000 49 68
1947500 49 63
1948000 49 71
1948500 49 71
1949000 49 74
1949500 49 68
1950000 49 67
1950500 49 71
1951000 49 76
1951500 49 64
1952000 49 74
1952500 49 53
1953000 49 70
1953500 49 80
1954000 49 78
1954500 49 68
1955000 49 72
1955500 49 67
1956000 49 66
1956500 49 59
1957000 49 73
1957500 49 72
1958000 49 67
1958500 49 64
1959000 49 63
1959500 49 63
1960000 49 63
1960500 49 72
1961000 49 64
1961500 49 64
1962000 49 70
1962500 49 62
1963000 49 65
1963500 49 68
1964000 49 76
1964500 49 75
1965000 49 72
1965500 49 68
1966000 49 71
1966500 49 72
1967000 49 74
1967500 49 69
1968000 49 62
1968500 49 63
1969000 49 66
1969500 49 75
1970000 49 67
1970500 49 66
1971000 49 79
1971500 49 59
1972000 49 69
1972500 49 67
1973000 49 67
1973500 49 66
1974000 49 65
1974500 49 67
1975000 49 66
1975500 49 69
1976000 49 69
1976500 49 79
1977000 49 64
1977500 49 63
1978000 49 72
1978500 49 73
1979000 49 64
1979500 49 68
1980000 49 80
1980500 49 59
1981000 49 72
1981500 49 70
1982000 49 69
1982500 49 66
1983000 49 69
1983500 49 67
1984000 49 59
1984500 49 63
1985000 49 69
1985500 49 77
1986000 49 65
1986500 49 63
1987000 49 59
1987500 49 74
1988000 49 64
1988500 49 60
1989000 49 66
1989500 49 58
1990000 49 70
1990500 49 66
1991000 49 72
1991500 49 66
1992000 49 61
1992500 49 70
1993000 49 66
1993500 49 64
1994000 49 62
1994500 49 68
1995000 49 70
1995500 49 68
1996000 49 64
1996500 49 65
1997000 49 63
1997500 49 69
1998000 49 73
1998500 49 66
1999000 49 65
1999500 49 66
2000000 49 72
2000500 49 73
2001000 49 67
2001500 49 68
2002000 49 67
2002500 49 61
2003000 49 66
2003500 49 71
2004000 49 61
2004500 49 72
2005000 49 66
2005500 49 64
2006000 49 69
2006500 49 62
2007000 49 69
2007500 49 70
2008000 49 72
2008500 49 63
2009000 49 64
2009500 49 75
2010000 49 65
2010500 49 67
2011000 49 71
2011500 49 67
2012000 49 67
2012500 49 65
2013000 49 70
2013500 49 59
2014000 49 63
2014500 49 64
2015000 49 64
2015500 49 78
2016000 49 61
2016500 49 62
2017000 49 68
2017500 49 69
2018000 49 72
2018500 49 67
2019000 49 72
2019500 49 65
2020000 49 80
2020500 49 73
2021000 49 69
2021500 49 64
2022000 49 67
2022500 49 61
2023000 49 64
2023500 49 62
2024000 49 68
2024500 49 61
2025000 49 70
2025500 49 58
2026000 49 70
2026500 49 68
2027000 49 66
2027500 49 69
2028000 49 71
2028500 49 77
2029000 49 69
2029500 49 67
2030000 49 70
2030500 49 69
2031000 49 61
2031500 49 59
2032000 49 67
2032500 49 64
2033000 49 65
2033500 49 60
2034000 49 65
2034500 49 70
2035000 49 85
2035500 49 65
2036000 49 76
2036500 49 66
2037000 49 69
2037500 49 64
2038000 49 59
2038500 49 66
2039000 49 67
2039500 49 67
2040000 49 74
2040500 49 66
2041000 49 71
2041500 49 68
2042000 49 68
2042500 49 71
2043000 49 69
2043500 49 79
2044000 49 73
2044500 49 69
2045000 49 65
2045500 49 72
2046000 49 69
2046500 49 58
2047000 49 70
2047500 49 67
2048000 49 65
2048500 49 72
2049000 49 59
2049500 49 69
2050000 49 71
2050500 49 66
2051000 49 64
2051500 49 65
2052000 49 78
2052500 49 52
2053000 49 70
2053500 49 65
2054000 49 77
2054500 49 65
2055000 49 79
2055500 49 66
2056000 49 71
2056500 49 62
2057000 49 72
2057500 49 75
2058000 49 55
2058500 49 62
2059000 49 68
2059500 49 63
2060000 49 67
2060500 49 66
2061000 49 69
2061500 49 73
2062000 49 75
2062500 49 64
2063000 49 63
2063500 49 73
2064000 49 70
2064500 49 72
2065000 49 66
2065500 49 67
2066000 49 70
2066500 49 63
2067000 49 61
2067500 49 60
2068000 49 67
2068500 49 65
2069000 49 63
2069500 49 68
2070000 49 66
2070500 49 65
2071000 49 66
2071500 49 59
2072000 49 67
2072500 49 73
2073000 49 65
2073500 49 71
2074000 49 69
2074500 49 75
2075000 49 73
2075500 49 66
2076000 49 62
2076500 49 77
2077000 49 59
2077500 49 66
2078000 49 63
2078500 49 73
2079000 49 63
2079500 49 63
2080000 49 68
2080500 49 65
2081000 49 68
2081500 49 72
2082000 49 72
2082500 49 66
2083000 49 68
2083500 49 65
2084000 49 71
2084500 49 57
2085000 49 63
2085500 49 64
2086000 49 68
2086500 49 57
2087000 49 66
2087500 49 73
2088000 49 80
2088500 49 69
2089000 49 74
2089500 49 65
2090000 49 68
2090500 49 74
2091000 49 70
2091500 49 70
2092000 49 66
2092500 49 65
2093000 49 63
2093500 49 71
2094000 49 60
2094500 49 58
2095000 49 71
2095500 49 75
2096000 49 68
2096500 49 70
2097000 49 59
2097500 49 74
2098000 49 58
2098500 49 62
2099000 49 65
2099500 49 63
2100000 49 72
2100500 49 71
2101000 49 59
2101500 49 64
2102000 49 64
2102500 49 68
2103000 49 68
2103500 49 62
2104000 49 60
2104500 49 68
2105000 49 74
2105500 49 64
2106000 49 69
2106500 49 77
2107000 49 80
2107500 49 70
2108000 49 65
2108500 49 74
2109000 49 64
2109500 49 70
2110000 49 73
2110500 49 64
2111000 49 74
2111500 49 77
2112000 49 66
2112500 49 69
2113000 49 69
2113500 49 72
2114000 49 67
2114500 49 78
2115000 49 68
2115500 49 69
2116000 49 57
2116500 49 77
2117000 49 70
2117500 49 61
2118000 49 78
2118500 49 67
2119000 49 75
2119500 49 73
2120000 49 65
2120500 49 60
2121000 49 71
2121500 49 70
2122000 49 62
2122500 49 67
2123000 49 56
2123500 49 66
2124000 49 65
2124500 49 78
2125000 49 73
2125500 49 62
2126000 49 74
2126500 49 68
2127000 49 80
2127500 49 65
2128000 49 63
2128500 49 76
2129000 49 67
2129500 49 68
2130000 49 71
2130500 49 71
2131000 49 75
2131500 49 64
2132000 49 62
2132500 49 70
2133000 49 63
2133500 49 71
2134000 49 74
2134500 49 74
2135000 49 66
2135500 49 63
2136000 49 70
2136500 49 61
2137000 49 66
2137500 49 61
2138000 49 69
2138500 49 71
2139000 49 69
2139500 49 70
2140000 49 59
2140500 49 81
2141000 49 67
2141500 49 66
2142000 49 68
2142500 49 68
2143000 49 69
2143500 49 62
2144000 49 64
2144500 49 66
2145000 49 72
2145500 49 67
2146000 49 67
2146500 49 73
2147000 49 68
2147500 49 60
2148000 49 62
2148500 49 72
2149000 49 87
2149500 49 68
2150000 49 70
2150500 49 68
2151000 49 75
2151500 49 82
2152000 49 77
2152500 49 63
2153000 49 67
2153500 49 82
2154000 49 71
2154500 49 69
2155000 49 76
2155500 49 72
2156000 49 68
2156500 49 66
2157000 49 61
2157500 49 61
2158000 49 68
2158500 49 67
2159000 49 63
2159500 49 66
2160000 49 80
2160500 49 61
2161000 49 73
2161500 49 61
2162000 49 59
2162500 49 63
2163000 49 62
2163500 49 67
2164000 49 56
2164500 49 75
2165000 49 68
2165500 49 72
2166000 49 76
2166500 49 59
2167000 49 60
2167500 49 59
2168000 49 73
2168500 49 66
2169000 49 62
2169500 49 63
2170000 49 64
2170500 49 60
2171000 49 73
2171500 49 78
2172000 49 71
2172500 49 73
2173000 49 69
2173500 49 61
2174000 49 64
2174500 49 71
2175000 49 78
2175500 49 71
2176000 49 66
2176500 49 72
2177000 49 62
2177500 49 69
2178000 49 63
2178500 49 69
2179000 49 66
2179500 49 56
2180000 49 62
2180500 49 69
2181000 49 76
2181500 49 68
2182000 49 75
2182500 49 70
2183000 49 68
2183500 49 64
2184000 49 71
2184500 49 60
2185000 49 67
2185500 49 64
2186000 49 68
2186500 49 70
2187000 49 65
2187500 49 69
2188000 49 61
2188500 49 66
2189000 49 77
2189500 49 60
2190000 49 67
2190500 49 68
2191000 49 62
2191500 49 65
2192000 49 65
2192500 49 64
2193000 49 60
2193500 49 61
2194000 49 63
2194500 49 59
2195000 49 67
2195500 49 77
2196000 49 65
2196500 49 68
2197000 49 74
2197500 49 64
2198000 49 65
2198500 49 72
2199000 49 76
2199500 49 65
2200000 49 67
2200500 49 68
2201000 49 62
2201500 49 63
2202000 49 60
2202500 49 61
2203000 49 62
2203500 49 67
2204000 49 61
2204500 49 62
2205000 49 63
2205500 49 63
2206000 49 75
2206500 49 77
2207000 49 67
2207500 49 62
2208000 49 68
2208500 49 60
2209000 49 79
2209500 49 70
2210000 49 66
2210500 49 60
2211000 49 77
2211500 49 62
2212000 49 72
2212500 49 64
2213000 49 71
2213500 49 69
2214000 49 74
2214500 49 66
2215000 49 60
2215500 49 66
2216000 49 77
2216500 49 67
2217000 49 55
2217500 49 74
2218000 49 68
2218500 49 83
2219000 49 66
2219500 49 62
2220000 49 76
2220500 49 67
2221000 49 71
2221500 49 72
2222000 49 68
2222500 49 61
2223000 49 71
2223500 49 61
2224000 49 71
2224500 49 73
2225000 49 64
2225500 49 64
2226000 49 56
2226500 49 61
2227000 49 67
2227500 49 69
2228000 49 70
2228500 49 71
2229000 49 66
2229500 49 67
2230000 49 68
2230500 49 68
2231000 49 69
2231500 49 72
2232000 49 64
2232500 49 67
2233000 49 69
2233500 49 66
2234000 49 70
2234500 49 73
2235000 49 52
2235500 49 62
2236000 49 65
2236500 49 66
2237000 49 63
2237500 49 60
2238000 49 69
2238500 49 63
2239000 48 70
2239500 48 55
2240000 48 69
2240500 48 63
2241000 48 62
2241500 48 68
2242000 48 78
2242500 48 59
2243000 48 66
2243500 48 79
2244000 48 68
2244500 48 59
2245000 48 67
2245500 48 67
2246000 48 72
2246500 48 72
2247000 48 66
2247500 48 64
2248000 48 63
2248500 48 79
2249000 48 67
2249500 48 62
2250000 48 61
2250500 48 65
2251000 48 66
2251500 48 60
2252000 48 66
2252500 48 75
2253000 48 68
2253500 48 62
2254000 48 61
2254500 48 63
2255000 48 62
2255500 48 71
2256000 48 71
2256500 48 66
2257000 48 69
2257500 48 61
2258000 48 70
2258500 48 68
2259000 48 67
2259500 48 62
2260000 48 65
2260500 48 61
2261000 48 67
2261500 48 74
2262000 48 70
2262500 48 75
2263000 48 59
2263500 48 64
2264000 48 67
2264500 48 69
2265000 48 65
2265500 48 65
2266000 48 67
2266500 48 68
2267000 48 65
2267500 48 70
2268000 48 72
2268500 48 65
2269000 48 64
2269500 48 70
2270000 48 64
2270500 48 65
2271000 48 71
2271500 48 67
2272000 48 64
2272500 48 74
2273000 48 68
2273500 48 59
2274000 48 66
2274500 48 69
2275000 48 65
2275500 48 62
2276000 48 77
2276500 48 76
2277000 48 66
2277500 48 75
2278000 48 75
2278500 48 60
2279000 48 60
2279500 48 72
2280000 48 70
2280500 48 75
2281000 48 67
2281500 48 68
2282000 48 66
2282500 48 65
2283000 48 56
2283500 48 64
2284000 48 73
2284500 48 67
2285000 48 64
2285500 48 70
2286000 48 70
2286500 48 65
2287000 48 73
2287500 48 58
2288000 48 68
2288500 48 69
2289000 48 66
2289500 48 73
2290000 48 78
2290500 48 64
2291000 48 65
2291500 48 70
2292000 48 65
2292500 48 67
2293000 48 69
2293500 48 71
2294000 48 69
2294500 48 70
2295000 48 66
2295500 48 66
2296000 48 63
2296500 48 76
2297000 48 73
2297500 48 65
2298000 48 70
2298500 48 63
2299000 48 72
2299500 48 66
2300000 48 63
2300500 48 62
2301000 48 64
2301500 48 71
2302000 48 67
2302500 48 68
2303000 48 64
2303500 48 65
2304000 48 65
2304500 48 66
2305000 48 69
2305500 48 64
2306000 48 65
2306500 48 63
2307000 48 64
2307500 48 78
2308000 48 68
2308500 48 68
2309000 48 78
2309500 48 71
2310000 48 70
2310500 48 63
2311000 48 69
2311500 48 70
2312000 48 68
2312500 48 64
2313000 48 64
2313500 48 76
2314000 48 67
2314500 48 65
2315000 48 62
2315500 48 63
2316000 48 78
2316500 48 77
2317000 48 64
2317500 48 70
2318000 48 69
2318500 48 66
2319000 48 63
2319500 48 72
2320000 48 73
2320500 48 60
2321000 48 69
2321500 48 77
2322000 48 69
2322500 48 73
2323000 48 72
2323500 48 66
2324000 48 74
2324500 48 71
2325000 48 60
2325500 48 73
2326000 48 60
2326500 48 57
2327000 48 63
2327500 48 76
2328000 48 81
2328500 48 69
2329000 48 68
2329500 48 64
2330000 48 61
2330500 48 62
2331000 48 69
2331500 48 60
2332000 48 67
2332500 48 56
2333000 48 63
2333500 48 70
2334000 48 77
2334500 48 62
2335000 48 61
2335500 48 61
2336000 48 87
2336500 48 69
2337000 48 67
2337500 48 60
2338000 48 58
2338500 48 64
2339000 48 71
2339500 48 60
2340000 48 80
2340500 48 63
2341000 48 66
2341500 48 68
2342000 48 63
2342500 48 67
2343000 48 64
2343500 48 65
2344000 48 69
2344500 48 70
2345000 48 61
2345500 48 60
2346000 48 70
2346500 48 75
2347000 48 73
2347500 48 71
2348000 48 64
2348500 48 62
2349000 48 66
2349500 48 77
2350000 48 62
2350500 48 75
2351000 48 66
2351500 48 64
2352000 48 57
2352500 48 68
2353000 48 62
2353500 48 62
2354000 48 65
2354500 48 57
2355000 48 69
2355500 48 73
2356000 48 63
2356500 48 66
2357000 48 61
2357500 48 67
2358000 48 68
2358500 48 69
2359000 48 62
2359500 48 65
2360000 48 72
2360500 48 72
2361000 48 61
2361500 48 70
2362000 48 60
2362500 48 79
2363000 48 69
2363500 48 68
2364000 48 62
2364500 48 72
2365000 48 69
2365500 48 75
2366000 48 61
2366500 48 61
2367000 48 73
2367500 48 71
2368000 48 73
2368500 48 66
2369000 48 68
2369500 48 69
2370000 48 63
2370500 48 67
2371000 48 68
2371500 48 73
2372000 48 61
2372500 48 61
2373000 48 67
2373500 48 75
2374000 48 65
2374500 48 62
2375000 48 66
2375500 48 64
2376000 48 63
2376500 48 64
2377000 48 74
2377500 48 69
2378000 48 64
2378500 48 62
2379000 48 64
2379500 48 57
2380000 48 61
2380500 48 71
2381000 48 72
2381500 48 62
2382000 48 66
2382500 48 72
2383000 48 64
2383500 48 68
2384000 48 62
2384500 48 58
2385000 48 65
2385500 48 74
2386000 48 70
2386500 48 62
2387000 48 67
2387500 48 72
2388000 48 71
2388500 48 74
2389000 48 59
2389500 48 65
2390000 48 62
2390500 48 66
2391000 48 67
2391500 48 71
2392000 48 66
2392500 48 72
2393000 48 73
2393500 48 69
2394000 48 72
2394500 48 75
2395000 48 66
2395500 48 70
2396000 48 67
2396500 48 77
2397000 48 73
2397500 48 67
2398000 48 64
2398500 48 67
2399000 48 62
2399500 48 59
2400000 48 64
2400500 48 70
2401000 48 64
2401500 48 63
2402000 48 70
2402500 48 64
2403000 48 67
2403500 48 65
2404000 48 62
2404500 48 59
2405000 48 62
2405500 48 76
2406000 48 66
2406500 48 78
2407000 48 52
2407500 48 65
2408000 48 66
2408500 48 68
2409000 48 63
2409500 48 63
2410000 48 63
2410500 48 69
2411000 48 59
2411500 48 65
e
