0 167 172
500 127 137
1000 117 129
1500 109 124
2000 95 114
2500 89 112
3000 88 104
3500 86 107
4000 84 107
4500 82 103
5000 81 102
5500 78 101
6000 77 99
6500 77 97
7000 76 99
7500 74 100
8000 72 98
8500 72 98
9000 71 106
9500 70 93
10000 69 99
10500 69 105
11000 68 91
11500 67 95
12000 67 96
12500 67 92
13000 67 93
13500 67 97
14000 67 93
14500 66 98
15000 65 98
15500 64 93
16000 64 94
16500 63 99
17000 63 93
17500 63 91
18000 62 92
18500 62 88
19000 62 95
19500 61 100
20000 61 99
20500 61 91
21000 61 92
21500 61 83
22000 60 91
22500 60 95
23000 60 86
23500 60 91
24000 59 96
24500 59 90
25000 59 85
25500 59 88
26000 59 86
26500 58 87
27000 57 94
27500 57 87
28000 57 89
28500 56 89
29000 56 89
29500 56 87
30000 56 87
30500 56 89
31000 56 89
31500 56 87
32000 56 92
32500 56 87
33000 56 88
33500 56 90
34000 56 87
34500 56 88
35000 56 89
35500 56 85
36000 56 86
36500 56 92
37000 56 88
37500 56 86
38000 56 95
38500 56 91
39000 56 85
39500 56 78
40000 56 82
40500 56 92
41000 56 90
41500 56 94
42000 56 84
42500 56 89
43000 56 80
43500 56 84
44000 56 84
44500 56 90
45000 56 90
45500 56 85
46000 56 90
46500 56 83
47000 56 89
47500 56 86
48000 56 90
48500 56 90
49000 56 86
49500 56 96
50000 56 84
50500 56 86
51000 56 89
51500 56 88
52000 56 89
52500 56 79
53000 56 86
53500 56 89
54000 56 85
54500 56 91
55000 56 87
55500 56 88
56000 56 97
56500 56 85
57000 56 88
57500 56 92
58000 56 88
58500 56 87
59000 56 85
59500 56 90
60000 56 92
60500 56 89
61000 56 92
61500 56 84
62000 56 86
62500 56 85
63000 55 94
63500 55 81
64000 55 85
64500 55 80
65000 55 89
65500 55 87
66000 55 91
66500 55 86
67000 55 85
67500 55 90
68000 54 83
68500 54 88
69000 54 90
69500 53 82
70000 53 81
70500 53 90
71000 53 80
71500 53 79
72000 53 89
72500 53 90
73000 53 90
73500 53 81
74000 53 93
74500 53 82
75000 53 83
75500 53 91
76000 53 91
76500 53 88
77000 53 98
77500 53 82
78000 53 87
78500 53 88
79000 53 91
79500 53 89
80000 53 89
80500 53 86
81000 53 81
81500 53 79
82000 53 87
82500 53 92
83000 53 88
83500 53 79
84000 53 87
84500 53 84
85000 53 80
85500 53 93
86000 53 94
86500 53 86
87000 53 85
87500 53 84
88000 53 90
88500 53 89
89000 53 87
89500 53 91
90000 53 83
90500 53 94
91000 53 85
91500 53 85
92000 53 86
92500 53 77
93000 53 87
93500 53 87
94000 53 87
94500 53 92
95000 52 84
95500 52 87
96000 52 81
96500 52 89
97000 52 83
97500 52 92
98000 52 92
98500 52 85
99000 52 87
99500 51 89
100000 51 89
100500 51 83
101000 51 82
101500 51 87
102000 50 87
102500 50 83
103000 50 82
103500 50 79
104000 50 87
104500 50 77
105000 50 84
105500 50 87
106000 50 90
106500 50 84
107000 50 87
107500 50 87
108000 50 86
108500 50 84
109000 50 83
109500 50 93
110000 50 85
110500 50 82
111000 50 84
111500 50 86
112000 50 85
112500 50 91
113000 50 83
113500 50 81
114000 50 83
114500 50 83
115000 50 82
115500 50 84
116000 50 86
116500 50 86
117000 50 88
117500 50 86
118000 50 84
118500 50 83
119000 50 86
119500 50 82
120000 50 83
120500 50 82
121000 50 88
121500 50 81
122000 50 86
122500 50 94
123000 50 86
123500 50 80
124000 50 84
124500 50 83
125000 50 84
125500 50 78
126000 50 92
126500 50 91
127000 50 82
127500 50 87
128000 50 84
128500 50 86
129000 49 86
129500 49 84
130000 49 90
130500 49 82
131000 49 83
131500 49 81
132000 49 82
132500 49 90
133000 49 83
133500 49 80
134000 49 89
134500 49 87
135000 49 87
135500 49 80
136000 49 83
136500 49 90
137000 49 90
137500 49 85
138000 49 92
138500 49 82
139000 49 79
139500 49 83
140000 49 83
140500 49 84
141000 49 84
141500 49 89
142000 49 90
142500 49 87
143000 49 91
143500 49 90
144000 49 86
144500 49 88
145000 49 89
145500 49 85
146000 49 83
146500 49 81
147000 49 94
147500 49 81
148000 49 91
148500 49 86
149000 49 90
149500 49 83
150000 49 80
150500 49 86
151000 49 76
151500 49 86
152000 49 86
152500 49 80
153000 49 92
153500 49 76
154000 49 89
154500 49 81
155000 49 90
155500 49 82
156000 49 85
156500 49 85
157000 49 91
157500 49 89
158000 49 84
158500 49 77
159000 49 82
159500 49 86
160000 49 84
160500 49 85
161000 49 82
161500 49 81
162000 49 89
162500 49 77
163000 49 84
163500 49 85
164000 49 79
164500 49 90
165000 49 83
165500 49 86
166000 49 80
166500 49 90
167000 49 86
167500 49 84
168000 49 88
168500 49 87
169000 49 87
169500 49 87
170000 49 80
170500 49 86
171000 49 82
171500 49 85
172000 49 90
172500 49 85
173000 49 85
173500 49 97
174000 49 88
174500 49 85
175000 49 82
175500 49 88
176000 49 88
176500 49 87
177000 49 85
177500 49 84
178000 49 91
178500 49 81
179000 49 87
179500 49 82
180000 49 81
180500 49 85
181000 49 86
181500 49 90
182000 49 86
182500 49 78
183000 49 87
183500 49 81
184000 49 86
184500 49 84
185000 49 84
185500 49 91
186000 49 83
186500 49 85
187000 49 81
187500 49 80
188000 49 80
188500 49 81
189000 49 86
189500 49 85
190000 49 90
190500 49 87
191000 49 77
191500 49 86
192000 49 80
192500 49 87
193000 49 83
193500 49 83
194000 49 81
194500 49 79
195000 49 83
195500 49 85
196000 49 81
196500 49 78
197000 49 87
197500 49 80
198000 49 82
198500 49 83
199000 49 81
199500 49 88
200000 49 80
200500 49 85
201000 49 84
201500 49 92
202000 49 84
202500 49 82
203000 49 87
203500 49 93
204000 49 84
204500 49 79
205000 49 80
205500 49 89
206000 49 79
206500 49 79
207000 49 88
207500 49 81
208000 49 88
208500 49 86
209000 49 89
209500 49 81
210000 49 80
210500 49 78
211000 49 85
211500 49 82
212000 49 86
212500 49 87
213000 49 81
213500 49 86
214000 49 87
214500 49 82
215000 49 83
215500 49 89
216000 49 86
216500 49 88
217000 49 80
217500 49 85
218000 49 80
218500 49 87
219000 49 79
219500 49 86
220000 49 89
220500 49 84
221000 49 90
221500 49 90
222000 49 89
222500 49 88
223000 49 86
223500 49 86
224000 49 78
224500 49 89
225000 49 86
225500 49 83
226000 49 79
226500 49 86
227000 49 77
227500 49 84
228000 49 86
228500 49 88
229000 49 82
229500 49 87
230000 49 80
230500 49 96
231000 49 89
231500 49 81
232000 49 78
232500 49 85
233000 49 84
233500 49 85
234000 49 81
234500 49 86
235000 49 83
235500 49 91
236000 49 84
236500 49 91
237000 49 89
237500 49 89
238000 49 83
238500 49 84
239000 49 75
239500 49 78
240000 49 82
240500 49 89
241000 49 81
241500 49 84
242000 49 88
242500 49 87
243000 49 83
243500 49 83
244000 49 84
244500 49 80
245000 49 86
245500 49 94
246000 49 83
246500 49 88
247000 49 85
247500 49 81
248000 49 85
248500 49 83
249000 49 89
249500 49 78
250000 49 87
250500 49 80
251000 49 89
251500 49 82
252000 49 85
252500 49 85
253000 49 79
253500 49 84
254000 49 82
254500 49 90
255000 49 81
255500 49 84
256000 49 79
256500 49 83
257000 49 84
257500 49 82
258000 49 86
258500 49 86
259000 49 85
259500 49 81
260000 49 89
260500 49 84
261000 49 85
261500 49 85
262000 49 78
262500 49 89
263000 49 83
263500 49 94
264000 49 81
264500 49 84
265000 49 84
265500 49 91
266000 49 84
266500 49 82
267000 49 77
267500 49 84
268000 49 87
268500 49 86
269000 49 83
269500 49 86
270000 49 85
270500 49 86
271000 49 89
271500 49 88
272000 49 77
272500 49 81
273000 49 81
273500 49 83
274000 49 81
274500 49 79
275000 49 87
275500 49 86
276000 49 86
276500 49 83
277000 49 77
277500 49 81
278000 49 87
278500 49 86
279000 49 82
279500 49 82
280000 49 88
280500 49 78
281000 49 90
281500 49 78
282000 49 91
282500 49 89
283000 49 81
283500 49 81
284000 49 84
284500 49 88
285000 49 86
285500 49 95
286000 49 96
286500 49 84
287000 49 89
287500 49 89
288000 49 82
288500 49 88
289000 49 85
289500 49 83
290000 49 89
290500 49 81
291000 49 84
291500 49 79
292000 49 92
292500 49 85
293000 49 81
293500 49 85
294000 49 83
294500 49 79
295000 49 79
295500 49 86
296000 49 81
296500 49 92
297000 49 79
297500 49 78
298000 49 86
298500 49 82
299000 49 87
299500 49 83
300000 49 86
300500 49 83
301000 49 84
301500 49 83
302000 49 83
302500 49 84
303000 49 90
303500 49 89
304000 49 78
304500 49 81
305000 49 88
305500 49 83
306000 49 82
306500 49 83
307000 49 80
307500 49 82
308000 49 78
308500 49 87
309000 49 86
309500 49 80
310000 49 86
310500 49 81
311000 49 79
311500 49 78
312000 49 86
312500 49 85
313000 49 97
313500 49 82
314000 49 83
314500 49 82
315000 49 82
315500 49 82
316000 49 80
316500 49 79
317000 49 85
317500 49 92
318000 49 89
318500 49 91
319000 49 87
319500 49 81
320000 49 84
320500 49 88
321000 49 86
321500 49 89
322000 49 86
322500 49 78
323000 49 78
323500 49 92
324000 49 85
324500 49 86
325000 49 81
325500 49 87
326000 49 83
326500 49 80
327000 49 86
327500 49 85
328000 49 92
328500 49 82
329000 49 83
329500 49 86
330000 49 81
330500 49 84
331000 49 85
331500 49 84
332000 49 87
332500 49 83
333000 49 79
333500 49 82
334000 49 87
334500 49 87
335000 49 79
335500 49 82
336000 49 79
336500 49 91
337000 49 83
337500 49 90
338000 49 90
338500 49 88
339000 49 84
339500 49 82
340000 49 85
340500 49 88
341000 49 80
341500 49 80
342000 49 83
342500 49 84
343000 49 84
343500 49 79
344000 49 83
344500 49 80
345000 49 83
345500 49 82
346000 49 86
346500 49 87
347000 49 82
347500 49 90
348000 49 83
348500 49 82
349000 49 86
349500 49 87
350000 49 87
350500 49 81
351000 49 90
351500 49 86
352000 49 89
352500 49 89
353000 49 74
353500 49 90
354000 49 89
354500 49 79
355000 49 87
355500 49 86
356000 49 83
356500 49 83
357000 49 81
357500 49 86
358000 49 88
358500 49 87
359000 49 82
359500 49 86
360000 49 88
360500 49 87
361000 49 84
361500 49 85
362000 49 85
362500 49 87
363000 49 90
363500 49 79
364000 49 86
364500 49 84
365000 49 93
365500 49 83
366000 49 78
366500 49 86
367000 49 82
367500 49 85
368000 49 81
368500 49 88
369000 49 84
369500 49 80
370000 49 86
370500 49 87
371000 49 77
371500 49 81
372000 49 88
372500 49 85
373000 49 84
373500 49 83
374000 49 83
374500 49 92
375000 49 81
375500 49 82
376000 49 80
376500 49 83
377000 49 90
377500 49 83
378000 49 80
378500 49 84
379000 49 75
379500 49 86
380000 49 88
380500 49 85
381000 49 83
381500 49 80
382000 49 89
382500 49 85
383000 49 78
383500 49 80
384000 49 87
384500 49 90
385000 49 90
385500 49 84
386000 49 86
386500 49 79
387000 49 83
387500 49 89
388000 49 86
388500 49 85
389000 49 83
389500 49 84
390000 49 81
390500 49 81
391000 49 87
391500 48 86
392000 48 74
392500 48 90
393000 48 76
393500 48 81
394000 48 81
394500 48 86
395000 48 89
395500 48 89
396000 48 80
396500 48 86
397000 48 82
397500 48 84
398000 48 77
398500 48 88
399000 48 85
399500 48 89
400000 48 82
400500 48 77
401000 48 84
401500 48 90
402000 48 89
402500 48 76
403000 48 84
403500 48 87
404000 48 78
404500 48 79
405000 48 88
405500 48 80
406000 48 80
406500 48 80
407000 48 82
407500 48 84
408000 48 87
408500 48 87
409000 48 78
409500 48 80
410000 48 85
410500 48 79
411000 48 89
411500 48 82
412000 48 87
412500 48 82
413000 48 83
413500 48 87
414000 48 76
414500 48 81
415000 48 85
415500 48 81
416000 48 84
416500 48 83
417000 48 81
417500 48 85
418000 48 87
418500 48 79
419000 48 75
419500 48 84
420000 48 78
420500 48 85
421000 48 82
421500 48 94
422000 48 79
422500 48 85
423000 48 89
423500 48 88
424000 48 75
424500 48 80
425000 48 83
425500 48 76
426000 48 82
426500 48 86
427000 48 93
427500 48 94
428000 48 80
428500 48 81
429000 48 82
429500 48 88
430000 48 80
430500 48 82
431000 48 85
431500 48 85
432000 48 83
432500 48 84
433000 48 86
433500 48 89
434000 48 88
434500 48 83
435000 48 87
435500 48 80
436000 48 83
436500 48 83
437000 48 84
437500 48 87
438000 48 83
438500 48 82
439000 48 86
439500 48 78
440000 48 86
440500 48 80
441000 48 90
441500 48 85
442000 48 76
442500 48 79
443000 48 87
443500 48 88
444000 48 85
444500 48 82
445000 48 82
445500 48 85
446000 48 78
446500 48 80
447000 48 85
447500 48 83
448000 48 82
448500 48 79
449000 48 79
449500 48 84
450000 48 83
450500 48 83
451000 48 89
451500 48 85
452000 48 80
452500 48 89
453000 48 83
453500 48 80
454000 48 86
454500 48 81
455000 48 92
455500 48 79
456000 48 79
456500 48 81
457000 48 83
457500 48 86
458000 48 88
458500 48 89
459000 48 89
459500 48 85
460000 48 83
460500 48 88
461000 48 88
461500 48 85
462000 48 82
462500 48 85
463000 48 87
463500 48 79
464000 48 86
464500 48 81
465000 48 81
465500 48 84
466000 48 80
466500 48 81
467000 48 93
467500 48 81
468000 48 74
468500 48 85
469000 48 83
469500 48 77
470000 48 85
470500 48 85
471000 48 83
471500 48 84
472000 48 89
472500 48 77
473000 48 80
473500 48 82
474000 48 80
474500 48 86
475000 48 79
475500 48 78
476000 48 83
476500 48 83
477000 48 86
477500 48 85
478000 48 82
478500 48 81
479000 48 80
479500 48 87
480000 48 84
480500 48 91
481000 48 84
481500 48 84
482000 48 89
482500 48 81
483000 48 93
483500 48 81
484000 48 83
484500 48 86
485000 48 81
485500 48 75
486000 48 80
486500 48 87
487000 48 85
487500 48 87
488000 48 86
488500 48 79
489000 48 82
489500 48 87
490000 48 75
490500 48 86
491000 48 76
491500 48 83
492000 48 94
492500 48 84
493000 48 84
493500 48 81
494000 48 84
494500 48 84
495000 48 86
495500 48 81
496000 48 89
496500 48 78
497000 48 86
497500 48 83
498000 48 82
498500 48 87
499000 48 84
499500 48 81
500000 48 84
500500 48 85
501000 48 84
501500 48 83
502000 48 74
502500 48 87
503000 48 93
503500 48 77
504000 48 78
504500 48 81
505000 48 81
505500 48 85
506000 48 88
506500 48 83
507000 48 84
507500 48 78
508000 48 82
508500 48 94
509000 48 87
509500 48 80
510000 48 85
510500 48 76
511000 48 81
511500 48 85
512000 48 78
512500 48 86
513000 48 92
513500 48 84
514000 48 87
514500 48 86
515000 48 89
515500 48 78
516000 48 84
516500 48 79
517000 48 82
517500 48 91
518000 48 86
518500 48 83
519000 48 86
519500 48 89
520000 48 86
520500 48 80
521000 48 90
521500 48 86
522000 48 82
522500 48 80
523000 48 82
523500 48 84
524000 48 87
524500 48 78
525000 48 89
525500 48 77
526000 48 78
526500 48 79
527000 48 79
527500 48 86
528000 48 89
528500 48 82
529000 48 84
529500 48 79
530000 48 84
530500 48 81
531000 48 90
531500 48 84
532000 48 86
532500 48 87
533000 48 80
533500 48 86
534000 48 76
534500 48 84
535000 48 84
535500 48 82
536000 48 89
536500 48 77
537000 48 87
537500 48 86
538000 48 88
538500 48 84
539000 48 82
539500 48 84
540000 48 82
540500 48 82
541000 48 88
541500 48 84
542000 48 84
542500 48 85
543000 48 88
543500 48 86
544000 48 77
544500 48 84
545000 48 83
545500 48 90
546000 48 78
546500 48 86
547000 48 83
547500 48 89
548000 48 82
548500 48 87
549000 48 84
549500 48 84
550000 48 80
550500 48 88
551000 48 83
551500 48 90
552000 48 84
552500 48 83
553000 48 83
553500 48 80
554000 48 83
554500 48 88
555000 48 89
555500 48 82
556000 48 83
556500 48 83
557000 48 89
557500 48 81
558000 48 90
558500 48 85
559000 48 84
559500 48 93
560000 48 92
560500 48 86
561000 48 88
561500 48 85
562000 48 79
562500 48 82
563000 48 83
563500 48 92
564000 48 83
564500 48 81
565000 48 78
565500 48 92
566000 48 84
566500 48 84
567000 48 90
567500 48 84
568000 48 79
568500 48 83
569000 48 81
569500 48 84
570000 48 82
570500 48 89
571000 48 83
571500 48 88
572000 48 88
572500 48 79
573000 48 83
573500 48 85
574000 48 89
574500 48 88
575000 47 84
575500 47 75
576000 47 87
576500 47 86
577000 47 78
577500 47 77
578000 47 88
578500 47 88
579000 47 82
579500 47 77
580000 47 92
580500 47 79
581000 47 80
581500 47 80
582000 47 82
582500 47 87
583000 47 81
583500 47 85
584000 47 87
584500 47 84
585000 47 82
585500 47 87
586000 47 84
586500 47 89
587000 47 84
587500 47 78
588000 47 85
588500 47 86
589000 47 83
589500 47 84
590000 47 83
590500 47 76
591000 47 80
591500 47 81
592000 47 79
592500 47 82
593000 47 81
593500 47 78
594000 47 79
594500 47 88
595000 47 89
595500 47 83
596000 47 79
596500 47 80
597000 47 84
597500 47 83
598000 47 80
598500 47 89
599000 47 80
599500 47 82
600000 47 86
600500 47 74
601000 47 83
601500 47 84
602000 47 85
602500 47 88
603000 47 80
603500 47 85
604000 47 80
604500 47 84
605000 47 84
605500 47 81
606000 47 75
606500 47 78
607000 47 82
607500 47 82
608000 47 85
608500 47 81
609000 47 84
609500 47 82
610000 47 82
610500 47 83
611000 47 80
611500 47 88
612000 47 84
612500 47 73
613000 47 83
613500 47 85
614000 47 82
614500 47 81
615000 47 88
615500 47 76
616000 47 81
616500 47 78
617000 47 85
617500 47 89
618000 47 84
618500 47 81
619000 47 84
619500 47 80
620000 47 75
620500 47 79
621000 47 84
621500 47 81
622000 47 86
622500 47 84
623000 47 81
623500 47 85
624000 47 76
624500 47 87
625000 47 80
625500 47 85
626000 47 88
626500 47 82
627000 47 82
627500 47 91
628000 47 95
628500 47 85
629000 47 92
629500 47 80
630000 47 83
630500 47 86
631000 47 80
631500 47 85
632000 47 84
632500 47 89
633000 47 85
633500 47 85
634000 47 87
634500 47 86
635000 47 81
635500 47 78
636000 47 81
636500 47 83
637000 47 80
637500 47 90
638000 47 86
638500 47 80
639000 47 86
639500 47 78
640000 47 84
640500 47 89
641000 47 91
641500 47 85
642000 47 94
642500 47 79
643000 47 83
643500 47 80
644000 47 78
644500 47 81
645000 47 83
645500 47 87
646000 47 75
646500 47 84
647000 47 81
647500 47 85
648000 47 79
648500 47 84
649000 47 82
649500 47 86
650000 47 79
650500 47 83
651000 47 83
651500 47 90
652000 47 84
652500 47 94
653000 47 87
653500 47 78
654000 47 84
654500 47 91
655000 47 93
655500 47 80
656000 47 84
656500 47 87
657000 47 76
657500 47 82
658000 47 79
658500 47 84
659000 47 81
659500 47 85
660000 47 84
660500 47 85
661000 47 77
661500 47 80
662000 47 80
662500 47 75
663000 47 86
663500 47 83
664000 47 78
664500 47 86
665000 47 85
665500 47 84
666000 47 87
666500 47 84
667000 47 82
667500 47 82
668000 47 82
668500 47 80
669000 47 79
669500 47 82
670000 47 80
670500 47 77
671000 47 82
671500 47 85
672000 47 79
672500 47 81
673000 47 85
673500 47 91
674000 47 86
674500 47 87
675000 47 83
675500 47 82
676000 47 80
676500 47 81
677000 47 86
677500 47 84
678000 47 82
678500 47 75
679000 47 92
679500 47 84
680000 47 88
680500 47 80
681000 47 84
681500 47 90
682000 47 80
682500 47 83
683000 47 84
683500 47 84
684000 47 83
684500 47 89
685000 47 85
685500 47 91
686000 47 85
686500 47 82
687000 47 86
687500 47 81
688000 47 85
688500 47 86
689000 47 78
689500 47 81
690000 47 88
690500 47 77
691000 47 85
691500 47 85
692000 47 81
692500 47 89
693000 47 80
693500 47 76
694000 47 90
694500 47 76
695000 47 80
695500 47 90
696000 47 86
696500 47 76
697000 47 82
697500 47 84
698000 47 81
698500 47 84
699000 47 81
699500 47 87
700000 47 78
700500 47 85
701000 47 79
701500 47 86
702000 47 79
702500 47 84
703000 47 85
703500 47 91
704000 47 77
704500 47 72
705000 47 86
705500 47 75
706000 47 79
706500 47 77
707000 47 90
707500 47 83
708000 47 80
708500 47 83
709000 47 81
709500 47 74
710000 47 84
710500 47 88
711000 47 82
711500 47 79
712000 47 76
712500 47 83
713000 47 86
713500 47 80
714000 47 78
714500 47 85
715000 47 83
715500 47 84
716000 47 75
716500 47 84
717000 47 81
717500 47 79
718000 47 80
718500 47 87
719000 47 78
719500 47 82
720000 47 82
720500 47 84
721000 47 83
721500 47 80
722000 47 79
722500 47 87
723000 47 85
723500 47 81
724000 47 92
724500 47 79
725000 47 89
725500 47 78
726000 47 83
726500 47 80
727000 47 80
727500 47 78
728000 47 81
728500 47 81
729000 47 85
729500 47 87
730000 47 83
730500 47 81
731000 47 88
731500 47 86
732000 47 85
732500 47 88
733000 47 79
733500 47 76
734000 47 90
734500 47 86
735000 47 82
735500 47 79
736000 47 81
736500 47 85
737000 47 80
737500 47 83
738000 47 77
738500 47 82
739000 47 92
739500 47 80
740000 47 85
740500 47 81
741000 47 88
741500 47 84
742000 47 84
742500 47 80
743000 47 89
743500 47 86
744000 47 83
744500 47 79
745000 47 84
745500 47 88
746000 47 82
746500 47 86
747000 47 85
747500 47 80
748000 47 77
748500 47 84
749000 47 90
749500 47 89
750000 47 79
750500 47 84
751000 47 83
751500 47 82
752000 47 81
752500 47 82
753000 47 89
753500 47 83
754000 47 85
754500 47 81
755000 47 79
755500 47 86
756000 47 72
756500 47 76
757000 47 87
757500 47 80
758000 47 82
758500 47 85
759000 47 92
759500 47 75
760000 47 86
760500 47 80
761000 47 85
761500 47 81
762000 47 76
762500 47 81
763000 47 80
763500 47 94
764000 47 79
764500 47 92
765000 47 80
765500 47 88
766000 47 77
766500 47 84
767000 47 87
767500 47 83
768000 47 76
768500 47 84
769000 47 85
769500 47 85
770000 47 81
770500 47 87
771000 47 87
771500 47 90
772000 47 82
772500 47 83
773000 47 77
773500 47 86
774000 47 80
774500 47 88
775000 47 82
775500 47 86
776000 47 86
776500 47 79
777000 47 88
777500 47 90
778000 47 89
778500 47 82
779000 47 81
779500 47 82
780000 47 80
780500 47 88
781000 47 83
781500 47 84
782000 47 84
782500 47 80
783000 47 83
783500 47 83
784000 47 85
784500 47 91
785000 47 85
785500 47 75
786000 47 83
786500 47 83
787000 47 79
787500 47 88
788000 47 84
788500 47 87
789000 47 85
789500 47 86
790000 47 76
790500 47 82
791000 47 86
791500 47 90
792000 47 80
792500 47 81
793000 47 87
793500 47 87
794000 47 80
794500 47 89
795000 47 84
795500 47 82
796000 47 86
796500 47 83
797000 47 84
797500 47 83
798000 47 82
798500 47 87
799000 47 79
799500 47 85
800000 47 80
800500 47 81
801000 47 82
801500 47 89
802000 47 80
802500 47 84
803000 47 80
803500 47 84
804000 47 80
804500 47 82
805000 47 80
805500 47 81
806000 47 82
806500 47 80
807000 47 87
807500 47 84
808000 47 85
808500 47 87
809000 47 85
809500 47 84
810000 47 88
810500 47 80
811000 47 82
811500 47 82
812000 47 83
812500 47 78
813000 47 77
813500 47 89
814000 47 83
814500 47 86
815000 47 91
815500 47 91
816000 47 81
816500 47 75
817000 47 87
817500 47 84
818000 47 82
818500 47 78
819000 47 83
819500 47 89
820000 47 77
820500 47 79
821000 47 93
821500 47 84
822000 47 88
822500 47 85
823000 47 78
823500 47 88
824000 47 85
824500 47 89
825000 47 83
825500 47 79
826000 47 81
826500 47 89
827000 47 78
827500 47 78
828000 47 87
828500 47 87
829000 47 88
829500 47 87
830000 47 82
e
