0 150 153
500 116 126
1000 105 115
1500 99 114
2000 93 108
2500 91 108
3000 85 104
3500 79 98
4000 77 96
4500 75 98
5000 72 91
5500 70 89
6000 66 91
6500 64 90
7000 62 84
7500 61 93
8000 60 85
8500 59 89
9000 58 85
9500 56 83
10000 56 80
10500 55 83
11000 55 83
11500 55 81
12000 54 82
12500 54 91
13000 52 89
13500 52 83
14000 51 81
14500 51 79
15000 51 78
15500 51 80
16000 51 82
16500 51 79
17000 51 89
17500 50 84
18000 50 82
18500 50 83
19000 50 74
19500 50 80
20000 50 76
20500 49 83
21000 49 73
21500 49 84
22000 49 89
22500 49 72
23000 49 72
23500 49 78
24000 49 86
24500 49 85
25000 49 79
25500 49 83
26000 49 73
26500 49 75
27000 49 80
27500 49 81
28000 49 79
28500 49 82
29000 48 73
29500 48 80
30000 48 81
30500 48 77
31000 48 84
31500 48 75
32000 48 87
32500 48 76
33000 48 78
33500 48 79
34000 48 79
34500 48 78
35000 48 84
35500 48 76
36000 48 85
36500 48 81
37000 48 73
37500 48 73
38000 48 75
38500 48 80
39000 48 74
39500 48 76
40000 48 81
40500 48 76
41000 48 84
41500 48 77
42000 48 73
42500 47 74
43000 47 78
43500 46 85
44000 46 78
44500 46 77
45000 46 83
45500 46 78
46000 46 83
46500 46 79
47000 46 73
47500 46 80
48000 46 84
48500 46 76
49000 46 75
49500 46 81
50000 45 79
50500 45 69
51000 45 78
51500 45 76
52000 45 73
52500 45 76
53000 45 81
53500 45 85
54000 45 75
54500 45 79
55000 45 75
55500 45 71
56000 45 69
56500 45 79
57000 45 73
57500 45 80
58000 45 79
58500 45 72
59000 45 77
59500 45 69
60000 45 79
60500 45 83
61000 45 76
61500 45 75
62000 45 71
62500 44 77
63000 44 76
63500 44 72
64000 44 82
64500 44 80
65000 44 79
65500 44 74
66000 44 73
66500 44 76
67000 44 79
67500 44 75
68000 44 75
68500 44 69
69000 44 82
69500 44 80
70000 44 78
70500 44 74
71000 43 78
71500 43 84
72000 43 72
72500 43 74
73000 43 77
73500 43 78
74000 43 82
74500 43 77
75000 43 83
75500 43 76
76000 43 74
76500 43 81
77000 43 81
77500 43 74
78000 43 73
78500 43 77
79000 43 71
79500 43 69
80000 43 74
80500 43 73
81000 43 72
81500 43 68
82000 43 76
82500 43 79
83000 43 75
83500 43 72
84000 43 80
84500 43 77
85000 43 80
85500 43 84
86000 43 76
86500 43 72
87000 43 72
87500 43 80
88000 43 79
88500 43 75
89000 43 76
89500 43 74
90000 43 86
90500 43 77
91000 43 74
91500 43 83
92000 43 74
92500 43 77
93000 43 79
93500 43 81
94000 43 79
94500 43 72
95000 43 74
95500 43 74
96000 43 69
96500 43 83
97000 43 79
97500 43 76
98000 43 74
98500 43 77
99000 43 74
99500 43 80
100000 43 78
100500 43 75
101000 43 77
101500 43 70
102000 43 81
102500 43 73
103000 43 86
103500 43 80
104000 43 79
104500 43 78
105000 43 76
105500 43 75
106000 43 73
106500 43 77
107000 43 73
107500 43 80
108000 43 78
108500 43 79
109000 43 77
109500 43 71
110000 43 70
110500 43 77
111000 43 76
111500 43 77
112000 43 76
112500 43 77
113000 43 74
113500 43 74
114000 43 72
114500 43 75
115000 43 79
115500 43 81
116000 43 71
116500 43 70
117000 43 76
117500 43 81
118000 43 71
118500 43 72
119000 43 82
119500 43 78
120000 43 78
120500 43 78
121000 43 75
121500 43 75
122000 43 77
122500 43 76
123000 43 84
123500 43 73
124000 43 86
124500 43 79
125000 43 82
125500 43 71
126000 43 69
126500 43 78
127000 43 82
127500 43 79
128000 43 78
128500 43 73
129000 43 77
129500 43 81
130000 43 70
130500 43 79
131000 43 76
131500 42 75
132000 42 78
132500 42 74
133000 42 77
133500 42 69
134000 42 74
134500 42 76
135000 42 72
135500 42 67
136000 42 74
136500 42 73
137000 42 80
137500 42 73
138000 42 88
138500 42 72
139000 42 74
139500 42 82
140000 42 84
140500 42 78
141000 42 77
141500 42 73
142000 42 74
142500 42 81
143000 42 80
143500 42 81
144000 42 73
144500 42 74
145000 42 74
145500 42 76
146000 42 79
146500 42 71
147000 42 70
147500 42 70
148000 42 78
148500 42 76
149000 42 81
149500 42 74
150000 42 68
150500 42 77
151000 42 75
151500 42 74
152000 42 73
152500 42 79
153000 42 69
153500 42 74
154000 42 70
154500 42 70
155000 42 72
155500 42 78
156000 42 69
156500 42 73
157000 42 81
157500 42 81
158000 42 73
158500 42 80
159000 42 67
159500 42 84
160000 42 72
160500 42 74
161000 42 77
161500 42 80
162000 42 82
162500 42 78
163000 42 73
163500 42 79
164000 42 77
164500 42 70
165000 42 71
165500 42 75
166000 42 75
166500 42 71
167000 42 75
167500 42 74
168000 42 74
168500 42 78
169000 42 78
169500 42 79
170000 42 77
170500 42 75
171000 42 73
171500 42 83
172000 42 82
172500 42 76
173000 42 67
173500 42 75
174000 42 71
174500 42 75
175000 42 75
175500 42 70
176000 42 74
176500 42 70
177000 42 72
177500 42 88
178000 42 77
178500 42 75
179000 42 79
179500 42 81
180000 42 77
180500 42 78
181000 42 73
181500 42 76
182000 42 78
182500 42 75
183000 42 70
183500 42 70
184000 42 73
184500 42 77
185000 42 74
185500 42 84
186000 42 77
186500 42 74
187000 42 80
187500 42 79
188000 42 76
188500 42 83
189000 42 70
189500 42 79
190000 42 76
190500 42 71
191000 42 73
191500 42 76
192000 42 81
192500 42 77
193000 42 76
193500 42 74
194000 42 81
194500 42 76
195000 42 80
195500 42 78
196000 42 67
196500 42 76
197000 42 68
197500 42 78
198000 42 78
198500 42 81
199000 42 77
199500 42 77
200000 42 80
200500 42 73
201000 42 76
201500 42 78
202000 42 75
202500 42 71
203000 42 67
203500 42 70
204000 42 75
204500 42 72
205000 42 78
205500 42 73
206000 42 81
206500 42 82
207000 42 73
207500 42 80
208000 42 69
208500 42 68
209000 42 73
209500 42 71
210000 42 80
210500 42 73
211000 42 75
211500 42 74
212000 42 72
212500 42 72
213000 42 73
213500 42 81
214000 42 73
214500 42 75
215000 42 81
215500 42 77
216000 42 72
216500 42 83
217000 42 69
217500 42 73
218000 42 80
218500 42 77
219000 42 78
219500 42 74
220000 42 76
220500 42 78
221000 42 77
221500 42 72
222000 42 74
222500 42 76
223000 42 79
223500 42 70
224000 42 68
224500 42 74
225000 42 84
225500 42 74
226000 42 75
226500 42 75
227000 42 77
227500 42 80
228000 42 74
228500 42 68
229000 42 77
229500 42 79
230000 42 79
230500 42 76
231000 42 77
231500 42 75
232000 42 70
232500 42 73
233000 42 72
233500 42 68
234000 42 77
234500 42 64
235000 42 74
235500 42 74
236000 42 76
236500 42 78
237000 42 76
237500 42 74
238000 42 80
238500 42 76
239000 42 78
239500 42 78
240000 42 72
240500 42 78
241000 42 75
241500 42 73
242000 42 75
242500 42 77
243000 42 73
243500 42 76
244000 42 75
244500 42 78
245000 42 76
245500 42 73
246000 42 71
246500 42 78
247000 42 73
247500 42 74
248000 42 83
248500 42 71
249000 42 79
249500 42 78
250000 42 72
250500 42 65
251000 42 71
251500 42 71
252000 42 84
252500 42 74
253000 42 73
253500 42 75
254000 42 80
254500 42 72
255000 42 74
255500 42 75
256000 42 84
256500 42 83
257000 42 75
257500 42 74
258000 42 78
258500 42 74
259000 42 79
259500 42 78
260000 42 70
260500 42 74
261000 42 69
261500 42 81
262000 42 69
262500 42 74
263000 42 79
263500 42 80
264000 42 77
264500 42 76
265000 42 76
265500 42 67
266000 42 80
266500 42 72
267000 42 78
267500 42 84
268000 42 82
268500 42 77
269000 42 71
269500 42 76
270000 42 74
270500 42 74
271000 42 77
271500 42 73
272000 42 73
272500 42 76
273000 42 75
273500 42 77
274000 42 75
274500 42 78
275000 42 73
275500 42 74
276000 42 83
276500 42 74
277000 42 74
277500 42 84
278000 42 80
278500 42 79
279000 42 70
279500 42 68
280000 42 81
280500 42 70
281000 42 80
281500 42 68
282000 42 72
282500 42 69
283000 42 77
283500 42 73
284000 42 76
284500 42 75
285000 42 79
285500 42 75
286000 42 77
286500 42 73
287000 42 71
287500 42 77
288000 42 79
288500 42 75
289000 42 78
289500 42 78
290000 42 84
290500 42 72
291000 42 72
291500 42 71
292000 42 73
292500 42 82
293000 42 78
293500 42 84
294000 42 70
294500 42 76
295000 42 71
295500 42 72
296000 42 81
296500 42 75
297000 42 80
297500 42 68
298000 42 65
298500 42 78
299000 42 76
299500 42 70
300000 42 72
300500 42 81
301000 42 74
301500 42 70
302000 42 76
302500 42 77
303000 42 78
303500 42 82
304000 42 83
304500 42 79
305000 42 79
305500 42 73
306000 42 78
306500 42 80
307000 42 75
307500 42 77
308000 42 73
308500 42 72
309000 42 74
309500 42 72
310000 42 76
310500 42 73
311000 42 67
311500 42 67
312000 42 78
312500 42 71
313000 42 76
313500 42 81
314000 42 73
314500 41 75
315000 41 79
315500 41 80
316000 41 74
316500 41 78
317000 41 73
317500 41 76
318000 41 74
318500 41 75
319000 41 75
319500 41 69
320000 41 69
320500 41 74
321000 41 76
321500 41 75
322000 41 80
322500 41 81
323000 41 77
323500 41 83
324000 41 79
324500 41 76
325000 41 74
325500 41 78
326000 41 66
326500 41 85
327000 41 65
327500 41 76
328000 41 76
328500 41 69
329000 41 72
329500 41 74
330000 41 74
330500 41 71
331000 41 76
331500 41 75
332000 41 65
332500 41 76
333000 41 78
333500 41 79
334000 41 78
334500 41 74
335000 41 70
335500 41 75
336000 41 67
336500 41 76
337000 41 77
337500 41 77
338000 41 81
338500 41 79
339000 41 71
339500 41 73
340000 41 77
340500 41 76
341000 41 76
341500 41 75
342000 41 75
342500 41 68
343000 41 75
343500 41 72
344000 41 77
344500 41 70
345000 41 73
345500 41 73
346000 41 72
346500 41 72
347000 41 70
347500 41 73
348000 41 74
348500 41 69
349000 41 77
349500 41 75
350000 41 71
350500 41 78
351000 41 76
351500 41 74
352000 41 77
352500 41 69
353000 41 70
353500 41 73
354000 41 81
354500 41 69
355000 41 77
355500 41 78
356000 41 75
356500 41 76
357000 41 78
357500 41 75
358000 41 77
358500 41 77
359000 41 70
359500 41 73
360000 41 71
360500 41 77
361000 41 77
361500 41 75
362000 41 77
362500 41 70
363000 41 71
363500 41 71
364000 41 76
364500 41 75
365000 41 73
365500 41 66
366000 41 66
366500 41 73
367000 41 71
367500 41 83
368000 41 69
368500 41 73
369000 41 78
369500 41 77
370000 41 69
370500 41 74
371000 41 73
371500 41 78
372000 41 75
372500 41 78
373000 41 74
373500 41 76
374000 41 78
374500 41 76
375000 41 67
375500 41 81
376000 41 74
376500 41 76
377000 41 78
377500 41 75
378000 41 80
378500 41 76
379000 41 73
379500 41 73
380000 41 70
380500 41 79
381000 41 77
381500 41 77
382000 41 82
382500 41 75
383000 41 71
383500 41 77
384000 41 74
384500 41 79
385000 41 78
385500 41 79
386000 41 79
386500 41 81
387000 41 81
387500 41 74
388000 41 74
388500 41 78
389000 41 76
389500 41 82
390000 41 72
390500 41 71
391000 41 72
391500 41 78
392000 41 72
392500 41 79
393000 41 77
393500 41 80
394000 41 69
394500 41 80
395000 41 71
395500 41 74
396000 41 74
396500 41 76
397000 41 81
397500 41 84
398000 41 76
398500 41 69
399000 41 70
399500 41 76
400000 41 77
400500 41 81
401000 41 75
401500 41 78
402000 41 76
402500 41 75
403000 41 74
403500 41 75
404000 41 67
404500 41 73
405000 41 75
405500 41 71
406000 41 77
406500 41 78
407000 41 72
407500 41 74
408000 41 80
408500 41 80
409000 41 71
409500 41 72
410000 41 78
410500 41 73
411000 41 69
411500 41 73
412000 41 75
412500 41 68
413000 41 72
413500 41 79
414000 41 76
414500 41 71
415000 41 77
415500 41 83
416000 41 90
416500 41 78
417000 41 81
417500 41 71
418000 41 74
418500 41 80
419000 41 69
419500 41 75
420000 41 77
420500 41 72
421000 41 79
421500 41 84
422000 41 78
422500 41 68
423000 41 79
423500 41 76
424000 41 74
424500 41 76
425000 41 80
425500 41 79
426000 41 72
426500 41 81
427000 41 79
427500 41 76
428000 41 77
428500 41 77
429000 41 76
429500 41 75
430000 41 77
430500 41 75
431000 41 74
431500 41 80
432000 41 76
432500 41 74
433000 41 82
433500 41 81
434000 41 80
434500 41 77
435000 41 72
435500 41 76
436000 41 80
436500 41 71
437000 41 83
437500 41 77
438000 41 75
438500 41 79
439000 41 79
439500 41 82
440000 41 77
440500 41 78
441000 41 72
441500 41 76
442000 41 80
442500 41 80
443000 41 77
443500 41 72
444000 41 76
444500 41 75
445000 41 78
445500 41 69
446000 41 72
446500 41 79
447000 41 81
447500 41 71
448000 41 71
448500 41 74
449000 41 82
449500 41 71
450000 41 82
450500 41 77
451000 41 81
451500 41 74
452000 41 79
452500 41 73
453000 41 83
453500 41 78
454000 41 82
454500 41 73
455000 41 81
455500 41 70
456000 41 79
456500 41 69
457000 41 74
457500 41 70
458000 41 79
458500 41 70
459000 41 69
459500 41 73
460000 41 78
460500 41 74
461000 41 81
461500 41 77
462000 41 75
462500 41 77
463000 41 75
463500 41 72
464000 41 73
464500 41 72
465000 41 82
465500 41 75
466000 41 75
466500 41 73
467000 41 71
467500 41 75
468000 41 77
468500 41 81
469000 41 69
469500 41 70
470000 41 78
470500 41 71
471000 41 74
471500 41 78
472000 41 75
472500 41 82
473000 41 78
473500 41 75
474000 41 73
474500 41 81
475000 41 74
475500 41 73
476000 41 79
476500 41 74
477000 41 73
477500 41 81
478000 41 74
478500 41 75
479000 41 73
479500 41 81
480000 41 74
480500 41 68
481000 41 75
481500 41 78
482000 41 75
482500 41 80
483000 41 67
483500 41 74
484000 41 79
484500 41 73
485000 41 75
485500 41 73
486000 41 78
486500 41 75
487000 41 76
487500 41 71
488000 41 75
488500 41 77
489000 41 75
489500 41 77
490000 41 78
490500 41 69
491000 41 71
491500 41 73
492000 41 72
492500 41 78
493000 41 73
493500 41 69
494000 41 69
494500 41 79
495000 41 79
495500 41 71
496000 41 80
496500 41 69
497000 41 69
497500 41 78
498000 41 74
498500 41 72
499000 41 78
499500 41 72
500000 41 83
500500 41 69
501000 41 70
501500 41 73
502000 41 78
502500 41 81
503000 41 74
503500 41 70
504000 41 75
504500 41 78
505000 41 76
505500 41 77
506000 41 74
506500 41 77
507000 41 80
507500 41 79
508000 41 70
508500 41 77
509000 41 78
509500 41 76
510000 41 79
510500 41 73
511000 41 74
511500 41 73
512000 41 72
512500 41 78
513000 41 71
513500 41 67
514000 41 75
514500 41 72
515000 41 82
515500 41 72
516000 41 68
516500 41 75
517000 41 75
517500 41 80
518000 41 76
518500 41 72
519000 41 70
519500 41 76
520000 41 79
520500 41 76
521000 41 77
521500 41 72
522000 41 73
522500 41 80
523000 41 75
523500 41 76
524000 41 80
524500 41 78
525000 41 73
525500 41 76
526000 41 73
526500 41 80
527000 41 75
527500 41 78
528000 41 69
528500 41 77
529000 41 81
529500 41 77
530000 41 75
530500 41 72
531000 41 72
531500 41 69
532000 41 78
532500 41 75
533000 41 81
533500 41 74
534000 41 78
534500 41 72
535000 41 71
535500 41 82
536000 41 72
536500 41 77
537000 41 75
537500 41 75
538000 41 78
538500 41 80
539000 41 80
539500 41 78
540000 41 67
540500 41 76
541000 41 81
541500 41 79
542000 41 76
542500 41 72
543000 41 76
543500 41 74
544000 41 76
544500 41 74
545000 41 75
545500 41 71
546000 41 80
546500 41 76
547000 41 70
547500 41 76
548000 41 82
548500 41 76
549000 41 73
549500 41 71
550000 41 78
550500 41 68
551000 41 78
551500 41 83
552000 41 72
552500 41 78
553000 41 75
553500 41 76
554000 41 77
554500 41 75
555000 41 75
555500 41 85
556000 41 73
556500 41 73
557000 41 69
557500 41 71
558000 41 74
558500 41 76
559000 41 74
559500 41 81
560000 41 71
560500 41 72
561000 41 72
561500 41 73
562000 41 75
562500 41 71
563000 41 83
563500 41 71
564000 41 79
564500 41 78
565000 41 79
565500 41 77
566000 41 81
566500 41 73
567000 41 79
567500 41 75
568000 41 78
568500 41 72
569000 41 70
569500 41 67
570000 41 68
570500 41 82
571000 41 75
571500 41 77
572000 41 71
572500 41 77
573000 41 79
573500 41 75
574000 41 75
574500 41 71
575000 41 79
575500 41 81
576000 41 81
576500 41 76
577000 41 78
577500 41 77
578000 41 74
578500 41 76
579000 41 80
579500 41 72
580000 41 79
580500 41 77
581000 41 76
581500 41 80
582000 41 75
582500 41 77
583000 41 77
583500 41 71
584000 41 79
584500 41 78
585000 41 65
585500 41 78
586000 41 74
586500 41 71
587000 41 78
587500 41 83
588000 41 73
588500 41 74
589000 41 73
589500 41 74
590000 41 72
590500 41 71
591000 41 77
591500 41 79
592000 41 72
592500 41 75
593000 41 74
593500 41 75
594000 41 81
594500 41 80
595000 41 65
595500 41 78
596000 41 78
596500 41 79
597000 41 74
597500 41 70
598000 41 77
598500 41 75
599000 41 73
599500 41 74
600000 41 84
600500 41 71
601000 41 71
601500 41 73
602000 41 74
602500 41 74
603000 41 80
603500 41 74
604000 41 72
604500 41 74
605000 41 77
605500 41 75
606000 41 78
606500 41 75
607000 41 78
607500 41 75
608000 41 73
608500 41 69
609000 41 70
609500 41 78
610000 41 78
610500 41 78
611000 41 73
611500 41 76
612000 41 74
612500 41 72
613000 41 70
613500 41 77
614000 41 71
614500 41 76
615000 41 69
615500 41 79
616000 41 78
616500 41 73
617000 41 76
617500 41 67
618000 41 73
618500 41 68
619000 41 71
619500 41 72
620000 41 75
620500 41 68
621000 41 74
621500 41 70
622000 41 78
622500 41 65
623000 41 78
623500 41 76
624000 41 79
624500 41 79
625000 41 73
625500 41 82
626000 41 75
626500 41 77
627000 41 75
627500 41 75
628000 41 72
628500 41 73
629000 41 76
629500 41 78
630000 41 75
630500 41 81
631000 41 79
631500 41 74
632000 41 70
632500 41 75
633000 41 80
633500 41 76
634000 41 76
634500 41 76
635000 41 69
635500 41 72
636000 41 78
636500 41 72
637000 41 81
637500 41 75
638000 41 76
638500 41 78
639000 41 78
639500 41 75
640000 41 83
640500 41 79
641000 41 81
641500 41 77
642000 41 82
642500 41 68
643000 41 68
643500 41 81
644000 41 77
644500 41 71
645000 41 79
645500 41 75
646000 41 66
646500 41 73
647000 41 74
647500 41 78
648000 41 72
648500 41 72
649000 41 70
649500 41 75
650000 41 74
650500 41 78
651000 41 78
651500 41 68
652000 41 67
652500 41 83
653000 41 68
653500 41 70
654000 41 71
654500 41 71
655000 41 71
655500 41 68
656000 41 77
656500 41 78
657000 41 78
657500 41 71
658000 41 81
658500 41 77
659000 41 77
659500 41 74
660000 41 80
660500 41 74
661000 41 70
661500 41 72
662000 41 78
662500 41 74
663000 41 77
663500 41 67
664000 41 77
664500 41 71
665000 41 73
665500 41 79
666000 41 76
666500 41 72
667000 41 78
667500 41 72
668000 41 76
668500 41 70
669000 41 75
669500 41 76
670000 41 76
670500 41 77
671000 41 74
671500 41 77
672000 41 82
672500 41 86
673000 41 78
673500 41 77
674000 41 76
674500 41 68
675000 41 78
675500 41 74
676000 41 74
676500 41 75
677000 41 68
677500 41 79
678000 41 75
678500 41 71
679000 41 78
679500 41 75
680000 41 81
680500 41 84
681000 41 72
681500 41 76
682000 41 74
682500 41 81
683000 41 87
683500 41 69
684000 41 74
684500 41 76
685000 41 78
685500 41 80
686000 41 82
686500 41 72
687000 41 71
687500 41 73
688000 41 75
688500 41 77
689000 41 70
689500 41 72
690000 41 82
690500 41 75
691000 41 75
691500 41 77
692000 41 76
692500 41 76
693000 41 76
693500 41 79
694000 41 81
694500 41 70
695000 41 82
695500 41 79
696000 41 76
696500 41 75
697000 41 73
697500 41 84
698000 41 76
698500 41 72
699000 41 66
699500 41 74
700000 41 85
700500 41 72
701000 41 72
701500 41 78
702000 41 76
702500 41 73
703000 41 81
703500 41 74
704000 41 80
704500 41 73
705000 41 76
705500 41 81
706000 41 76
706500 41 77
707000 41 76
707500 41 80
708000 41 68
708500 41 73
709000 41 76
709500 41 76
710000 41 77
710500 41 77
711000 41 80
711500 41 76
712000 41 77
712500 41 74
713000 41 86
713500 41 75
714000 41 73
714500 41 70
715000 41 79
715500 41 75
716000 41 72
716500 41 74
717000 41 81
717500 41 75
718000 41 78
718500 41 73
719000 41 72
719500 41 67
720000 41 83
720500 41 76
721000 41 77
721500 41 72
722000 41 76
722500 41 70
723000 41 76
723500 41 70
724000 41 70
724500 41 77
725000 41 76
725500 41 79
726000 41 78
726500 41 71
727000 41 70
727500 41 78
728000 41 72
728500 41 76
729000 41 70
729500 41 74
730000 41 79
730500 41 74
731000 41 75
731500 41 78
732000 41 81
732500 41 78
733000 41 72
733500 41 75
734000 41 69
734500 41 75
735000 41 85
735500 41 72
736000 41 74
736500 41 78
737000 41 77
737500 41 73
738000 41 74
738500 41 68
739000 41 71
739500 41 73
740000 41 79
740500 41 82
741000 41 70
741500 41 75
742000 41 76
742500 41 75
743000 41 84
743500 41 71
744000 41 70
744500 41 82
745000 41 68
745500 41 68
746000 41 73
746500 41 75
747000 41 74
747500 41 84
748000 41 75
748500 41 69
749000 41 72
749500 41 74
750000 41 81
750500 41 80
751000 41 75
751500 41 76
752000 41 83
752500 41 76
753000 41 79
753500 41 75
754000 41 75
754500 41 77
755000 41 72
755500 41 81
756000 41 85
756500 41 71
757000 41 81
757500 41 76
758000 41 73
758500 41 73
759000 41 74
759500 41 75
760000 41 82
760500 41 80
761000 41 78
761500 41 80
762000 41 76
762500 41 74
763000 41 77
763500 41 74
764000 41 73
764500 41 77
765000 41 74
765500 41 72
766000 41 78
766500 41 80
767000 41 81
767500 41 73
768000 41 76
768500 41 71
769000 41 70
769500 41 81
770000 41 74
770500 41 76
771000 41 73
771500 41 69
772000 41 71
772500 41 73
773000 41 73
773500 41 69
774000 41 72
774500 41 77
775000 41 70
775500 41 77
776000 41 80
776500 41 72
777000 41 73
777500 41 83
778000 41 76
778500 41 76
779000 41 78
779500 41 75
780000 41 72
780500 41 80
781000 41 76
781500 41 79
782000 41 78
782500 41 78
783000 41 83
783500 41 82
784000 41 75
784500 41 65
785000 41 74
785500 41 71
786000 41 79
786500 41 81
787000 41 72
787500 41 75
788000 41 79
788500 41 75
789000 41 71
789500 41 77
790000 41 78
790500 41 72
791000 41 85
791500 41 81
792000 41 71
792500 41 77
793000 41 72
793500 41 78
794000 41 72
794500 41 73
795000 41 65
795500 41 83
796000 41 82
796500 41 75
797000 41 81
797500 41 71
798000 41 75
798500 41 79
799000 41 78
799500 41 80
800000 41 83
800500 41 76
801000 41 73
801500 41 73
802000 41 72
802500 41 71
803000 41 68
803500 41 75
804000 41 76
804500 41 79
805000 41 85
805500 41 75
806000 41 78
806500 41 75
807000 41 73
807500 41 78
808000 41 75
808500 41 77
809000 40 79
809500 40 72
810000 40 81
810500 40 69
811000 40 76
811500 40 72
812000 40 73
812500 40 78
813000 40 74
813500 40 75
814000 40 78
814500 40 79
815000 40 80
815500 40 74
816000 40 75
816500 40 81
817000 40 75
817500 40 79
818000 40 77
818500 40 76
819000 40 74
819500 40 75
820000 40 72
820500 40 76
821000 40 77
821500 40 75
822000 40 78
822500 40 75
823000 40 82
823500 40 80
824000 40 74
824500 40 75
825000 40 76
825500 40 75
826000 40 78
826500 40 83
827000 40 73
827500 40 79
828000 40 74
828500 40 77
829000 40 69
829500 40 78
830000 40 81
830500 40 80
831000 40 74
831500 40 68
832000 40 76
832500 40 80
833000 40 75
833500 40 75
834000 40 74
834500 40 74
835000 40 77
835500 40 74
836000 40 74
836500 40 74
837000 40 72
837500 40 76
838000 40 74
838500 40 79
839000 40 72
839500 40 69
840000 40 74
840500 40 78
841000 40 82
841500 40 68
842000 40 78
842500 40 75
843000 40 78
843500 40 74
844000 40 78
844500 40 69
845000 40 76
845500 40 74
846000 40 73
846500 40 73
847000 40 78
847500 40 72
848000 40 71
848500 40 73
849000 40 72
849500 40 77
850000 40 77
850500 40 75
851000 40 81
851500 40 73
852000 40 82
852500 40 76
853000 40 76
853500 40 66
854000 40 79
854500 40 78
855000 40 70
855500 40 77
856000 40 71
856500 40 76
857000 40 71
857500 40 77
858000 40 76
858500 40 79
859000 40 76
859500 40 74
860000 40 73
860500 40 67
861000 40 71
861500 40 75
862000 40 77
862500 40 78
863000 40 84
863500 40 75
864000 40 70
864500 40 78
865000 40 75
865500 40 75
866000 40 83
866500 40 67
867000 40 74
867500 40 74
868000 40 81
868500 40 69
869000 40 74
869500 40 76
870000 40 81
870500 40 75
871000 40 67
871500 40 75
872000 40 73
872500 40 76
873000 40 74
873500 40 77
874000 40 75
874500 40 67
875000 40 76
875500 40 79
876000 40 79
876500 40 77
877000 40 73
877500 40 76
878000 40 69
878500 40 80
879000 40 79
879500 40 71
880000 40 70
880500 40 77
881000 40 71
881500 40 72
882000 40 80
882500 40 79
883000 40 77
883500 40 76
884000 40 70
884500 40 73
885000 40 76
885500 40 64
886000 40 78
886500 40 77
887000 40 74
887500 40 74
888000 40 78
888500 40 76
889000 40 78
889500 40 74
890000 40 78
890500 40 78
891000 40 71
891500 40 66
892000 40 72
892500 40 79
893000 40 77
893500 40 73
894000 40 78
894500 40 80
895000 40 78
895500 40 83
896000 40 71
896500 40 71
897000 40 71
897500 40 73
898000 40 75
898500 40 70
899000 40 77
899500 40 69
900000 40 68
900500 40 80
901000 40 78
901500 40 76
902000 40 75
902500 40 74
903000 40 83
903500 40 71
904000 40 73
904500 40 74
905000 40 81
905500 40 74
906000 40 74
906500 40 72
907000 40 63
907500 40 81
908000 40 75
908500 40 83
909000 40 76
909500 40 67
910000 40 78
910500 40 76
911000 40 67
911500 40 73
912000 40 75
912500 40 79
913000 40 77
913500 40 76
914000 40 81
914500 40 73
915000 40 76
915500 40 79
916000 40 75
916500 40 74
917000 40 73
917500 40 75
918000 40 79
918500 40 79
919000 40 78
919500 40 73
920000 40 74
920500 40 77
921000 40 70
921500 40 78
922000 40 83
922500 40 83
923000 40 74
923500 40 82
924000 40 80
924500 40 72
925000 40 79
925500 40 78
926000 40 76
926500 40 76
927000 40 70
927500 40 80
928000 40 73
928500 40 68
929000 40 73
929500 40 73
930000 40 72
930500 40 80
931000 40 77
931500 40 73
932000 40 72
932500 40 80
933000 40 72
933500 40 76
934000 40 76
934500 40 73
935000 40 68
935500 40 74
936000 40 83
936500 40 81
937000 40 71
937500 40 76
938000 40 75
938500 40 81
939000 40 81
939500 40 81
940000 40 74
940500 40 75
941000 40 73
941500 40 75
942000 40 78
942500 40 76
943000 40 78
943500 40 69
944000 40 73
944500 40 76
945000 40 78
945500 40 73
946000 40 81
946500 40 82
947000 40 77
947500 40 81
948000 40 76
948500 40 82
949000 40 77
949500 40 69
950000 40 78
950500 40 72
951000 40 75
951500 40 75
952000 40 71
952500 40 74
953000 40 75
953500 40 75
954000 40 72
954500 40 74
955000 40 76
955500 40 70
956000 40 68
956500 40 76
957000 40 76
957500 40 72
958000 40 67
958500 40 73
959000 40 78
959500 40 75
960000 40 81
960500 40 67
961000 40 80
961500 40 73
962000 40 73
962500 40 74
963000 40 72
963500 40 69
964000 40 74
964500 40 76
965000 40 80
965500 40 85
966000 40 73
966500 40 71
967000 40 72
967500 40 80
968000 40 68
968500 40 76
969000 40 77
969500 40 69
970000 40 77
970500 40 73
971000 40 73
971500 40 75
972000 40 69
972500 40 74
973000 40 76
973500 40 71
974000 40 71
974500 40 75
975000 40 73
975500 40 83
976000 40 68
976500 40 75
977000 40 72
977500 40 73
978000 40 74
978500 40 71
979000 40 80
979500 40 66
980000 40 65
980500 40 76
981000 40 74
981500 40 79
982000 40 74
982500 40 73
983000 40 78
983500 40 75
984000 40 76
984500 40 82
985000 40 75
985500 40 67
986000 40 67
986500 40 73
987000 40 76
987500 40 76
988000 40 69
988500 40 75
989000 40 77
989500 40 80
990000 40 78
990500 40 72
991000 40 74
991500 40 76
992000 40 81
992500 40 73
993000 40 77
993500 40 72
994000 40 79
994500 40 75
995000 40 71
995500 40 68
996000 40 75
996500 40 80
997000 40 75
997500 40 69
998000 40 77
998500 40 75
999000 40 71
999500 40 78
1000000 40 72
1000500 40 68
1001000 40 74
1001500 40 78
1002000 40 78
1002500 40 72
1003000 40 75
1003500 40 76
1004000 40 76
1004500 40 80
1005000 40 78
1005500 40 85
1006000 40 70
1006500 40 83
1007000 40 71
1007500 40 76
1008000 40 71
1008500 40 81
1009000 40 77
1009500 40 85
1010000 40 71
1010500 40 75
1011000 40 81
1011500 40 76
1012000 40 78
1012500 40 78
1013000 40 75
1013500 40 82
1014000 40 73
1014500 40 67
1015000 40 77
1015500 40 66
1016000 40 71
1016500 40 77
1017000 40 75
1017500 40 77
1018000 40 69
1018500 40 68
1019000 40 80
1019500 40 78
1020000 40 78
1020500 40 79
1021000 40 74
1021500 40 82
1022000 40 76
1022500 40 78
1023000 40 71
1023500 40 74
1024000 40 74
1024500 40 74
1025000 40 81
1025500 40 73
1026000 40 76
1026500 40 66
1027000 40 78
1027500 40 74
1028000 40 75
1028500 40 77
1029000 40 79
1029500 40 71
1030000 40 68
1030500 40 73
1031000 40 73
1031500 40 81
1032000 40 81
1032500 40 75
1033000 40 81
1033500 40 72
1034000 40 73
1034500 40 75
1035000 40 76
1035500 40 76
1036000 40 74
1036500 40 74
1037000 40 73
1037500 40 70
1038000 40 72
1038500 40 73
1039000 40 74
1039500 40 74
1040000 40 77
1040500 40 75
1041000 40 78
1041500 40 73
1042000 40 74
1042500 40 74
1043000 40 69
1043500 40 75
1044000 40 77
1044500 40 82
1045000 40 72
1045500 40 76
1046000 40 75
1046500 40 74
1047000 40 79
1047500 40 74
1048000 40 74
1048500 40 74
1049000 40 74
1049500 40 69
1050000 40 70
1050500 40 74
1051000 40 72
1051500 40 76
1052000 40 75
1052500 40 79
1053000 40 66
1053500 40 83
1054000 40 77
1054500 40 71
1055000 40 78
1055500 40 77
1056000 40 69
1056500 40 71
1057000 40 77
1057500 40 76
1058000 40 73
1058500 40 73
1059000 40 79
1059500 40 77
1060000 40 66
1060500 40 78
1061000 40 73
1061500 40 73
1062000 40 81
1062500 40 72
1063000 40 71
1063500 40 72
1064000 40 82
1064500 40 76
1065000 40 76
1065500 40 70
1066000 40 76
1066500 40 78
1067000 40 69
1067500 40 70
1068000 40 74
1068500 40 71
1069000 40 75
1069500 40 73
1070000 40 76
1070500 40 76
1071000 40 79
1071500 40 70
1072000 40 73
1072500 40 76
1073000 40 69
1073500 40 73
1074000 40 69
1074500 40 73
1075000 40 82
1075500 40 74
1076000 40 79
1076500 40 79
1077000 40 78
1077500 40 78
1078000 40 67
1078500 40 76
1079000 40 74
1079500 40 75
1080000 40 72
1080500 40 72
1081000 40 75
1081500 40 73
1082000 40 77
1082500 40 69
1083000 40 75
1083500 40 72
1084000 40 75
1084500 40 76
1085000 40 77
1085500 40 76
1086000 40 77
1086500 40 81
1087000 40 76
1087500 40 82
1088000 40 78
1088500 40 77
1089000 40 77
1089500 40 77
1090000 40 74
1090500 40 71
1091000 40 74
1091500 40 72
1092000 40 69
1092500 40 72
1093000 40 78
1093500 40 69
1094000 40 73
1094500 40 74
1095000 40 76
1095500 40 74
1096000 40 71
1096500 40 74
1097000 40 79
1097500 40 71
1098000 40 79
1098500 40 71
1099000 40 75
1099500 40 71
1100000 40 79
1100500 40 79
1101000 40 79
1101500 40 74
1102000 40 78
1102500 40 73
1103000 40 68
1103500 40 70
1104000 40 73
1104500 40 73
1105000 40 80
1105500 40 77
1106000 40 75
1106500 40 82
1107000 40 73
1107500 40 77
1108000 40 78
1108500 40 76
1109000 40 74
1109500 40 75
1110000 40 75
1110500 40 76
1111000 40 75
1111500 40 75
1112000 40 73
1112500 40 79
1113000 40 74
1113500 40 78
1114000 40 75
1114500 40 83
1115000 40 72
1115500 40 76
1116000 40 72
1116500 40 71
1117000 40 74
1117500 40 70
1118000 40 68
1118500 40 72
1119000 40 85
1119500 40 72
1120000 40 76
1120500 40 69
1121000 40 76
1121500 40 67
1122000 40 79
1122500 40 79
1123000 40 75
1123500 40 72
1124000 40 76
1124500 40 72
1125000 40 72
1125500 40 78
1126000 40 69
1126500 40 85
1127000 40 72
1127500 40 72
1128000 40 74
1128500 40 79
1129000 40 72
1129500 40 69
1130000 40 85
1130500 40 68
1131000 40 72
1131500 40 77
1132000 40 76
1132500 40 74
1133000 40 73
1133500 40 73
1134000 40 76
1134500 40 80
1135000 40 74
1135500 40 74
1136000 40 71
1136500 40 79
1137000 40 64
1137500 40 75
1138000 40 81
1138500 40 82
1139000 40 73
1139500 40 72
1140000 40 73
1140500 40 73
1141000 40 79
1141500 40 73
1142000 40 72
1142500 40 79
1143000 40 78
1143500 40 80
1144000 40 69
1144500 40 73
1145000 40 76
1145500 40 74
1146000 40 70
1146500 40 82
1147000 40 76
1147500 40 76
1148000 40 71
1148500 40 78
1149000 40 79
1149500 40 81
1150000 40 78
1150500 40 77
1151000 40 65
1151500 40 73
1152000 40 69
1152500 40 83
1153000 40 69
1153500 40 75
1154000 40 75
1154500 40 71
1155000 40 72
1155500 40 79
1156000 40 74
1156500 40 70
1157000 40 75
1157500 40 70
1158000 40 79
1158500 40 70
1159000 40 74
1159500 40 77
1160000 40 75
1160500 40 78
1161000 40 78
1161500 40 74
1162000 40 71
1162500 40 78
1163000 40 86
1163500 40 74
1164000 40 76
1164500 40 73
1165000 40 66
1165500 40 69
1166000 40 77
1166500 40 75
1167000 40 74
1167500 40 71
1168000 40 78
1168500 40 78
1169000 40 69
1169500 40 74
1170000 40 73
1170500 40 78
1171000 40 75
1171500 40 80
1172000 40 74
1172500 40 73
1173000 40 70
1173500 40 75
1174000 40 74
1174500 40 70
1175000 40 72
1175500 40 79
1176000 40 77
1176500 40 78
1177000 40 73
1177500 40 75
1178000 40 67
1178500 40 77
1179000 40 76
1179500 40 73
1180000 40 74
1180500 40 76
1181000 40 78
1181500 40 71
1182000 40 67
1182500 40 68
1183000 40 76
1183500 40 81
1184000 40 78
1184500 40 69
1185000 40 72
1185500 40 76
1186000 40 78
1186500 40 74
1187000 40 77
1187500 40 77
1188000 40 80
1188500 40 74
1189000 40 79
1189500 40 73
1190000 40 73
1190500 40 72
1191000 40 68
1191500 40 76
1192000 40 76
1192500 40 77
1193000 40 71
1193500 40 66
1194000 40 80
1194500 40 75
1195000 40 75
1195500 40 72
1196000 40 74
1196500 40 72
1197000 40 77
1197500 40 74
1198000 40 77
1198500 40 78
1199000 40 74
1199500 40 68
1200000 40 69
1200500 40 78
1201000 40 64
1201500 40 77
1202000 40 83
1202500 40 72
1203000 40 71
1203500 40 79
1204000 40 69
1204500 40 80
1205000 40 72
1205500 40 76
1206000 40 75
1206500 40 75
1207000 40 67
1207500 40 73
1208000 40 80
1208500 40 72
1209000 40 71
1209500 40 75
1210000 40 77
1210500 40 79
1211000 40 73
1211500 40 78
1212000 40 75
1212500 40 77
1213000 40 69
1213500 40 75
1214000 40 78
1214500 40 72
1215000 40 72
1215500 40 77
1216000 40 80
1216500 40 74
1217000 40 77
1217500 40 72
1218000 40 76
1218500 40 73
1219000 40 72
1219500 40 75
1220000 40 74
1220500 40 79
1221000 40 78
1221500 40 75
1222000 40 75
1222500 40 75
1223000 40 73
1223500 40 70
1224000 40 76
1224500 40 80
1225000 40 81
1225500 40 81
1226000 40 72
1226500 40 76
1227000 40 70
1227500 40 75
1228000 40 79
1228500 40 80
1229000 40 73
1229500 40 68
1230000 40 75
1230500 40 76
1231000 40 79
1231500 40 74
1232000 40 80
1232500 40 71
1233000 40 69
1233500 40 70
1234000 40 78
1234500 40 77
1235000 40 76
1235500 40 69
1236000 40 73
1236500 40 74
1237000 40 73
1237500 40 78
1238000 40 72
1238500 40 74
1239000 40 73
1239500 40 76
1240000 40 78
e
