0 888 910
500 860 868
1000 833 836
1500 828 833
2000 805 813
2500 802 805
3000 797 804
3500 788 797
4000 781 794
4500 775 796
5000 767 782
5500 758 765
6000 753 776
6500 750 765
7000 745 766
7500 745 750
8000 745 771
8500 737 758
9000 732 753
9500 732 746
10000 727 740
10500 723 738
11000 722 750
11500 717 738
12000 717 734
12500 713 731
13000 708 730
13500 705 718
14000 699 729
14500 696 713
15000 696 724
15500 693 718
16000 692 725
16500 690 719
17000 689 718
17500 688 717
18000 688 715
18500 686 714
19000 684 703
19500 683 713
20000 676 706
20500 675 704
21000 671 706
21500 667 737
22000 666 711
22500 666 703
23000 666 691
23500 663 713
24000 662 689
24500 658 686
25000 656 687
25500 655 686
26000 654 674
26500 653 687
27000 652 685
27500 650 706
28000 648 691
28500 648 697
29000 645 688
29500 641 670
30000 640 673
30500 640 675
31000 633 656
31500 631 671
32000 629 672
32500 629 676
33000 629 678
33500 625 679
34000 623 680
34500 623 663
35000 623 658
35500 623 709
36000 620 680
36500 618 723
37000 618 665
37500 614 685
38000 613 639
38500 613 657
39000 613 664
39500 611 647
40000 611 656
40500 606 674
41000 604 661
41500 604 659
42000 604 659
42500 602 676
43000 600 684
43500 598 635
44000 597 659
44500 597 646
45000 596 649
45500 596 653
46000 596 649
46500 593 643
47000 589 645
47500 582 670
48000 580 630
48500 575 639
49000 573 633
49500 573 630
50000 573 646
50500 572 677
51000 569 632
51500 567 641
52000 567 643
52500 566 665
53000 566 647
53500 563 611
54000 562 660
54500 562 671
55000 561 620
55500 556 665
56000 554 645
56500 551 631
57000 550 641
57500 550 624
58000 550 599
58500 550 635
59000 548 625
59500 546 599
60000 546 613
60500 546 639
61000 543 593
61500 543 639
62000 531 601
62500 530 615
63000 529 618
63500 528 587
64000 526 622
64500 526 640
65000 526 596
65500 525 605
66000 525 623
66500 525 629
67000 525 669
67500 525 616
68000 525 603
68500 525 574
69000 522 568
69500 521 591
70000 516 594
70500 516 670
71000 514 591
71500 514 600
72000 514 584
72500 509 605
73000 506 630
73500 504 562
74000 504 601
74500 501 623
75000 499 568
75500 498 631
76000 498 607
76500 492 601
77000 492 603
77500 489 593
78000 489 588
78500 489 545
79000 489 586
79500 489 558
80000 489 551
80500 489 637
81000 485 588
81500 485 586
82000 485 602
82500 485 601
83000 485 601
83500 485 587
84000 485 590
84500 485 579
85000 485 612
85500 485 593
86000 485 600
86500 485 601
87000 485 657
87500 485 597
88000 485 604
88500 485 622
89000 485 586
89500 485 592
90000 485 579
90500 485 587
91000 485 557
91500 485 568
92000 485 592
92500 485 624
93000 485 581
93500 481 599
94000 479 555
94500 477 560
95000 475 606
95500 475 603
96000 475 598
96500 475 614
97000 475 608
97500 473 593
98000 473 620
98500 473 557
99000 473 590
99500 473 579
100000 473 603
100500 473 586
101000 473 616
101500 472 581
102000 470 565
102500 468 550
103000 468 575
103500 468 551
104000 466 562
104500 466 592
105000 466 579
105500 463 584
106000 463 653
106500 463 600
107000 463 623
107500 463 616
108000 463 612
108500 463 577
109000 463 580
109500 463 589
110000 463 574
110500 463 571
111000 463 549
111500 463 576
112000 463 575
112500 463 553
113000 463 572
113500 463 572
114000 463 594
114500 463 612
115000 463 591
115500 463 624
116000 463 634
116500 463 552
117000 463 578
117500 463 598
118000 463 592
118500 463 611
119000 463 588
119500 463 639
120000 463 552
120500 463 574
121000 463 549
121500 463 553
122000 463 602
122500 463 566
123000 463 612
123500 463 585
124000 463 568
124500 463 599
125000 463 594
125500 463 635
126000 463 565
126500 463 576
127000 463 586
127500 463 618
128000 463 586
128500 463 599
129000 463 580
129500 463 578
130000 463 605
130500 463 677
131000 463 562
131500 463 576
132000 463 559
132500 463 620
133000 463 566
133500 463 591
134000 463 593
134500 463 636
135000 463 583
135500 463 577
136000 463 584
136500 463 605
137000 463 608
137500 463 569
138000 463 592
138500 463 581
139000 463 559
139500 463 563
140000 463 570
140500 463 611
141000 463 584
141500 463 558
142000 463 575
142500 463 601
143000 463 576
143500 463 564
144000 463 564
144500 463 571
145000 463 604
145500 463 567
146000 463 604
146500 463 610
147000 463 604
147500 463 600
148000 463 609
148500 463 574
149000 463 562
149500 463 583
150000 463 604
150500 463 614
151000 463 592
151500 463 616
152000 463 587
152500 463 605
153000 463 577
153500 463 608
154000 463 560
154500 463 599
155000 463 568
155500 463 600
156000 463 574
156500 463 596
157000 463 587
157500 463 595
158000 463 558
158500 463 621
159000 463 623
159500 463 609
160000 463 609
160500 463 606
161000 463 557
161500 463 600
162000 463 574
162500 463 634
163000 463 549
163500 463 622
164000 463 607
164500 463 600
165000 463 554
165500 463 610
166000 463 604
166500 463 536
167000 463 561
167500 462 548
168000 461 607
168500 460 606
169000 460 566
169500 460 586
170000 460 587
170500 458 579
171000 456 592
171500 456 573
172000 455 590
172500 455 590
173000 455 593
173500 455 562
174000 455 558
174500 455 589
175000 455 574
175500 455 580
176000 455 598
176500 455 642
177000 455 589
177500 455 590
178000 455 614
178500 455 578
179000 455 588
179500 455 585
180000 455 627
180500 455 587
181000 455 573
181500 455 551
182000 455 582
182500 455 618
183000 455 562
183500 455 604
184000 455 589
184500 455 566
185000 455 575
185500 455 555
186000 455 550
186500 455 558
187000 455 593
187500 455 591
188000 455 553
188500 455 580
189000 455 624
189500 455 617
190000 455 638
190500 455 578
191000 455 614
191500 455 603
192000 455 551
192500 455 620
193000 455 604
193500 455 588
194000 455 612
194500 455 554
195000 455 625
195500 455 568
196000 455 575
196500 455 614
197000 455 529
197500 455 563
198000 455 554
198500 455 595
199000 455 601
199500 455 559
200000 455 556
200500 455 566
201000 455 547
201500 455 575
202000 455 607
202500 455 558
203000 455 591
203500 455 580
204000 455 609
204500 455 608
205000 455 578
205500 455 619
206000 455 623
206500 455 609
207000 455 590
207500 455 539
208000 455 623
208500 455 604
209000 455 583
209500 455 586
210000 455 564
210500 455 608
211000 455 589
211500 455 565
212000 455 581
212500 455 599
213000 455 593
213500 455 577
214000 455 568
214500 455 570
215000 455 587
215500 455 558
216000 455 587
216500 455 521
217000 455 578
217500 455 565
218000 455 593
218500 455 603
219000 455 558
219500 455 599
220000 455 532
220500 455 585
221000 455 564
221500 455 593
222000 455 581
222500 455 581
223000 455 584
223500 455 626
224000 455 567
224500 455 634
225000 455 575
225500 455 577
226000 455 573
226500 455 606
227000 455 576
227500 455 572
228000 455 569
228500 455 565
229000 455 571
229500 455 576
230000 455 569
230500 455 588
231000 455 603
231500 455 624
232000 455 602
232500 455 597
233000 455 547
233500 455 546
234000 455 599
234500 455 578
235000 455 623
235500 455 609
236000 455 576
236500 455 546
237000 455 565
237500 455 627
238000 455 609
238500 455 584
239000 455 606
239500 455 562
240000 455 544
240500 455 559
241000 455 571
241500 455 601
242000 455 586
242500 455 536
243000 455 533
243500 455 569
244000 455 561
244500 455 559
245000 455 601
245500 455 595
246000 455 642
246500 455 535
247000 455 576
247500 455 587
248000 455 590
248500 455 564
249000 455 575
249500 455 569
250000 455 586
250500 455 622
251000 455 588
251500 455 549
252000 455 614
252500 455 579
253000 455 591
253500 455 610
254000 455 540
254500 455 550
255000 455 568
255500 455 601
256000 455 551
256500 455 591
257000 455 621
257500 455 605
258000 455 576
258500 455 581
259000 455 597
259500 455 572
260000 455 583
260500 455 545
261000 455 564
261500 455 545
262000 455 532
262500 455 548
263000 455 594
263500 455 610
264000 455 616
264500 455 579
265000 455 573
265500 455 563
266000 455 595
266500 455 576
267000 455 563
267500 455 602
268000 455 562
268500 455 577
269000 455 590
269500 455 630
270000 455 596
270500 455 584
271000 455 576
271500 455 597
272000 455 575
272500 455 540
273000 455 597
273500 455 589
274000 455 583
274500 455 570
275000 455 538
275500 455 560
276000 455 602
276500 455 547
277000 455 582
277500 455 580
278000 455 612
278500 455 602
279000 455 560
279500 455 627
280000 455 591
280500 455 584
281000 455 588
281500 455 578
282000 455 593
282500 455 596
283000 455 537
283500 455 574
284000 455 572
284500 455 594
285000 455 625
285500 455 569
286000 455 587
286500 455 588
287000 455 596
287500 455 562
288000 455 558
288500 455 550
289000 455 586
289500 455 560
290000 455 590
290500 455 616
291000 455 585
291500 455 581
292000 455 604
292500 455 586
293000 455 577
293500 455 623
294000 455 564
294500 455 605
295000 455 608
295500 455 627
296000 455 594
296500 455 575
297000 455 570
297500 455 623
298000 455 609
298500 455 586
299000 455 610
299500 455 573
300000 455 558
300500 455 612
301000 455 642
301500 455 630
302000 455 583
302500 455 603
303000 455 559
303500 455 558
304000 455 587
304500 455 586
305000 455 561
305500 455 584
306000 455 592
306500 455 615
307000 455 632
307500 455 617
308000 455 602
308500 455 644
309000 455 609
309500 455 624
310000 455 599
310500 455 599
311000 455 578
311500 455 579
312000 455 565
312500 455 590
313000 455 581
313500 455 667
314000 455 628
314500 455 600
315000 455 570
315500 455 583
316000 455 589
316500 455 598
317000 455 610
317500 455 580
318000 455 571
318500 455 609
319000 455 663
319500 455 633
320000 455 626
320500 455 608
321000 455 606
321500 455 610
322000 455 569
322500 455 599
323000 455 592
323500 455 595
324000 455 578
324500 455 557
325000 455 583
325500 455 563
326000 455 556
326500 455 685
327000 455 630
327500 455 597
328000 455 654
328500 455 584
329000 455 568
329500 455 581
330000 455 594
330500 455 591
331000 455 616
331500 455 593
332000 455 595
332500 455 641
333000 455 627
333500 455 605
334000 455 623
334500 455 595
335000 455 590
335500 455 632
336000 455 574
336500 455 632
337000 455 601
337500 455 608
338000 455 577
338500 455 590
339000 455 599
339500 455 601
340000 455 581
340500 455 603
341000 455 612
341500 455 599
342000 455 601
342500 455 598
343000 455 640
343500 455 588
344000 455 619
344500 455 598
345000 455 593
345500 455 577
346000 455 597
346500 455 601
347000 455 617
347500 455 631
348000 455 604
348500 455 659
349000 455 610
349500 455 585
350000 455 580
350500 455 646
351000 455 602
351500 455 628
352000 455 621
352500 455 615
353000 455 624
353500 455 634
354000 455 651
354500 455 635
355000 455 677
355500 455 667
356000 455 615
356500 455 607
357000 455 638
357500 455 626
358000 455 617
358500 455 625
359000 455 650
359500 455 636
360000 455 638
360500 455 607
361000 455 612
361500 455 643
362000 455 623
362500 455 595
363000 455 593
363500 455 608
364000 455 599
364500 455 625
365000 455 611
365500 455 623
366000 455 609
366500 455 618
367000 455 583
367500 455 587
368000 455 606
368500 455 596
369000 455 633
369500 455 560
370000 455 615
370500 455 606
371000 455 605
371500 455 626
372000 455 604
372500 455 631
373000 455 593
373500 455 608
374000 455 598
374500 455 583
375000 455 588
375500 455 573
376000 455 619
376500 455 612
377000 455 566
377500 455 628
378000 455 597
378500 455 586
379000 455 603
379500 455 624
380000 455 588
380500 455 580
381000 455 595
381500 455 581
382000 455 591
382500 455 585
383000 455 592
383500 455 598
384000 455 654
384500 455 595
385000 455 577
385500 455 611
386000 455 577
386500 455 612
387000 455 581
387500 455 591
388000 455 571
388500 455 581
389000 455 570
389500 455 543
390000 455 596
390500 455 557
391000 455 586
391500 455 621
392000 455 593
392500 455 574
393000 455 567
393500 455 602
394000 455 636
394500 455 574
395000 455 574
395500 455 560
396000 455 551
396500 455 586
397000 455 556
397500 455 556
398000 455 560
398500 455 552
399000 455 583
399500 455 565
400000 455 583
400500 455 593
401000 455 591
401500 455 589
402000 455 557
402500 455 606
403000 455 559
403500 455 603
404000 455 607
404500 455 536
405000 455 582
405500 455 580
406000 455 567
406500 455 586
407000 455 571
407500 455 609
408000 455 613
408500 455 562
409000 455 598
409500 455 625
410000 455 613
410500 455 621
411000 455 616
411500 455 648
412000 455 599
412500 455 605
413000 455 603
413500 455 581
414000 455 624
414500 455 600
415000 455 638
415500 455 627
416000 455 646
416500 455 638
417000 455 638
417500 455 663
418000 455 624
418500 455 604
419000 455 597
419500 455 636
420000 455 608
420500 455 582
421000 455 602
421500 455 585
422000 455 611
422500 455 609
423000 455 618
423500 455 590
424000 455 621
424500 455 641
425000 455 597
425500 455 613
426000 455 566
426500 455 587
427000 455 628
427500 455 572
428000 455 597
428500 455 594
429000 455 588
429500 455 635
430000 455 581
430500 455 591
431000 455 610
431500 455 585
432000 455 610
432500 455 590
433000 455 607
433500 455 618
434000 455 597
434500 455 622
435000 455 586
435500 455 641
436000 455 591
436500 455 619
437000 455 603
437500 455 572
438000 455 648
438500 455 597
439000 455 618
439500 455 611
440000 455 605
440500 455 625
441000 455 570
441500 455 649
442000 455 611
442500 455 612
443000 455 588
443500 455 592
444000 455 607
444500 455 603
445000 455 612
445500 455 584
446000 455 555
446500 455 607
447000 455 586
447500 455 578
448000 455 567
448500 455 585
449000 455 621
449500 455 598
450000 455 604
450500 455 571
451000 455 563
451500 455 609
452000 455 576
452500 455 579
453000 455 605
453500 455 560
454000 455 591
454500 455 655
455000 455 596
455500 455 616
456000 455 581
456500 455 559
457000 455 600
457500 455 565
458000 455 570
458500 455 571
459000 455 539
459500 455 588
460000 455 568
460500 455 614
461000 455 590
461500 455 590
462000 455 573
462500 455 550
463000 455 632
463500 455 575
464000 455 617
464500 455 540
465000 455 589
465500 455 580
466000 455 596
466500 455 557
467000 455 562
467500 455 598
468000 455 591
468500 455 594
469000 455 582
469500 455 624
470000 455 612
470500 455 636
471000 455 597
471500 455 604
472000 455 599
472500 455 585
473000 455 626
473500 455 611
474000 455 612
474500 455 600
475000 455 592
475500 455 589
476000 455 614
476500 455 594
477000 455 618
477500 455 595
478000 455 575
478500 455 586
479000 455 588
479500 455 649
480000 455 583
480500 455 626
481000 455 581
481500 455 668
482000 455 577
482500 455 579
483000 455 585
483500 455 578
484000 455 621
484500 455 561
485000 455 648
485500 455 597
486000 455 580
486500 455 628
487000 455 591
487500 455 650
488000 455 603
488500 455 584
489000 455 607
489500 455 610
490000 455 592
490500 455 599
491000 455 630
491500 455 635
492000 455 560
492500 455 625
493000 455 613
493500 455 612
494000 455 602
494500 455 606
495000 455 558
495500 455 583
496000 455 569
496500 455 593
497000 455 602
497500 455 615
498000 455 588
498500 455 589
499000 455 554
499500 455 622
500000 455 575
500500 455 620
501000 455 555
501500 455 614
502000 455 599
502500 455 620
503000 455 638
503500 455 572
504000 455 585
504500 455 574
505000 455 576
505500 455 599
506000 455 665
506500 455 623
507000 455 595
507500 455 604
508000 455 600
508500 455 599
509000 455 597
509500 455 573
510000 455 570
510500 455 568
511000 455 577
511500 455 601
512000 455 594
512500 455 566
513000 455 602
513500 455 612
514000 455 615
514500 455 571
515000 455 607
515500 455 581
516000 455 582
516500 455 554
517000 455 650
517500 455 599
518000 455 595
518500 455 586
519000 455 616
519500 455 606
520000 455 599
520500 455 612
521000 455 632
521500 455 610
522000 455 601
522500 455 573
523000 455 637
523500 455 573
524000 455 603
524500 455 582
525000 455 533
525500 455 597
526000 455 574
526500 455 603
527000 455 624
527500 455 592
528000 455 592
528500 455 597
529000 455 620
529500 455 588
530000 455 613
530500 455 590
531000 455 577
531500 455 590
532000 455 579
532500 455 605
533000 455 602
533500 455 554
534000 455 564
534500 455 589
535000 455 600
535500 455 622
536000 455 590
536500 455 590
537000 455 633
537500 455 575
538000 455 641
538500 455 644
539000 455 558
539500 455 611
540000 455 607
540500 455 646
541000 455 615
541500 455 538
542000 455 594
542500 455 587
543000 455 545
543500 455 575
544000 455 598
544500 455 574
545000 455 591
545500 455 577
546000 455 591
546500 455 599
547000 455 625
547500 455 554
548000 455 595
548500 455 612
549000 455 572
549500 455 560
550000 455 569
550500 455 561
551000 455 563
551500 455 562
552000 455 603
552500 455 601
553000 455 621
553500 455 599
554000 455 553
554500 455 585
555000 455 609
555500 455 581
556000 455 576
556500 455 556
557000 455 568
557500 455 561
558000 455 603
558500 455 611
559000 455 551
559500 455 555
560000 455 566
560500 455 569
561000 455 580
561500 455 587
562000 455 557
562500 455 598
563000 455 593
563500 455 570
564000 455 565
564500 455 613
565000 455 564
565500 455 590
566000 455 589
566500 455 557
567000 455 577
567500 455 576
568000 455 642
568500 455 588
569000 455 637
569500 455 620
570000 455 595
570500 455 576
571000 455 568
571500 455 612
572000 455 594
572500 455 575
573000 455 590
573500 455 570
574000 455 608
574500 455 574
575000 455 575
575500 455 589
576000 455 577
576500 455 575
577000 455 593
577500 455 563
578000 455 552
578500 455 623
579000 455 595
579500 455 572
580000 455 619
580500 455 619
581000 455 625
581500 455 613
582000 455 616
582500 455 643
583000 455 638
583500 455 571
584000 455 613
584500 455 573
585000 455 645
585500 455 620
586000 455 606
586500 455 640
587000 455 618
587500 455 608
588000 455 628
588500 455 638
589000 455 605
589500 455 638
590000 455 631
590500 455 602
591000 455 611
591500 455 603
592000 455 604
592500 455 615
593000 455 623
593500 455 608
594000 455 612
594500 455 620
595000 455 614
595500 455 620
596000 455 627
596500 455 604
597000 455 594
597500 455 640
598000 455 604
598500 455 608
599000 455 597
599500 455 597
600000 455 607
600500 455 641
601000 455 568
601500 455 640
602000 455 643
602500 455 628
603000 455 587
603500 455 611
604000 455 601
604500 455 583
605000 455 605
605500 455 603
606000 455 611
606500 455 596
607000 455 601
607500 455 601
608000 455 620
608500 455 606
609000 455 596
609500 455 582
610000 455 576
610500 455 611
611000 455 597
611500 455 610
612000 455 590
612500 455 571
613000 455 607
613500 455 591
614000 455 664
614500 455 590
615000 455 581
615500 455 581
616000 455 593
616500 455 604
617000 455 643
617500 455 611
618000 455 630
618500 455 573
619000 455 610
619500 455 614
620000 455 577
620500 455 610
621000 455 647
621500 455 576
622000 455 617
622500 455 568
623000 455 550
623500 455 589
624000 455 565
624500 455 593
625000 455 607
625500 455 592
626000 455 569
626500 455 577
627000 455 587
627500 455 640
628000 455 603
628500 455 565
629000 455 604
629500 455 605
630000 455 553
630500 455 574
631000 455 572
631500 455 567
632000 455 567
632500 455 568
633000 455 573
633500 455 576
634000 455 552
634500 455 590
635000 455 606
635500 455 586
636000 455 579
636500 455 560
637000 455 649
637500 455 620
638000 455 610
638500 455 593
639000 455 604
639500 455 605
640000 455 581
640500 455 574
641000 455 579
641500 455 605
642000 455 592
642500 455 597
643000 455 590
643500 455 594
644000 455 609
644500 455 613
645000 455 584
645500 455 598
646000 455 620
646500 455 619
647000 455 611
647500 455 619
648000 455 598
648500 455 566
649000 455 633
649500 455 638
650000 455 582
650500 455 604
651000 455 627
651500 455 573
652000 455 584
652500 455 596
653000 455 574
653500 455 558
654000 455 564
654500 455 607
655000 455 629
655500 455 634
656000 455 612
656500 455 630
657000 455 619
657500 455 621
658000 455 605
658500 455 589
659000 455 613
659500 455 606
660000 455 583
660500 455 609
661000 455 594
661500 455 630
662000 455 593
662500 455 598
663000 455 585
663500 455 623
664000 455 580
664500 455 587
665000 455 607
665500 455 668
666000 455 636
666500 455 611
667000 455 604
667500 455 607
668000 455 605
668500 455 609
669000 455 617
669500 455 624
670000 455 561
670500 455 562
671000 455 576
671500 455 570
672000 455 604
672500 455 625
673000 455 608
673500 455 627
674000 455 593
674500 455 579
e
