0 888 919
500 885 911
1000 885 910
1500 885 919
2000 885 922
2500 885 917
3000 885 919
3500 885 917
4000 885 919
4500 885 916
5000 885 918
5500 885 920
6000 885 918
6500 885 920
7000 885 916
7500 885 915
8000 885 918
8500 885 922
9000 885 917
9500 885 922
10000 885 921
10500 885 926
11000 885 922
11500 885 917
12000 885 919
12500 885 918
13000 885 923
13500 885 920
14000 885 922
14500 885 922
15000 885 923
15500 885 917
16000 885 920
16500 885 918
17000 885 913
17500 885 912
18000 885 911
18500 885 909
19000 885 909
19500 885 914
20000 885 918
20500 885 919
21000 885 915
21500 885 914
22000 885 917
22500 885 919
23000 885 922
23500 885 922
24000 885 922
24500 885 921
25000 885 920
25500 885 919
26000 885 919
26500 885 919
27000 885 920
27500 885 921
28000 885 921
28500 885 921
29000 885 921
29500 885 922
30000 885 928
30500 885 920
31000 885 922
31500 885 916
32000 885 913
32500 885 912
33000 885 917
33500 885 925
34000 885 920
34500 885 926
35000 885 926
35500 885 923
36000 885 927
36500 885 924
37000 885 927
37500 885 918
38000 885 926
38500 885 929
39000 885 929
39500 885 926
40000 885 922
40500 885 927
41000 885 925
41500 885 926
42000 885 927
42500 885 925
43000 885 925
43500 885 925
44000 885 917
44500 885 915
45000 885 924
45500 885 914
46000 885 910
46500 885 923
47000 885 919
47500 885 921
48000 885 919
48500 885 918
49000 885 923
49500 885 918
50000 885 923
50500 885 919
51000 885 922
51500 885 919
52000 885 919
52500 885 925
53000 885 925
53500 885 923
54000 885 925
54500 885 920
55000 885 926
55500 885 918
56000 885 918
56500 885 930
57000 885 930
57500 885 918
58000 885 921
58500 885 922
59000 881 918
59500 881 916
60000 881 922
60500 881 922
61000 881 921
61500 881 920
62000 881 918
62500 881 925
63000 881 927
63500 881 927
64000 881 923
64500 881 929
65000 881 924
65500 881 925
66000 881 924
66500 881 921
67000 881 923
67500 881 920
68000 881 920
68500 881 920
69000 881 920
69500 881 921
70000 881 922
70500 881 918
71000 881 916
71500 881 918
72000 881 918
72500 881 917
73000 881 917
73500 881 912
74000 881 907
74500 881 912
75000 881 917
75500 881 916
76000 881 917
76500 881 921
77000 881 920
77500 881 923
78000 881 925
78500 881 923
79000 881 924
79500 881 924
80000 881 926
80500 881 924
81000 881 925
81500 881 922
82000 881 916
82500 881 918
83000 881 917
83500 881 920
84000 881 921
84500 881 923
85000 881 923
85500 881 923
86000 881 921
86500 881 919
87000 881 918
87500 881 915
88000 881 912
88500 881 916
89000 881 912
89500 881 908
90000 881 919
90500 881 925
91000 881 924
91500 881 925
92000 881 925
92500 881 924
93000 881 921
93500 881 920
94000 881 918
94500 881 919
95000 881 923
95500 881 920
96000 881 915
96500 881 911
97000 881 916
97500 881 919
98000 881 926
98500 881 911
99000 881 919
99500 881 919
100000 881 930
100500 881 926
101000 881 925
101500 881 922
102000 881 928
102500 880 929
103000 880 922
103500 880 922
104000 880 923
104500 879 918
105000 879 919
105500 879 917
106000 879 909
106500 879 916
107000 879 916
107500 879 916
108000 879 927
108500 879 920
109000 879 914
109500 879 909
110000 879 913
110500 879 916
111000 879 919
111500 879 921
112000 879 926
112500 879 921
113000 879 922
113500 879 914
114000 879 914
114500 879 921
115000 879 914
115500 879 915
116000 879 907
116500 879 910
117000 879 913
117500 879 912
118000 879 909
118500 879 911
119000 879 905
119500 879 906
120000 879 909
120500 879 914
121000 879 918
121500 879 915
122000 879 923
122500 879 924
123000 879 916
123500 879 918
124000 879 916
124500 879 919
125000 879 920
125500 879 919
126000 879 919
126500 879 916
127000 879 920
127500 879 923
128000 879 919
128500 879 923
129000 879 923
129500 879 923
130000 879 922
130500 879 924
131000 879 919
131500 879 919
132000 879 919
132500 879 919
133000 879 922
133500 879 919
134000 879 913
134500 879 916
135000 879 922
135500 879 920
136000 879 920
136500 879 922
137000 879 922
137500 879 917
138000 879 924
138500 879 919
139000 879 910
139500 879 908
140000 879 909
140500 879 917
141000 879 919
141500 879 920
142000 879 920
142500 879 919
143000 879 909
143500 879 911
144000 879 909
144500 879 909
145000 879 912
145500 879 910
146000 879 918
146500 879 920
147000 879 920
147500 879 916
148000 879 912
148500 879 916
149000 879 910
149500 879 923
150000 879 921
150500 879 915
151000 879 918
151500 879 912
152000 879 914
152500 879 916
153000 879 919
153500 879 918
154000 879 915
154500 879 912
155000 879 916
155500 879 921
156000 879 929
156500 879 922
157000 879 920
157500 879 921
158000 879 917
158500 879 921
159000 879 918
159500 879 916
160000 879 918
160500 879 918
161000 879 925
161500 879 922
162000 879 924
162500 879 921
163000 879 919
163500 879 917
164000 879 915
164500 879 916
165000 879 921
165500 879 920
166000 879 921
166500 879 924
167000 879 924
167500 879 926
168000 879 922
168500 879 927
169000 879 923
169500 879 925
170000 879 927
170500 879 927
171000 879 927
171500 879 927
172000 879 927
172500 879 927
173000 879 927
173500 879 927
174000 879 927
174500 879 925
175000 879 920
175500 879 923
176000 879 920
176500 879 926
177000 879 928
177500 879 930
178000 879 929
178500 879 928
179000 879 928
179500 879 927
180000 879 927
180500 879 927
181000 879 928
181500 879 929
182000 879 928
182500 879 929
183000 879 929
183500 879 921
184000 879 925
184500 879 924
185000 879 925
185500 879 927
186000 879 927
186500 879 926
187000 879 926
187500 879 925
188000 879 925
188500 879 926
189000 879 923
189500 879 923
190000 879 917
190500 879 919
191000 879 921
191500 879 921
192000 879 920
192500 879 919
193000 879 915
193500 879 919
194000 879 918
194500 879 919
195000 879 922
195500 879 922
196000 879 923
196500 879 925
197000 879 925
197500 879 922
198000 879 922
198500 879 922
199000 879 922
199500 879 922
200000 879 922
200500 879 921
201000 879 922
201500 879 919
202000 879 922
202500 879 916
203000 879 909
203500 879 915
204000 879 923
204500 879 925
205000 879 920
205500 879 922
206000 879 928
206500 879 922
207000 879 924
207500 879 921
208000 879 921
208500 879 924
209000 879 919
209500 879 922
210000 879 921
210500 879 913
211000 879 921
211500 879 924
212000 879 922
212500 879 921
213000 879 922
213500 879 918
214000 879 922
214500 879 923
215000 879 921
215500 879 915
216000 879 914
216500 879 916
217000 879 914
217500 879 912
218000 879 922
218500 879 919
219000 879 919
219500 879 923
220000 879 921
220500 879 908
221000 879 922
221500 879 922
222000 879 919
222500 879 922
223000 879 923
223500 879 923
224000 879 924
224500 879 923
225000 879 922
225500 879 922
226000 879 921
226500 879 923
227000 879 921
227500 879 921
228000 879 921
228500 879 921
229000 879 921
229500 879 921
230000 879 921
230500 879 919
231000 879 921
231500 879 919
232000 879 922
232500 879 914
233000 879 918
233500 879 918
234000 879 923
234500 879 920
235000 879 924
235500 879 922
236000 879 922
236500 879 916
237000 879 918
237500 879 912
238000 879 915
238500 879 912
239000 879 914
239500 879 918
240000 879 924
240500 879 918
241000 879 917
241500 879 919
242000 879 917
242500 879 922
243000 879 922
243500 879 920
244000 879 919
244500 879 922
245000 879 922
245500 879 921
246000 879 922
246500 879 922
247000 879 922
247500 879 922
248000 879 923
248500 879 922
249000 879 919
249500 879 920
250000 879 917
250500 879 920
251000 879 927
251500 879 924
252000 879 923
252500 879 928
253000 879 924
253500 879 929
254000 879 925
254500 879 922
255000 879 930
255500 879 930
256000 879 930
256500 879 930
257000 879 930
257500 879 917
258000 879 913
258500 879 913
259000 879 919
259500 879 924
260000 879 919
260500 879 920
261000 879 919
261500 879 913
262000 879 910
262500 879 913
263000 879 920
263500 879 921
264000 879 920
264500 879 913
265000 879 914
265500 879 915
266000 879 915
266500 879 914
267000 879 914
267500 879 909
268000 879 916
268500 879 919
269000 879 924
269500 879 925
270000 879 917
270500 879 918
271000 879 919
271500 879 923
272000 879 928
272500 879 923
273000 879 921
273500 879 924
274000 879 920
274500 879 921
275000 879 920
275500 879 918
276000 879 915
276500 879 920
277000 879 912
277500 879 912
278000 879 919
278500 879 919
279000 879 920
279500 879 919
280000 879 921
280500 879 920
281000 879 922
281500 879 922
282000 879 921
282500 879 923
283000 879 921
283500 879 924
284000 879 924
284500 879 924
285000 879 918
285500 879 915
286000 879 917
286500 879 917
287000 879 914
287500 879 914
288000 879 916
288500 879 914
289000 879 916
289500 879 916
290000 879 918
290500 879 923
291000 879 921
291500 879 920
292000 879 921
292500 879 923
293000 879 923
293500 879 927
294000 879 927
294500 879 920
295000 879 916
295500 879 916
296000 879 912
296500 879 912
297000 879 917
297500 879 913
298000 879 913
298500 879 911
299000 879 908
299500 879 910
300000 879 909
300500 879 908
301000 879 908
301500 879 907
302000 879 921
302500 879 922
303000 879 917
303500 879 914
304000 879 903
304500 879 912
305000 879 910
305500 879 910
306000 879 903
306500 879 914
307000 879 909
307500 879 910
308000 879 910
308500 879 911
309000 879 920
309500 879 916
310000 879 920
310500 879 922
311000 879 922
311500 879 914
312000 879 914
312500 879 923
313000 879 924
313500 879 927
314000 879 927
314500 879 927
315000 879 924
315500 879 920
316000 879 913
316500 879 907
317000 879 908
317500 879 913
318000 879 918
318500 879 922
319000 879 916
319500 879 921
320000 879 921
320500 879 921
321000 879 921
321500 879 921
322000 879 923
322500 879 921
323000 879 934
323500 879 932
324000 879 934
324500 879 934
325000 879 934
325500 879 930
326000 879 927
326500 879 930
327000 879 934
327500 879 934
328000 879 934
328500 879 928
329000 879 923
329500 879 917
330000 879 923
330500 879 924
331000 879 926
331500 879 929
332000 879 923
332500 879 931
333000 879 925
333500 879 923
334000 879 923
334500 879 921
335000 879 920
335500 879 920
336000 879 920
336500 879 918
337000 879 921
337500 879 923
338000 879 923
338500 879 922
339000 879 919
339500 879 925
340000 879 926
340500 879 930
341000 879 928
341500 879 920
342000 879 927
342500 879 927
343000 879 928
343500 879 926
344000 879 930
344500 879 931
345000 879 931
345500 879 930
346000 879 931
346500 879 925
347000 879 928
347500 879 930
348000 879 923
348500 879 925
349000 879 924
349500 879 924
350000 879 923
350500 879 923
351000 879 926
351500 879 922
352000 879 926
352500 879 926
353000 879 926
353500 879 925
354000 879 923
354500 879 918
355000 879 916
355500 879 917
356000 879 915
356500 879 923
357000 879 921
357500 879 924
358000 879 918
358500 879 915
359000 879 920
359500 879 914
360000 879 911
360500 879 918
361000 879 920
361500 879 930
362000 879 921
362500 879 921
363000 879 914
363500 879 919
364000 879 915
364500 879 914
365000 879 912
365500 879 917
366000 879 921
366500 879 926
367000 879 922
367500 879 928
368000 879 926
368500 879 926
369000 879 928
369500 879 926
370000 879 928
370500 879 928
371000 879 926
371500 879 927
372000 879 928
372500 879 928
373000 879 928
373500 879 925
374000 879 927
374500 879 928
375000 879 922
375500 879 922
376000 879 917
376500 879 926
377000 879 929
377500 879 929
378000 879 929
378500 879 930
379000 879 932
379500 879 931
380000 879 928
380500 879 928
381000 879 926
381500 879 923
382000 879 923
382500 879 920
383000 879 920
383500 879 918
384000 879 919
384500 879 920
385000 879 919
385500 879 918
386000 879 917
386500 879 918
387000 879 914
387500 879 916
388000 879 915
388500 879 915
389000 879 917
389500 879 921
390000 879 920
390500 879 927
391000 879 924
391500 879 920
392000 879 918
392500 879 919
393000 879 914
393500 879 916
394000 879 919
394500 879 919
395000 879 915
395500 879 914
396000 879 912
396500 879 917
397000 879 916
397500 879 914
398000 879 916
398500 879 916
399000 879 917
399500 879 919
400000 879 922
400500 879 919
401000 879 920
401500 879 920
402000 879 925
402500 879 921
403000 879 914
403500 879 919
404000 879 917
404500 879 921
405000 879 922
405500 879 917
406000 879 916
406500 879 917
407000 879 910
407500 879 919
408000 879 912
408500 879 930
409000 879 932
409500 879 935
410000 879 934
410500 879 926
411000 879 931
411500 879 928
412000 879 930
412500 879 933
413000 879 930
413500 879 925
414000 879 930
414500 879 914
415000 879 918
415500 879 920
416000 879 922
416500 879 922
417000 879 922
417500 879 920
418000 879 920
418500 879 920
419000 879 919
419500 879 916
420000 879 918
420500 879 916
421000 879 916
421500 879 916
422000 879 913
422500 879 911
423000 879 913
423500 879 921
424000 879 923
424500 879 923
425000 879 924
425500 879 922
426000 879 920
426500 879 921
427000 879 914
427500 879 919
428000 879 919
428500 879 916
429000 879 916
429500 879 923
430000 879 923
430500 879 926
431000 879 924
431500 879 924
432000 879 916
432500 879 912
433000 879 910
433500 879 910
434000 879 916
434500 879 918
435000 879 922
435500 879 915
436000 879 914
436500 879 911
437000 879 912
437500 879 923
438000 879 919
438500 879 916
439000 879 918
439500 879 928
440000 879 924
440500 879 917
441000 879 926
441500 879 909
442000 879 921
442500 879 918
443000 879 922
443500 879 925
444000 879 924
444500 879 922
445000 879 923
445500 879 925
446000 879 926
446500 879 924
447000 879 916
447500 879 919
448000 879 920
448500 879 920
449000 879 915
449500 879 907
450000 879 916
450500 879 918
451000 879 914
451500 879 919
452000 879 917
452500 879 922
453000 879 922
453500 879 913
454000 879 913
454500 879 912
455000 879 917
455500 879 916
456000 879 911
456500 879 917
457000 879 919
457500 879 920
458000 879 918
458500 879 919
459000 879 920
459500 879 920
460000 879 916
460500 879 917
461000 879 917
461500 879 920
462000 879 912
462500 879 913
463000 879 913
463500 879 910
464000 879 918
464500 879 917
465000 879 921
465500 879 924
466000 879 926
466500 879 927
467000 879 922
467500 879 924
468000 879 925
468500 879 928
469000 879 925
469500 879 925
470000 879 926
470500 879 924
471000 879 926
471500 879 924
472000 879 925
472500 879 922
473000 879 923
473500 879 920
474000 879 918
474500 879 919
475000 879 922
475500 879 921
476000 879 923
476500 879 924
477000 879 922
477500 879 922
478000 879 923
478500 879 924
479000 879 924
479500 879 924
480000 879 923
480500 879 923
481000 879 923
481500 879 923
482000 879 922
482500 879 922
483000 879 922
483500 879 924
484000 879 924
484500 879 924
485000 879 925
485500 879 925
486000 879 925
486500 879 925
487000 879 925
487500 879 924
488000 879 924
488500 879 925
489000 879 927
489500 879 927
490000 879 927
490500 879 925
491000 879 924
491500 879 922
492000 879 924
492500 879 927
493000 879 924
493500 879 927
494000 879 926
494500 879 923
495000 879 927
495500 879 927
496000 879 925
496500 879 924
497000 879 922
497500 879 920
498000 879 908
498500 879 913
499000 879 917
499500 879 913
500000 879 910
500500 879 914
501000 879 912
501500 879 913
502000 879 913
502500 879 908
503000 879 919
503500 879 921
504000 879 922
504500 879 922
505000 879 922
505500 879 918
506000 879 922
506500 879 925
507000 879 925
507500 879 925
508000 879 925
508500 879 926
509000 879 925
509500 879 929
510000 879 930
510500 879 926
511000 879 926
511500 879 918
512000 879 917
512500 879 920
513000 879 913
513500 879 916
514000 879 913
514500 879 910
515000 879 920
515500 879 926
516000 879 920
516500 879 912
517000 879 925
517500 879 922
518000 879 917
518500 879 910
519000 879 909
519500 879 912
520000 879 916
520500 879 908
521000 879 920
521500 879 912
522000 879 924
522500 879 929
523000 879 930
523500 879 930
524000 879 933
524500 879 933
525000 879 933
525500 879 929
526000 879 926
526500 879 926
527000 879 920
527500 879 920
528000 879 923
528500 879 919
529000 879 919
529500 879 919
530000 879 921
530500 879 924
531000 879 921
531500 879 921
532000 879 923
532500 879 923
533000 879 923
533500 879 925
534000 879 921
534500 879 920
535000 879 915
535500 879 912
536000 879 914
536500 879 918
537000 879 916
537500 879 919
538000 879 918
538500 879 923
539000 879 923
539500 879 924
540000 879 923
540500 879 923
541000 879 923
541500 879 923
542000 879 923
542500 879 927
543000 879 923
543500 879 923
544000 879 914
544500 879 921
545000 879 924
545500 879 925
546000 879 922
546500 879 920
547000 879 929
547500 879 930
548000 879 929
548500 879 920
549000 879 923
549500 879 920
550000 879 923
550500 879 926
551000 879 915
551500 879 920
552000 879 925
552500 879 925
553000 879 924
553500 879 920
554000 879 916
554500 879 910
555000 879 907
555500 879 912
556000 879 916
556500 879 919
557000 879 922
557500 879 925
558000 879 925
558500 879 925
559000 879 925
559500 879 927
560000 879 926
560500 879 924
561000 879 925
561500 879 924
562000 879 922
562500 879 921
563000 879 921
563500 879 923
564000 879 920
564500 879 923
565000 879 918
565500 879 919
566000 879 914
566500 879 913
567000 879 913
567500 879 914
568000 879 914
568500 879 914
569000 879 911
569500 879 909
570000 879 914
570500 879 913
571000 879 921
571500 879 925
572000 879 925
572500 879 925
573000 879 924
573500 879 924
574000 879 923
574500 879 916
575000 879 913
575500 879 916
576000 879 917
576500 879 920
577000 879 916
577500 879 918
578000 879 920
578500 879 923
579000 879 921
579500 879 922
580000 879 930
580500 879 927
581000 879 920
581500 879 925
582000 879 920
582500 879 916
583000 879 921
583500 879 920
584000 879 920
584500 879 916
585000 879 920
585500 879 913
586000 879 914
586500 879 917
587000 879 917
587500 879 917
588000 879 913
588500 879 915
589000 879 914
589500 879 920
590000 879 913
590500 879 918
591000 879 915
591500 879 920
592000 879 918
592500 879 922
593000 879 922
593500 879 917
594000 879 917
594500 879 920
595000 879 921
595500 879 921
596000 879 920
596500 879 919
597000 879 925
597500 879 924
598000 879 924
598500 879 924
599000 879 923
599500 879 922
600000 879 922
600500 879 924
601000 879 926
601500 879 925
602000 879 925
602500 879 927
603000 879 929
603500 879 925
604000 879 928
604500 879 931
605000 879 926
605500 879 924
606000 879 920
606500 879 921
607000 879 918
607500 879 913
608000 879 913
608500 879 914
609000 879 911
609500 879 923
610000 879 918
610500 879 913
611000 879 920
611500 879 919
612000 879 921
612500 879 917
613000 879 923
613500 879 920
614000 879 914
614500 879 914
615000 879 920
615500 879 918
616000 879 920
616500 879 921
617000 879 922
617500 879 918
618000 879 917
618500 879 918
619000 879 922
619500 879 919
620000 879 916
620500 879 919
621000 879 912
621500 879 919
622000 879 914
622500 879 922
623000 879 921
623500 879 915
624000 879 915
624500 879 917
625000 879 925
625500 879 924
626000 879 922
626500 879 919
627000 879 920
627500 879 921
628000 879 916
628500 879 913
629000 879 908
629500 879 908
630000 879 912
630500 879 916
631000 879 920
631500 879 915
632000 879 916
632500 879 915
633000 879 916
633500 879 919
634000 879 917
634500 879 919
635000 879 921
635500 879 916
636000 879 919
636500 879 915
637000 879 913
637500 879 917
638000 879 921
638500 879 922
639000 879 915
639500 879 912
640000 879 912
640500 879 907
641000 879 908
641500 879 907
642000 879 911
642500 879 908
643000 879 911
643500 879 908
644000 879 907
644500 879 913
645000 879 910
645500 879 903
646000 879 901
646500 879 902
647000 879 901
647500 879 903
648000 879 914
648500 879 911
649000 879 914
649500 879 900
650000 879 900
650500 879 909
651000 879 917
651500 879 922
652000 879 919
652500 879 921
653000 879 921
653500 879 923
654000 879 922
654500 879 922
655000 879 924
655500 879 924
656000 879 924
656500 879 926
657000 879 926
657500 879 928
658000 879 927
658500 879 928
659000 879 928
659500 879 926
660000 879 927
660500 879 926
661000 879 927
661500 879 926
662000 879 931
662500 879 927
663000 879 924
663500 879 915
664000 879 916
664500 879 914
665000 879 915
665500 879 913
666000 879 913
666500 879 913
667000 879 909
667500 879 918
668000 879 914
668500 879 915
669000 879 914
669500 879 912
670000 879 913
670500 879 920
671000 879 922
671500 879 920
672000 879 924
672500 879 917
673000 879 919
673500 879 919
674000 879 924
674500 879 924
675000 879 924
675500 879 923
676000 879 921
676500 879 922
677000 879 915
677500 879 918
678000 879 919
678500 879 917
679000 879 911
679500 879 911
680000 879 911
680500 879 914
681000 879 907
681500 879 907
682000 879 908
682500 879 910
683000 879 914
683500 879 913
684000 879 911
684500 879 912
685000 879 916
685500 879 919
686000 879 914
686500 879 913
687000 879 919
687500 879 920
688000 879 923
688500 879 923
689000 879 920
689500 879 923
690000 879 923
690500 879 923
691000 879 920
691500 879 914
692000 879 918
692500 879 916
693000 879 919
693500 879 920
694000 879 921
694500 879 916
695000 879 910
695500 879 913
696000 879 917
696500 879 921
697000 879 916
697500 879 915
698000 879 911
698500 879 905
699000 879 906
699500 879 915
700000 879 910
700500 879 914
701000 879 921
701500 879 924
702000 879 926
702500 879 923
703000 879 925
703500 879 914
704000 879 926
704500 879 926
705000 879 929
705500 879 929
706000 879 929
706500 879 928
707000 879 928
707500 879 926
708000 879 922
708500 879 923
709000 879 922
e
