0 888 919
500 888 923
1000 888 919
1500 887 917
2000 885 919
2500 880 917
3000 878 920
3500 878 922
4000 878 925
4500 878 920
5000 878 917
5500 878 917
6000 878 920
6500 878 917
7000 878 915
7500 878 912
8000 878 919
8500 878 915
9000 878 925
9500 878 922
10000 878 926
10500 878 918
11000 878 921
11500 878 925
12000 878 920
12500 877 911
13000 877 927
13500 877 919
14000 877 921
14500 877 921
15000 877 930
15500 877 919
16000 877 923
16500 877 918
17000 877 921
17500 877 920
18000 877 926
18500 877 918
19000 877 915
19500 877 913
20000 877 926
20500 877 925
21000 877 917
21500 877 921
22000 877 920
22500 877 923
23000 877 914
23500 877 924
24000 877 916
24500 877 921
25000 877 921
25500 877 923
26000 877 918
26500 877 921
27000 877 916
27500 877 921
28000 877 925
28500 877 919
29000 877 919
29500 877 917
30000 877 917
30500 877 912
31000 877 923
31500 877 921
32000 877 920
32500 877 925
33000 877 918
33500 877 912
34000 877 917
34500 877 918
35000 877 922
35500 877 922
36000 877 918
36500 874 921
37000 874 918
37500 874 918
38000 874 915
38500 874 914
39000 874 915
39500 874 920
40000 874 917
40500 874 923
41000 874 917
41500 874 918
42000 874 915
42500 874 924
43000 874 914
43500 874 918
44000 874 924
44500 874 918
45000 874 923
45500 874 916
46000 874 921
46500 874 923
47000 874 917
47500 874 915
48000 874 923
48500 874 920
49000 874 915
49500 874 919
50000 874 908
50500 874 917
51000 874 917
51500 874 914
52000 874 911
52500 874 927
53000 874 917
53500 874 916
54000 874 918
54500 874 922
55000 874 913
55500 874 923
56000 874 915
56500 874 928
57000 874 916
57500 874 912
58000 874 921
58500 874 920
59000 874 924
59500 874 922
60000 874 923
60500 874 908
61000 874 916
61500 874 924
62000 874 929
62500 874 918
63000 874 917
63500 874 914
64000 874 921
64500 874 916
65000 874 923
65500 874 919
66000 874 920
66500 874 923
67000 874 920
67500 874 913
68000 874 912
68500 874 918
69000 874 919
69500 874 923
70000 874 914
70500 874 918
71000 874 923
71500 874 912
72000 874 920
72500 874 913
73000 874 917
73500 874 916
74000 874 919
74500 874 921
75000 874 917
75500 874 923
76000 874 919
76500 874 919
77000 874 921
77500 874 921
78000 874 922
78500 874 918
79000 874 919
79500 874 919
80000 874 920
80500 874 926
81000 874 918
81500 874 915
82000 874 916
82500 874 920
83000 874 918
83500 874 925
84000 874 925
84500 874 922
85000 874 924
85500 874 925
86000 874 917
86500 874 922
87000 874 927
87500 874 917
88000 874 921
88500 874 910
89000 874 920
89500 874 928
90000 874 917
90500 874 923
91000 874 908
91500 874 922
92000 874 919
92500 874 919
93000 874 918
93500 874 919
94000 874 924
94500 874 920
95000 874 920
95500 874 919
96000 874 920
96500 874 922
97000 874 918
97500 874 921
98000 874 919
98500 874 920
99000 874 914
99500 874 920
100000 874 921
100500 874 926
101000 874 918
101500 874 925
102000 874 921
102500 874 920
103000 874 917
103500 874 912
104000 874 921
104500 874 920
105000 874 918
105500 874 923
106000 874 918
106500 874 927
107000 874 920
107500 874 922
108000 874 914
108500 874 921
109000 874 919
109500 874 916
110000 874 922
110500 872 914
111000 872 920
111500 872 914
112000 872 917
112500 872 921
113000 872 921
113500 872 927
114000 872 921
114500 872 926
115000 872 922
115500 872 915
116000 872 921
116500 872 920
117000 872 922
117500 872 916
118000 872 917
118500 872 924
119000 872 920
119500 872 917
120000 872 925
120500 872 920
121000 872 918
121500 872 920
122000 872 918
122500 872 916
123000 872 920
123500 872 922
124000 872 918
124500 872 920
125000 872 922
125500 872 918
126000 872 925
126500 872 927
127000 872 917
127500 872 924
128000 872 918
128500 869 919
129000 869 920
129500 869 917
130000 869 919
130500 869 912
131000 869 923
131500 869 918
132000 869 914
132500 869 925
133000 869 923
133500 869 914
134000 869 918
134500 869 917
135000 869 924
135500 869 924
136000 869 919
136500 869 911
137000 869 923
137500 869 927
138000 869 924
138500 869 919
139000 869 913
139500 869 925
140000 869 921
140500 869 921
141000 869 913
141500 869 918
142000 869 912
142500 869 914
143000 869 918
143500 869 925
144000 869 915
144500 869 916
145000 869 925
145500 869 915
146000 869 919
146500 869 917
147000 869 920
147500 869 922
148000 869 926
148500 869 926
149000 869 915
149500 869 917
150000 869 921
150500 869 918
151000 869 925
151500 869 921
152000 869 919
152500 869 915
153000 869 919
153500 869 914
154000 869 920
154500 869 921
155000 869 920
155500 869 917
156000 869 917
156500 869 914
157000 869 920
157500 869 924
158000 869 924
158500 869 917
159000 869 920
159500 869 923
160000 869 915
160500 869 919
161000 869 917
161500 869 918
162000 869 925
162500 869 916
163000 869 918
163500 869 917
164000 869 916
164500 869 917
165000 869 917
165500 869 918
166000 869 925
166500 869 921
167000 869 923
167500 869 927
168000 869 921
168500 869 922
169000 869 924
169500 869 921
170000 869 922
170500 869 919
171000 869 918
171500 869 918
172000 869 925
172500 869 918
173000 869 910
173500 869 913
174000 869 915
174500 869 918
175000 869 917
175500 869 919
176000 869 920
176500 869 925
177000 869 923
177500 869 922
178000 869 924
178500 869 919
179000 869 920
179500 869 922
180000 869 913
180500 869 923
181000 869 924
181500 869 926
182000 869 927
182500 869 927
183000 869 927
183500 869 928
184000 869 914
184500 869 916
185000 869 918
185500 869 926
186000 869 913
186500 869 927
187000 869 912
187500 869 925
188000 869 919
188500 869 920
189000 869 920
189500 869 924
190000 869 922
190500 869 926
191000 869 920
191500 869 917
192000 869 921
192500 869 921
193000 869 921
193500 869 920
194000 869 918
194500 869 916
195000 869 926
195500 869 918
196000 869 918
196500 869 919
197000 869 922
197500 869 914
198000 869 918
198500 869 915
199000 869 919
199500 869 923
200000 869 922
200500 869 917
201000 869 920
201500 869 924
202000 869 924
202500 869 920
203000 869 919
203500 869 919
204000 869 923
204500 869 915
205000 869 923
205500 869 924
206000 869 920
206500 869 916
207000 869 917
207500 869 920
208000 869 922
208500 869 922
209000 869 915
209500 869 918
210000 869 923
210500 869 921
211000 869 926
211500 869 923
212000 869 916
212500 869 915
213000 869 924
213500 869 920
214000 869 917
214500 869 919
215000 869 919
215500 869 911
216000 869 915
216500 869 921
217000 869 921
217500 869 924
218000 869 916
218500 869 917
219000 869 923
219500 869 921
220000 869 914
220500 869 913
221000 869 915
221500 869 920
222000 869 921
222500 869 923
223000 869 918
223500 869 922
224000 869 922
224500 869 921
225000 869 917
225500 869 922
226000 869 919
226500 869 924
227000 869 910
227500 869 913
228000 869 916
228500 869 917
229000 869 913
229500 869 918
230000 869 925
230500 869 917
231000 869 920
231500 869 928
232000 869 921
232500 869 908
233000 869 915
233500 869 913
234000 869 917
234500 869 927
235000 869 919
235500 869 916
236000 869 920
236500 869 922
237000 869 910
237500 869 922
238000 869 906
238500 869 917
239000 869 917
239500 869 922
240000 869 918
240500 869 912
241000 869 923
241500 869 916
242000 869 921
242500 869 905
243000 869 922
243500 869 921
244000 869 917
244500 869 921
245000 869 916
245500 869 922
246000 869 918
246500 869 926
247000 869 925
247500 869 919
248000 869 924
248500 869 918
249000 869 921
249500 869 916
250000 869 912
250500 869 919
251000 869 917
251500 869 921
252000 869 922
252500 869 929
253000 869 920
253500 869 923
254000 869 914
254500 869 927
255000 869 925
255500 869 923
256000 869 926
256500 869 918
257000 869 920
257500 869 919
258000 869 921
258500 869 915
259000 869 910
259500 869 916
260000 869 912
260500 869 925
261000 869 919
261500 869 925
262000 869 922
262500 869 912
263000 869 916
263500 869 923
264000 869 926
264500 869 919
265000 869 917
265500 869 919
266000 869 923
266500 869 913
267000 869 922
267500 869 919
268000 869 920
268500 869 920
269000 869 924
269500 869 919
270000 869 916
270500 869 917
271000 869 919
271500 869 914
272000 869 915
272500 869 920
273000 869 916
273500 869 911
274000 869 918
274500 869 919
275000 869 917
275500 869 916
276000 869 923
276500 869 919
277000 869 918
277500 869 925
278000 869 921
278500 869 922
279000 869 926
279500 869 920
280000 869 916
280500 869 919
281000 869 920
281500 869 922
282000 869 921
282500 869 920
283000 869 917
283500 869 917
284000 869 922
284500 869 916
285000 869 916
285500 869 928
286000 869 915
286500 869 914
287000 869 917
287500 869 925
288000 869 918
288500 869 921
289000 869 919
289500 869 918
290000 869 925
290500 869 917
291000 869 923
291500 869 917
292000 869 916
292500 869 927
293000 869 921
293500 869 916
294000 869 921
294500 869 917
295000 869 922
295500 869 921
296000 869 921
296500 869 920
297000 869 919
297500 869 921
298000 869 916
298500 869 917
299000 869 920
299500 869 920
300000 869 919
300500 869 918
301000 869 919
301500 869 920
302000 869 918
302500 869 919
303000 869 921
303500 869 918
304000 869 921
304500 869 919
305000 869 928
305500 869 917
306000 869 915
306500 869 922
307000 869 915
307500 869 921
308000 869 916
308500 869 919
309000 869 916
309500 869 921
310000 869 919
310500 869 922
311000 869 919
311500 869 916
312000 869 913
312500 869 923
313000 869 924
313500 869 921
314000 869 918
314500 869 919
315000 869 920
315500 869 923
316000 869 920
316500 869 926
317000 869 917
317500 869 915
318000 869 916
318500 869 926
319000 869 917
319500 869 919
320000 869 918
320500 869 922
321000 869 918
321500 869 924
322000 869 910
322500 869 918
323000 869 928
323500 869 919
324000 869 916
324500 869 919
325000 869 914
325500 869 923
326000 869 921
326500 869 929
327000 869 915
327500 869 911
328000 869 917
328500 869 921
329000 869 923
329500 869 923
330000 869 912
330500 869 928
331000 869 921
331500 869 919
332000 869 924
332500 869 917
333000 869 915
333500 869 909
334000 869 919
334500 869 917
335000 869 926
335500 869 923
336000 869 923
336500 869 923
337000 869 915
337500 869 926
338000 869 924
338500 869 918
339000 869 920
339500 869 921
340000 869 924
340500 869 918
341000 869 918
341500 869 923
342000 869 917
342500 869 919
343000 869 917
343500 869 923
344000 869 912
344500 869 918
345000 869 923
345500 869 923
346000 869 915
346500 869 919
347000 869 921
347500 869 921
348000 869 917
348500 869 921
349000 869 925
349500 869 919
350000 869 918
350500 869 917
351000 869 925
351500 869 917
352000 869 911
352500 869 916
353000 869 915
353500 869 921
354000 869 912
354500 869 915
355000 869 920
355500 869 916
356000 869 926
356500 869 923
357000 869 916
357500 869 919
358000 869 923
358500 869 921
359000 869 926
359500 869 925
360000 869 919
360500 869 919
361000 869 922
361500 869 919
362000 869 918
362500 869 919
363000 869 917
363500 869 921
364000 869 925
364500 869 925
365000 869 923
365500 869 919
366000 869 918
366500 869 919
367000 869 921
367500 869 918
368000 869 923
368500 869 921
369000 869 919
369500 869 917
370000 869 913
370500 869 918
371000 869 919
371500 869 916
372000 869 915
372500 869 920
373000 869 918
373500 869 918
374000 869 924
374500 869 913
375000 869 922
375500 869 920
376000 869 915
376500 869 924
377000 869 919
377500 869 926
378000 869 924
378500 869 916
379000 869 917
379500 869 914
380000 869 919
380500 869 922
381000 869 917
381500 869 921
382000 869 926
382500 869 924
383000 869 915
383500 869 915
384000 869 919
384500 869 918
385000 869 922
385500 869 927
386000 869 918
386500 869 921
387000 869 916
387500 869 925
388000 869 926
388500 869 917
389000 869 925
389500 869 922
390000 869 914
390500 869 919
391000 869 913
391500 869 922
392000 869 919
392500 869 912
393000 869 926
393500 869 923
394000 869 927
394500 869 916
395000 869 917
395500 869 919
396000 869 917
396500 869 910
397000 869 926
397500 869 917
398000 869 915
398500 869 920
399000 869 912
399500 869 918
400000 869 924
400500 869 916
401000 869 919
401500 869 925
402000 869 925
402500 869 921
403000 869 923
403500 869 918
404000 869 917
404500 869 918
405000 869 920
405500 869 917
406000 869 920
406500 869 921
407000 869 918
407500 869 922
408000 869 924
408500 869 919
409000 869 920
409500 869 923
410000 869 921
410500 869 925
411000 869 924
411500 869 915
412000 869 916
412500 869 914
413000 869 919
413500 869 918
414000 869 922
414500 869 923
415000 869 914
415500 869 925
416000 869 923
416500 869 922
417000 869 915
417500 869 924
418000 869 919
418500 869 918
419000 869 917
419500 869 917
420000 869 921
420500 869 922
421000 869 919
421500 869 921
422000 869 921
422500 869 921
423000 869 915
423500 869 925
424000 869 922
424500 869 925
425000 869 918
425500 869 927
426000 869 923
426500 869 916
427000 869 921
427500 869 921
428000 869 920
428500 869 920
429000 869 921
429500 869 917
430000 869 922
430500 869 920
431000 869 914
431500 869 918
432000 869 919
432500 869 920
433000 869 923
433500 869 918
434000 869 919
434500 869 918
435000 869 912
435500 869 922
436000 869 922
436500 869 917
437000 869 920
437500 869 924
438000 869 920
438500 869 922
439000 869 920
439500 869 923
440000 869 913
440500 869 919
441000 869 923
441500 869 916
442000 869 923
442500 869 918
443000 869 920
443500 869 915
444000 869 918
444500 869 921
445000 869 917
445500 869 916
446000 869 916
446500 869 927
447000 869 916
447500 869 917
448000 869 918
448500 869 914
449000 869 927
449500 869 927
450000 869 925
450500 869 916
451000 869 918
451500 869 921
452000 869 918
452500 869 922
453000 869 916
453500 869 920
454000 869 921
454500 869 915
455000 869 920
455500 869 920
456000 869 917
456500 869 930
457000 869 912
457500 869 920
458000 869 917
458500 869 920
459000 869 917
459500 869 915
460000 869 920
460500 869 919
461000 869 918
461500 869 914
462000 869 915
462500 869 926
463000 869 919
463500 869 920
464000 869 923
464500 869 921
465000 869 919
465500 869 926
466000 869 920
466500 869 915
467000 869 923
467500 869 927
468000 869 919
468500 869 915
469000 869 911
469500 869 913
470000 869 918
470500 869 925
471000 869 918
471500 869 916
472000 869 912
472500 869 920
473000 869 923
473500 869 918
474000 869 920
474500 869 921
475000 869 911
475500 869 917
476000 869 925
476500 869 923
477000 869 925
477500 869 923
478000 869 923
478500 869 917
479000 869 916
479500 869 921
480000 869 925
480500 869 912
481000 869 920
481500 869 916
482000 869 928
482500 869 923
483000 869 916
483500 869 919
484000 869 916
484500 869 918
485000 869 921
485500 869 921
486000 869 916
486500 869 924
487000 869 919
487500 869 914
488000 869 927
488500 869 925
489000 869 915
489500 869 923
490000 869 919
490500 869 921
491000 869 921
491500 869 921
492000 869 920
492500 869 919
493000 869 917
493500 869 915
494000 869 922
494500 869 910
495000 869 915
495500 869 917
496000 869 922
496500 869 916
497000 869 919
497500 869 926
498000 869 917
498500 869 917
499000 869 916
499500 869 919
500000 869 924
500500 869 921
501000 869 922
501500 869 922
502000 869 919
502500 869 918
503000 869 917
503500 869 920
504000 869 921
504500 869 925
505000 869 921
505500 869 925
506000 869 922
506500 869 922
507000 869 914
507500 869 919
508000 869 919
508500 869 920
509000 869 923
509500 869 912
510000 869 920
510500 869 917
511000 869 919
511500 869 923
512000 869 925
512500 869 916
513000 869 915
513500 869 911
514000 869 922
514500 869 922
515000 869 923
515500 869 919
516000 869 927
516500 869 924
517000 869 925
517500 869 925
518000 869 913
518500 869 915
519000 869 916
519500 869 919
520000 869 916
520500 869 924
521000 869 923
521500 869 914
522000 869 920
522500 869 918
523000 869 919
523500 869 918
524000 869 921
524500 869 923
525000 869 917
525500 869 922
526000 869 912
526500 869 911
527000 869 920
527500 869 918
528000 869 918
528500 869 915
529000 869 916
529500 869 921
530000 869 921
530500 869 916
531000 869 922
531500 869 912
532000 869 911
532500 869 917
533000 869 928
533500 869 929
534000 869 921
534500 869 921
535000 869 919
535500 869 916
536000 869 916
536500 869 923
537000 869 906
537500 869 916
538000 869 907
538500 869 917
539000 869 915
539500 869 922
540000 869 918
540500 869 917
541000 869 918
541500 869 925
542000 869 919
542500 869 918
543000 869 921
543500 869 922
544000 869 921
544500 869 915
545000 869 917
545500 869 926
546000 869 926
546500 869 916
547000 869 926
547500 869 916
548000 869 914
548500 869 922
549000 869 917
549500 869 915
550000 869 924
550500 869 919
551000 869 919
551500 869 913
552000 869 919
552500 869 928
553000 869 916
553500 869 922
554000 869 919
554500 869 921
555000 869 921
555500 869 919
556000 869 922
556500 869 925
557000 869 920
557500 869 914
558000 869 925
558500 869 909
559000 869 923
559500 869 923
560000 869 922
560500 869 918
561000 869 923
561500 869 919
562000 869 920
562500 869 916
563000 869 918
563500 869 920
564000 869 923
564500 869 913
565000 869 918
565500 869 917
566000 869 924
566500 869 918
567000 869 922
567500 869 911
568000 869 915
568500 869 920
569000 869 927
569500 869 922
570000 869 916
570500 869 921
571000 869 927
571500 869 919
572000 869 921
572500 869 913
573000 869 918
573500 869 921
574000 869 924
574500 869 922
575000 869 921
575500 869 921
576000 869 920
576500 869 915
577000 869 922
577500 869 914
578000 869 919
578500 869 920
579000 869 916
579500 869 919
580000 869 915
580500 869 924
581000 869 923
581500 869 918
582000 869 919
582500 869 916
583000 869 922
583500 869 924
584000 869 923
584500 869 924
585000 869 922
585500 869 920
586000 869 913
586500 869 917
587000 869 910
587500 869 920
588000 869 917
588500 869 916
589000 869 918
589500 869 916
590000 869 918
590500 869 919
591000 869 919
591500 869 918
592000 869 915
592500 869 917
593000 869 918
593500 869 921
594000 869 920
594500 869 919
595000 869 921
595500 869 924
596000 869 916
596500 869 925
597000 869 924
597500 869 923
598000 869 921
598500 869 917
599000 869 922
599500 869 919
600000 869 918
600500 869 924
601000 869 917
601500 869 926
602000 869 919
602500 869 921
603000 869 918
603500 869 912
604000 869 922
604500 869 915
605000 869 919
605500 869 912
606000 869 927
606500 869 924
607000 869 916
607500 869 923
608000 869 921
608500 869 915
609000 869 925
609500 869 922
610000 869 917
610500 869 921
611000 869 917
611500 869 919
612000 869 914
612500 869 915
613000 869 920
613500 869 914
614000 869 913
614500 869 923
615000 869 920
615500 869 913
616000 869 911
616500 869 924
617000 869 913
617500 869 922
618000 869 923
618500 869 917
619000 869 913
619500 869 924
620000 869 923
620500 869 920
621000 869 914
621500 869 921
622000 869 924
622500 869 922
623000 869 913
623500 869 920
624000 869 923
624500 869 904
625000 869 918
625500 869 920
626000 869 924
626500 869 921
627000 869 922
627500 869 924
628000 869 919
628500 869 922
629000 869 914
629500 869 927
630000 869 916
630500 869 919
631000 869 918
631500 869 924
632000 869 922
632500 869 921
633000 869 920
633500 869 922
634000 869 923
634500 869 918
635000 869 917
635500 869 916
636000 869 915
636500 869 922
637000 869 916
637500 869 916
638000 869 916
638500 869 919
639000 869 920
639500 869 920
640000 869 916
640500 869 915
641000 869 915
641500 869 919
642000 869 919
642500 869 916
643000 869 922
643500 869 917
644000 869 925
644500 869 919
645000 869 920
645500 869 921
646000 869 928
646500 869 919
647000 869 916
647500 869 914
648000 869 922
648500 869 925
649000 869 924
649500 869 924
650000 869 924
650500 869 930
651000 869 925
651500 869 921
652000 869 917
652500 869 924
653000 869 918
653500 869 920
654000 869 924
654500 869 924
655000 869 922
655500 869 925
656000 869 918
656500 869 924
657000 869 919
657500 869 926
658000 869 924
658500 869 918
659000 869 914
659500 869 925
660000 869 921
660500 869 915
661000 869 922
661500 869 920
662000 869 923
662500 869 926
663000 869 928
663500 869 922
664000 869 921
664500 869 927
665000 869 923
665500 869 925
666000 869 920
666500 869 922
667000 869 920
667500 869 916
668000 869 915
668500 869 918
669000 869 919
669500 869 919
670000 869 928
670500 869 918
671000 869 925
671500 869 923
672000 869 925
672500 869 923
673000 869 920
673500 869 920
674000 869 921
674500 869 916
675000 869 922
675500 869 921
676000 869 922
676500 869 919
677000 869 917
677500 869 921
678000 869 922
e
