0 888 920
500 888 917
1000 887 917
1500 887 915
2000 887 917
2500 887 917
3000 887 923
3500 887 918
4000 887 915
4500 887 920
5000 887 920
5500 887 925
6000 887 921
6500 887 926
7000 887 923
7500 887 918
8000 887 920
8500 887 921
9000 883 918
9500 883 916
10000 883 921
10500 883 917
11000 882 910
11500 878 920
12000 878 916
12500 878 915
13000 871 923
13500 871 924
14000 871 923
14500 871 914
15000 871 917
15500 871 920
16000 871 914
16500 871 923
17000 871 916
17500 871 920
18000 871 916
18500 871 917
19000 871 917
19500 871 914
20000 871 925
20500 871 920
21000 871 917
21500 871 921
22000 871 912
22500 871 918
23000 871 928
23500 871 919
24000 871 915
24500 871 924
25000 871 919
25500 871 919
26000 871 923
26500 871 928
27000 871 922
27500 871 913
28000 871 923
28500 871 921
29000 871 923
29500 871 924
30000 871 915
30500 871 920
31000 871 919
31500 871 918
32000 871 920
32500 871 921
33000 871 920
33500 871 917
34000 871 919
34500 871 925
35000 871 921
35500 871 916
36000 871 923
36500 871 922
37000 871 922
37500 871 922
38000 871 922
38500 871 919
39000 871 914
39500 871 926
40000 871 919
40500 871 926
41000 871 923
41500 871 919
42000 871 915
42500 871 919
43000 871 924
43500 871 928
44000 871 920
44500 871 923
45000 871 916
45500 871 917
46000 871 917
46500 871 920
47000 871 922
47500 871 926
48000 871 918
48500 871 917
49000 871 926
49500 871 922
50000 871 922
50500 871 921
51000 871 923
51500 864 922
52000 864 918
52500 864 920
53000 864 921
53500 864 914
54000 864 918
54500 864 916
55000 864 923
55500 864 920
56000 864 924
56500 864 922
57000 864 926
57500 864 924
58000 864 922
58500 864 922
59000 864 914
59500 864 921
60000 864 920
60500 864 922
61000 864 925
61500 864 915
62000 864 914
62500 864 917
63000 864 922
63500 864 921
64000 864 930
64500 864 920
65000 864 922
65500 864 924
66000 864 925
66500 864 915
67000 864 916
67500 864 923
68000 864 922
68500 864 916
69000 864 921
69500 864 920
70000 864 920
70500 864 916
71000 864 919
71500 864 925
72000 864 923
72500 864 922
73000 864 927
73500 864 929
74000 864 918
74500 864 911
75000 864 918
75500 864 916
76000 864 925
76500 864 912
77000 864 925
77500 864 924
78000 864 913
78500 864 915
79000 864 923
79500 864 921
80000 864 923
80500 864 917
81000 864 919
81500 864 920
82000 864 924
82500 864 921
83000 864 920
83500 864 922
84000 864 920
84500 864 915
85000 864 922
85500 864 924
86000 864 918
86500 864 924
87000 864 923
87500 864 922
88000 864 927
88500 864 926
89000 864 926
89500 864 917
90000 864 914
90500 864 915
91000 864 918
91500 864 917
92000 864 924
92500 864 915
93000 864 920
93500 864 922
94000 864 922
94500 864 922
95000 864 915
95500 864 923
96000 864 921
96500 864 919
97000 864 921
97500 864 919
98000 864 920
98500 864 914
99000 864 921
99500 864 915
100000 864 912
100500 864 922
101000 864 919
101500 864 923
102000 864 916
102500 864 919
103000 864 917
103500 864 919
104000 864 918
104500 864 918
105000 864 928
105500 864 926
106000 864 919
106500 864 921
107000 864 929
107500 864 914
108000 864 920
108500 864 920
109000 864 918
109500 864 923
110000 864 918
110500 864 919
111000 864 917
111500 864 917
112000 864 914
112500 864 922
113000 864 921
113500 864 916
114000 864 920
114500 864 917
115000 864 918
115500 864 912
116000 864 919
116500 864 914
117000 864 918
117500 864 908
118000 864 919
118500 864 918
119000 864 919
119500 864 921
120000 864 927
120500 864 919
121000 864 920
121500 864 921
122000 864 924
122500 864 926
123000 864 922
123500 864 923
124000 864 924
124500 864 919
125000 864 913
125500 864 921
126000 864 921
126500 864 917
127000 864 919
127500 864 923
128000 864 919
128500 864 919
129000 864 914
129500 864 917
130000 864 925
130500 864 920
131000 864 928
131500 864 923
132000 864 920
132500 864 915
133000 864 922
133500 864 923
134000 864 918
134500 864 915
135000 864 921
135500 864 913
136000 864 920
136500 864 916
137000 864 915
137500 864 920
138000 864 912
138500 864 913
139000 864 911
139500 864 921
140000 864 921
140500 864 924
141000 864 915
141500 864 919
142000 864 922
142500 864 917
143000 864 912
143500 864 924
144000 864 923
144500 864 924
145000 864 919
145500 864 919
146000 864 922
146500 864 924
147000 864 925
147500 864 919
148000 864 920
148500 864 920
149000 864 921
149500 864 921
150000 864 909
150500 864 912
151000 864 919
151500 864 921
152000 864 923
152500 864 923
153000 864 920
153500 864 918
154000 864 916
154500 864 910
155000 864 926
155500 864 924
156000 864 920
156500 864 923
157000 864 920
157500 864 922
158000 864 930
158500 864 927
159000 864 919
159500 864 920
160000 864 922
160500 864 919
161000 864 913
161500 864 919
162000 864 915
162500 864 911
163000 864 916
163500 864 917
164000 864 923
164500 864 925
165000 864 912
165500 864 908
166000 864 915
166500 864 922
167000 864 926
167500 864 922
168000 864 917
168500 864 915
169000 864 917
169500 864 919
170000 864 921
170500 864 919
171000 864 925
171500 864 921
172000 864 919
172500 864 927
173000 864 926
173500 864 923
174000 864 922
174500 864 918
175000 864 922
175500 864 913
176000 864 923
176500 864 920
177000 864 919
177500 864 913
178000 864 929
178500 864 913
179000 864 916
179500 864 911
180000 864 926
180500 864 919
181000 864 925
181500 864 928
182000 864 922
182500 864 925
183000 864 919
183500 864 919
184000 864 919
184500 864 923
185000 864 917
185500 864 920
186000 864 926
186500 864 923
187000 864 917
187500 864 914
188000 864 919
188500 864 920
189000 864 920
189500 864 921
190000 864 924
190500 864 920
191000 864 925
191500 864 917
192000 864 919
192500 864 917
193000 864 913
193500 864 925
194000 864 916
194500 864 920
195000 864 923
195500 864 916
196000 864 927
196500 864 925
197000 864 925
197500 864 916
198000 864 922
198500 864 922
199000 864 927
199500 864 917
200000 864 924
200500 864 916
201000 864 913
201500 864 919
202000 864 921
202500 864 923
203000 864 925
203500 864 913
204000 864 910
204500 864 919
205000 864 917
205500 864 918
206000 864 917
206500 864 915
207000 864 919
207500 864 921
208000 864 920
208500 864 914
209000 864 912
209500 864 929
210000 864 917
210500 864 917
211000 864 912
211500 864 912
212000 864 919
212500 864 919
213000 864 921
213500 864 915
214000 864 918
214500 864 916
215000 864 924
215500 864 923
216000 864 918
216500 864 916
217000 864 919
217500 864 927
218000 864 919
218500 864 920
219000 864 924
219500 864 917
220000 864 915
220500 864 906
221000 864 923
221500 864 923
222000 864 925
222500 864 921
223000 864 930
223500 864 926
224000 864 928
224500 864 923
225000 864 924
225500 864 918
226000 864 916
226500 864 921
227000 864 919
227500 864 917
228000 864 908
228500 864 916
229000 864 924
229500 864 917
230000 864 920
230500 864 925
231000 864 920
231500 864 924
232000 864 921
232500 864 928
233000 864 926
233500 864 922
234000 864 914
234500 864 922
235000 864 921
235500 864 917
236000 864 922
236500 864 926
237000 864 920
237500 864 923
238000 864 928
238500 864 928
239000 864 927
239500 864 921
240000 864 919
240500 864 919
241000 864 914
241500 864 915
242000 864 915
242500 864 922
243000 864 919
243500 864 917
244000 864 919
244500 864 921
245000 864 921
245500 864 923
246000 864 919
246500 864 924
247000 864 918
247500 864 922
248000 864 923
248500 864 912
249000 864 912
249500 864 918
250000 864 920
250500 864 920
251000 864 924
251500 864 919
252000 864 916
252500 864 924
253000 864 917
253500 864 920
254000 864 923
254500 864 914
255000 864 917
255500 864 917
256000 864 924
256500 864 928
257000 864 917
257500 864 914
258000 864 916
258500 864 923
259000 864 921
259500 864 913
260000 864 923
260500 864 924
261000 864 911
261500 864 914
262000 864 923
262500 864 927
263000 864 921
263500 864 924
264000 864 922
264500 864 919
265000 864 913
265500 864 920
266000 864 920
266500 864 918
267000 864 925
267500 864 915
268000 864 919
268500 864 926
269000 864 918
269500 864 923
270000 864 924
270500 864 916
271000 864 929
271500 864 931
272000 864 921
272500 864 916
273000 864 917
273500 864 924
274000 864 923
274500 864 918
275000 864 915
275500 864 924
276000 864 921
276500 864 916
277000 864 916
277500 864 919
278000 864 909
278500 864 918
279000 864 921
279500 864 928
280000 864 924
280500 864 922
281000 864 920
281500 864 918
282000 864 927
282500 864 920
283000 864 909
283500 864 919
284000 864 924
284500 864 919
285000 864 926
285500 864 917
286000 864 923
286500 864 915
287000 864 916
287500 864 914
288000 864 919
288500 864 918
289000 864 924
289500 864 929
290000 864 919
290500 864 918
291000 864 915
291500 864 915
292000 864 919
292500 864 915
293000 864 917
293500 864 923
294000 864 914
294500 864 920
295000 864 920
295500 864 922
296000 864 912
296500 864 914
297000 864 913
297500 864 915
298000 864 921
298500 864 911
299000 864 921
299500 864 916
300000 864 913
300500 864 921
301000 864 919
301500 864 922
302000 864 925
302500 864 919
303000 864 921
303500 864 919
304000 864 920
304500 864 917
305000 864 921
305500 864 922
306000 864 917
306500 864 915
307000 864 919
307500 864 924
308000 864 921
308500 864 920
309000 864 916
309500 864 918
310000 864 914
310500 864 921
311000 864 911
311500 864 920
312000 864 924
312500 864 921
313000 864 913
313500 864 921
314000 864 920
314500 864 914
315000 864 917
315500 864 918
316000 864 920
316500 864 909
317000 864 921
317500 864 920
318000 864 923
318500 864 915
319000 864 918
319500 864 922
320000 864 920
320500 864 927
321000 864 923
321500 864 923
322000 864 924
322500 864 927
323000 864 922
323500 864 922
324000 864 918
324500 864 922
325000 864 920
325500 864 923
326000 864 920
326500 864 925
327000 864 928
327500 864 919
328000 864 916
328500 864 922
329000 864 918
329500 864 919
330000 864 923
330500 864 919
331000 864 924
331500 864 925
332000 864 925
332500 864 924
333000 864 914
333500 864 926
334000 864 923
334500 864 925
335000 864 922
335500 864 924
336000 864 920
336500 864 920
337000 864 918
337500 864 917
338000 864 923
338500 864 926
339000 864 917
339500 864 920
340000 864 916
340500 864 917
341000 864 914
341500 864 918
342000 864 919
342500 864 920
343000 864 920
343500 864 919
344000 864 919
344500 864 919
345000 864 917
345500 864 922
346000 864 929
346500 864 917
347000 864 913
347500 864 923
348000 864 922
348500 864 923
349000 864 926
349500 864 923
350000 864 920
350500 864 923
351000 864 925
351500 864 923
352000 864 922
352500 864 919
353000 864 915
353500 864 929
354000 864 923
354500 864 915
355000 864 917
355500 864 919
356000 864 921
356500 864 919
357000 864 918
357500 864 920
358000 864 920
358500 864 923
359000 864 927
359500 864 923
360000 864 909
360500 864 914
361000 864 916
361500 864 915
362000 864 915
362500 864 921
363000 864 925
363500 864 911
364000 864 924
364500 864 918
365000 864 923
365500 864 924
366000 864 915
366500 864 920
367000 864 923
367500 864 926
368000 864 923
368500 864 924
369000 864 918
369500 864 919
370000 864 914
370500 864 923
371000 864 922
371500 864 919
372000 864 919
372500 864 921
373000 864 922
373500 864 912
374000 864 909
374500 864 923
375000 864 917
375500 864 916
376000 864 922
376500 864 913
377000 864 917
377500 864 914
378000 864 923
378500 864 923
379000 864 917
379500 864 920
380000 864 921
380500 864 922
381000 864 916
381500 864 914
382000 864 922
382500 864 920
383000 864 919
383500 864 916
384000 864 923
384500 864 913
385000 864 919
385500 864 921
386000 864 918
386500 864 924
387000 864 914
387500 864 912
388000 864 915
388500 864 923
389000 864 922
389500 864 917
390000 864 921
390500 864 920
391000 864 911
391500 864 921
392000 864 915
392500 864 924
393000 864 916
393500 864 919
394000 864 919
394500 864 925
395000 864 920
395500 864 920
396000 864 919
396500 864 921
397000 864 922
397500 864 920
398000 864 917
398500 864 925
399000 864 919
399500 864 921
400000 864 918
400500 864 920
401000 864 922
401500 864 921
402000 864 924
402500 864 921
403000 864 916
403500 864 916
404000 864 918
404500 864 924
405000 864 926
405500 864 918
406000 864 920
406500 864 919
407000 864 920
407500 864 928
408000 864 926
408500 864 918
409000 864 915
409500 864 925
410000 864 917
410500 864 913
411000 864 915
411500 864 925
412000 864 916
412500 864 922
413000 864 916
413500 864 909
414000 864 923
414500 864 917
415000 864 920
415500 864 919
416000 864 916
416500 864 918
417000 864 919
417500 864 918
418000 864 921
418500 864 920
419000 864 920
419500 864 914
420000 864 907
420500 864 915
421000 864 928
421500 864 926
422000 864 922
422500 864 920
423000 864 923
423500 864 920
424000 864 913
424500 864 911
425000 864 916
425500 864 926
426000 864 918
426500 864 914
427000 864 919
427500 864 914
428000 864 923
428500 864 920
429000 864 923
429500 864 917
430000 864 915
430500 864 915
431000 864 927
431500 864 917
432000 864 922
432500 864 924
433000 864 923
433500 864 925
434000 864 919
434500 864 918
435000 864 914
435500 864 917
436000 864 922
436500 864 922
437000 864 923
437500 864 918
438000 864 919
438500 864 923
439000 864 923
439500 864 921
440000 864 928
440500 864 921
441000 864 922
441500 864 914
442000 864 908
442500 864 915
443000 864 915
443500 864 921
444000 864 922
444500 864 924
445000 864 910
445500 864 919
446000 864 914
446500 864 916
447000 864 922
447500 864 919
448000 864 921
448500 864 923
449000 864 920
449500 864 920
450000 864 915
450500 864 913
451000 864 918
451500 864 920
452000 864 923
452500 864 917
453000 864 922
453500 864 908
454000 864 927
454500 864 920
455000 864 920
455500 864 921
456000 864 921
456500 864 923
457000 864 923
457500 864 917
458000 864 921
458500 864 913
459000 864 924
459500 864 921
460000 864 915
460500 864 917
461000 864 926
461500 864 926
462000 864 923
462500 864 917
463000 864 912
463500 864 923
464000 864 919
464500 864 916
465000 864 924
465500 864 914
466000 864 915
466500 864 917
467000 864 919
467500 864 915
468000 864 913
468500 864 918
469000 864 923
469500 864 921
470000 864 915
470500 864 913
471000 864 912
471500 864 911
472000 864 922
472500 864 921
473000 864 924
473500 864 916
474000 864 919
474500 864 923
475000 864 923
475500 864 924
476000 864 916
476500 864 920
477000 864 926
477500 864 920
478000 864 923
478500 864 917
479000 864 910
479500 864 906
480000 864 915
480500 864 921
481000 864 925
481500 864 927
482000 864 917
482500 864 922
483000 864 921
483500 864 916
484000 864 915
484500 864 913
485000 864 917
485500 864 922
486000 864 919
486500 864 929
487000 864 922
487500 864 916
488000 864 922
488500 864 921
489000 864 926
489500 864 928
490000 864 919
490500 864 915
491000 864 923
491500 864 915
492000 864 919
492500 864 925
493000 864 919
493500 864 915
494000 864 922
494500 864 924
495000 864 918
495500 864 926
496000 864 926
496500 864 919
497000 864 921
497500 864 919
498000 864 922
498500 864 918
499000 864 919
499500 864 921
500000 864 920
500500 864 913
501000 864 915
501500 864 918
502000 864 925
502500 864 918
503000 864 922
503500 864 924
504000 864 927
504500 864 921
505000 864 917
505500 864 920
506000 864 921
506500 864 917
507000 864 923
507500 864 919
508000 864 910
508500 864 921
509000 864 918
509500 864 925
510000 864 921
510500 864 926
511000 864 925
511500 864 924
512000 864 926
512500 864 927
513000 864 922
513500 864 922
514000 864 917
514500 864 921
515000 864 916
515500 864 919
516000 864 923
516500 864 916
517000 864 926
517500 864 920
518000 864 924
518500 864 919
519000 864 926
519500 864 922
520000 864 921
520500 864 920
521000 864 912
521500 864 930
522000 864 931
522500 864 923
523000 864 922
523500 864 920
524000 864 923
524500 864 917
525000 864 924
525500 864 920
526000 864 920
526500 864 924
527000 864 921
527500 864 922
528000 864 920
528500 864 916
529000 864 915
529500 864 918
530000 864 920
530500 864 922
531000 864 923
531500 864 925
532000 864 924
532500 864 926
533000 864 916
533500 864 914
534000 864 925
534500 864 920
535000 864 923
535500 864 928
536000 864 918
536500 864 919
537000 864 915
537500 864 916
538000 864 911
538500 864 914
539000 864 923
539500 864 923
540000 864 919
540500 864 910
541000 864 927
541500 864 924
542000 864 920
542500 864 916
543000 864 925
543500 864 924
544000 864 920
544500 864 916
545000 864 922
545500 864 917
546000 864 925
546500 864 924
547000 864 920
547500 864 916
548000 864 923
548500 864 923
549000 864 921
549500 864 920
550000 864 919
550500 864 918
551000 864 915
551500 864 917
552000 864 922
552500 864 907
553000 864 919
553500 864 924
554000 864 917
554500 864 922
555000 864 917
555500 864 913
556000 864 919
556500 864 921
557000 864 922
557500 864 922
558000 864 919
558500 864 910
559000 864 914
559500 864 914
560000 864 920
560500 864 924
561000 864 922
561500 864 920
562000 864 922
562500 864 924
563000 864 917
563500 864 914
564000 864 922
564500 864 918
565000 864 909
565500 864 911
566000 864 914
566500 864 927
567000 864 920
567500 864 918
568000 864 919
568500 864 914
569000 864 925
569500 864 923
570000 864 915
570500 864 921
571000 864 921
571500 864 922
572000 864 914
572500 864 924
573000 864 919
573500 864 927
574000 864 924
574500 864 922
575000 864 922
575500 864 916
576000 864 920
576500 864 920
577000 864 922
577500 864 921
578000 864 923
578500 864 921
579000 864 925
579500 864 924
580000 864 925
580500 864 920
581000 864 920
581500 864 923
582000 864 924
582500 864 922
583000 864 912
583500 864 924
584000 864 917
584500 864 918
585000 864 912
585500 864 916
586000 864 917
586500 864 915
587000 864 924
587500 864 921
588000 864 920
588500 864 916
589000 864 922
589500 864 915
590000 864 911
590500 864 929
591000 864 923
591500 864 920
592000 864 917
592500 864 926
593000 864 926
593500 864 912
594000 864 914
594500 864 917
595000 864 922
595500 864 921
596000 864 917
596500 864 914
597000 864 919
597500 864 914
598000 864 920
598500 864 916
599000 864 922
599500 864 920
600000 864 921
600500 864 909
601000 864 924
601500 864 922
602000 864 917
602500 864 916
603000 864 919
603500 864 915
604000 864 923
604500 864 923
605000 864 923
605500 864 919
606000 864 921
606500 864 923
607000 864 917
607500 864 920
608000 864 923
608500 864 915
609000 864 925
609500 864 912
610000 864 923
610500 864 922
611000 864 917
611500 864 923
612000 864 919
612500 864 917
613000 864 915
613500 864 921
614000 864 923
614500 864 921
615000 864 915
615500 864 914
616000 864 923
616500 864 913
617000 864 920
617500 864 927
618000 864 928
618500 864 917
619000 864 908
619500 864 914
620000 864 921
620500 864 920
621000 864 925
621500 864 921
622000 864 921
622500 864 921
623000 864 919
623500 864 924
624000 864 922
624500 864 916
625000 864 918
625500 864 915
626000 864 924
626500 864 919
627000 864 920
627500 864 926
628000 864 919
628500 864 917
629000 864 915
629500 864 925
630000 864 912
630500 864 921
631000 864 918
631500 864 916
632000 864 917
632500 864 917
633000 864 921
633500 864 923
634000 864 922
634500 864 928
635000 864 920
635500 864 923
636000 864 922
636500 864 918
637000 864 926
637500 864 924
638000 864 918
638500 864 912
639000 864 922
639500 864 911
640000 864 925
640500 864 920
641000 864 915
641500 864 921
642000 864 922
642500 864 924
643000 864 917
643500 864 925
644000 864 915
644500 864 920
645000 864 925
645500 864 913
646000 864 907
646500 864 915
647000 864 924
647500 864 922
648000 864 922
648500 864 916
649000 864 916
649500 864 916
650000 864 916
650500 864 925
651000 864 924
651500 864 914
652000 864 920
652500 864 924
653000 864 915
653500 864 917
654000 864 922
654500 864 911
655000 864 915
655500 864 914
656000 864 921
656500 864 916
657000 864 917
657500 864 917
658000 864 926
658500 864 918
659000 864 922
659500 864 919
660000 864 914
660500 864 921
661000 864 921
661500 864 922
662000 864 918
662500 864 923
663000 864 924
663500 864 923
664000 864 917
664500 864 921
665000 864 921
665500 864 913
666000 864 920
666500 864 917
667000 864 913
667500 864 924
668000 864 910
668500 864 917
669000 864 927
669500 864 918
670000 864 917
670500 864 917
671000 864 923
671500 864 925
672000 864 922
672500 864 919
673000 864 917
673500 864 914
674000 864 922
674500 864 910
675000 864 916
675500 864 924
676000 864 921
676500 864 921
677000 864 922
677500 864 923
678000 864 922
678500 864 926
679000 864 914
679500 864 921
680000 864 916
680500 864 926
681000 864 921
681500 864 921
682000 864 918
682500 864 925
683000 864 918
683500 864 919
684000 864 922
684500 864 920
685000 864 916
685500 864 912
686000 864 913
686500 864 918
687000 864 911
687500 864 913
688000 864 923
688500 864 924
689000 864 922
689500 864 922
690000 864 922
690500 864 922
691000 864 922
691500 864 928
692000 864 928
692500 864 925
693000 864 928
693500 864 917
694000 864 912
694500 864 921
e
