0 888 919
500 877 919
1000 877 918
1500 877 920
2000 877 920
2500 877 918
3000 877 918
3500 871 920
4000 871 921
4500 871 919
5000 871 920
5500 871 920
6000 871 922
6500 871 920
7000 871 918
7500 871 920
8000 871 919
8500 871 919
9000 871 919
9500 871 921
10000 871 921
10500 871 918
11000 871 920
11500 871 918
12000 871 919
12500 871 919
13000 871 919
13500 871 917
14000 871 921
14500 871 921
15000 871 921
15500 871 920
16000 871 921
16500 871 917
17000 871 921
17500 871 921
18000 871 917
18500 871 921
19000 871 919
19500 871 917
20000 871 919
20500 871 918
21000 871 919
21500 871 919
22000 871 919
22500 871 921
23000 871 920
23500 870 920
24000 870 920
24500 870 918
25000 870 919
25500 870 919
26000 870 917
26500 870 918
27000 870 920
27500 870 922
28000 870 918
28500 870 920
29000 870 920
29500 870 921
30000 870 919
30500 870 918
31000 870 920
31500 870 922
32000 870 920
32500 870 920
33000 870 919
33500 870 921
34000 870 919
34500 870 918
35000 870 919
35500 870 920
36000 870 920
36500 870 921
37000 870 917
37500 870 920
38000 870 920
38500 870 918
39000 870 920
39500 870 920
40000 870 919
40500 870 918
41000 870 920
41500 870 918
42000 870 921
42500 870 919
43000 870 920
43500 870 920
44000 870 918
44500 870 919
45000 870 919
45500 870 922
46000 870 920
46500 870 918
47000 870 920
47500 870 920
48000 870 918
48500 870 921
49000 870 918
49500 870 919
50000 870 920
50500 870 918
51000 870 920
51500 870 919
52000 870 919
52500 870 918
53000 870 920
53500 870 918
54000 870 919
54500 870 918
55000 870 917
55500 870 917
56000 870 918
56500 870 922
57000 870 918
57500 870 918
58000 870 920
58500 870 919
59000 870 918
59500 870 921
60000 870 920
60500 870 922
61000 870 920
61500 870 921
62000 870 921
62500 870 919
63000 870 918
63500 870 916
64000 870 921
64500 870 919
65000 870 921
65500 870 919
66000 870 918
66500 870 919
67000 870 919
67500 870 919
68000 870 918
68500 870 922
69000 870 918
69500 870 919
70000 870 918
70500 870 919
71000 870 919
71500 870 921
72000 870 920
72500 870 921
73000 870 920
73500 870 918
74000 870 920
74500 870 918
75000 870 919
75500 870 919
76000 870 921
76500 870 919
77000 870 919
77500 870 917
78000 869 921
78500 869 920
79000 869 919
79500 869 920
80000 869 920
80500 869 921
81000 869 921
81500 869 918
82000 869 919
82500 869 920
83000 869 919
83500 869 916
84000 869 922
84500 869 920
85000 869 921
85500 869 920
86000 869 921
86500 869 919
87000 869 919
87500 869 919
88000 869 919
88500 869 923
89000 869 920
89500 869 919
90000 869 920
90500 869 921
91000 869 919
91500 869 922
92000 869 918
92500 869 919
93000 869 920
93500 869 918
94000 869 918
94500 869 920
95000 869 921
95500 869 918
96000 869 919
96500 869 922
97000 869 921
97500 869 919
98000 869 921
98500 869 920
99000 869 919
99500 869 919
100000 869 921
100500 869 921
101000 869 920
101500 869 918
102000 869 918
102500 869 921
103000 869 921
103500 869 920
104000 869 921
104500 869 920
105000 869 920
105500 869 919
106000 869 919
106500 868 920
107000 868 919
107500 868 921
108000 868 920
108500 868 916
109000 868 920
109500 868 920
110000 868 921
110500 868 921
111000 868 920
111500 868 920
112000 868 919
112500 868 921
113000 868 918
113500 868 923
114000 868 917
114500 868 920
115000 868 920
115500 868 919
116000 868 920
116500 857 921
117000 857 918
117500 857 920
118000 857 920
118500 857 919
119000 857 920
119500 857 919
120000 857 919
120500 857 919
121000 857 919
121500 857 921
122000 857 920
122500 857 918
123000 857 923
123500 857 920
124000 857 921
124500 857 918
125000 857 918
125500 857 922
126000 857 920
126500 857 917
127000 857 917
127500 857 920
128000 857 919
128500 857 920
129000 857 919
129500 857 921
130000 857 918
130500 857 920
131000 857 918
131500 857 918
132000 857 919
132500 857 920
133000 857 918
133500 857 921
134000 857 920
134500 857 922
135000 857 920
135500 857 921
136000 857 919
136500 857 920
137000 857 918
137500 857 920
138000 857 920
138500 857 921
139000 857 921
139500 857 917
140000 857 917
140500 857 920
141000 857 921
141500 857 918
142000 857 920
142500 857 921
143000 857 919
143500 857 919
144000 857 918
144500 857 920
145000 857 919
145500 857 919
146000 857 921
146500 857 920
147000 857 920
147500 857 918
148000 857 919
148500 857 920
149000 857 919
149500 857 919
150000 857 921
150500 857 921
151000 857 922
151500 857 920
152000 857 917
152500 857 919
153000 857 921
153500 857 917
154000 857 920
154500 857 918
155000 857 920
155500 857 923
156000 857 919
156500 857 921
157000 857 919
157500 857 919
158000 857 918
158500 857 921
159000 857 920
159500 857 920
160000 857 919
160500 857 918
161000 857 919
161500 857 917
162000 857 921
162500 857 921
163000 857 917
163500 857 919
164000 857 920
164500 857 919
165000 857 920
165500 857 920
166000 857 922
166500 857 920
167000 857 921
167500 857 920
168000 857 920
168500 857 919
169000 857 919
169500 857 920
170000 857 920
170500 857 920
171000 857 919
171500 857 922
172000 857 921
172500 857 919
173000 857 921
173500 857 921
174000 857 919
174500 857 920
175000 857 922
175500 857 919
176000 857 920
176500 857 918
177000 857 918
177500 857 918
178000 857 920
178500 857 920
179000 857 920
179500 857 919
180000 857 920
180500 857 920
181000 857 920
181500 857 919
182000 857 919
182500 857 917
183000 857 920
183500 857 917
184000 857 921
184500 857 919
185000 857 918
185500 857 918
186000 857 921
186500 857 920
187000 857 919
187500 857 919
188000 857 921
188500 857 918
189000 857 921
189500 857 918
190000 857 919
190500 857 922
191000 857 921
191500 857 919
192000 857 921
192500 857 921
193000 857 919
193500 857 919
194000 857 920
194500 857 918
195000 857 919
195500 857 920
196000 857 918
196500 857 920
197000 857 919
197500 857 920
198000 857 918
198500 857 920
199000 857 921
199500 857 918
200000 857 918
200500 857 918
201000 857 920
201500 857 919
202000 857 920
202500 857 921
203000 857 920
203500 857 918
204000 857 920
204500 857 921
205000 857 920
205500 857 919
206000 857 918
206500 857 917
207000 857 920
207500 857 923
208000 857 922
208500 857 919
209000 857 921
209500 857 922
210000 857 920
210500 857 921
211000 857 922
211500 857 920
212000 857 916
212500 857 922
213000 857 918
213500 857 917
214000 857 918
214500 857 920
215000 857 921
215500 857 921
216000 857 918
216500 857 918
217000 857 922
217500 857 917
218000 857 921
218500 857 922
219000 857 917
219500 857 922
220000 857 922
220500 857 919
221000 857 919
221500 857 918
222000 857 919
222500 857 920
223000 857 918
223500 857 918
224000 857 917
224500 857 922
225000 857 917
225500 857 918
226000 857 919
226500 857 918
227000 857 920
227500 857 918
228000 857 917
228500 857 921
229000 857 920
229500 857 920
230000 857 921
230500 857 919
231000 857 920
231500 857 921
232000 857 918
232500 857 916
233000 857 919
233500 857 919
234000 857 921
234500 857 917
235000 857 919
235500 857 921
236000 857 921
236500 857 920
237000 857 920
237500 857 917
238000 857 919
238500 857 920
239000 857 918
239500 857 918
240000 857 921
240500 857 918
241000 857 919
241500 857 919
242000 857 920
242500 857 920
243000 857 920
243500 857 919
244000 857 921
244500 857 918
245000 857 919
245500 857 919
246000 857 919
246500 857 920
247000 857 920
247500 857 918
248000 857 921
248500 857 919
249000 857 920
249500 857 921
250000 857 921
250500 857 920
251000 857 920
251500 857 919
252000 857 920
252500 857 917
253000 857 918
253500 857 919
254000 857 921
254500 857 919
255000 857 919
255500 857 919
256000 857 919
256500 857 920
257000 857 922
257500 857 919
258000 857 921
258500 857 921
259000 857 919
259500 857 918
260000 857 919
260500 857 922
261000 857 920
261500 857 918
262000 857 920
262500 857 919
263000 857 917
263500 857 919
264000 857 919
264500 857 920
265000 857 920
265500 857 920
266000 857 920
266500 857 923
267000 857 920
267500 857 920
268000 857 922
268500 857 919
269000 857 920
269500 857 917
270000 857 920
270500 857 919
271000 857 920
271500 857 920
272000 857 921
272500 857 919
273000 857 919
273500 857 920
274000 857 918
274500 857 920
275000 857 919
275500 857 922
276000 857 919
276500 857 919
277000 857 920
277500 857 920
278000 857 920
278500 857 920
279000 857 919
279500 857 921
280000 857 921
280500 857 922
281000 857 921
281500 857 921
282000 857 919
282500 857 921
283000 857 918
283500 857 919
284000 857 920
284500 857 922
285000 857 919
285500 857 922
286000 857 919
286500 857 918
287000 857 920
287500 857 919
288000 857 920
288500 857 919
289000 857 918
289500 857 918
290000 857 919
290500 857 918
291000 857 919
291500 857 918
292000 857 920
292500 857 918
293000 857 920
293500 857 920
294000 857 921
294500 857 918
295000 857 915
295500 857 919
296000 857 920
296500 857 917
297000 857 920
297500 857 921
298000 857 919
298500 857 918
299000 857 919
299500 857 921
300000 857 921
300500 857 918
301000 857 918
301500 857 923
302000 857 921
302500 857 920
303000 857 918
303500 857 919
304000 857 919
304500 857 919
305000 857 922
305500 857 918
306000 857 919
306500 857 922
307000 857 920
307500 857 922
308000 857 919
308500 857 918
309000 857 922
309500 857 920
310000 857 920
310500 857 918
311000 857 922
311500 857 922
312000 857 921
312500 857 920
313000 857 919
313500 857 919
314000 857 919
314500 857 918
315000 857 918
315500 857 920
316000 857 919
316500 857 918
317000 857 919
317500 857 920
318000 857 921
318500 857 921
319000 857 919
319500 857 921
320000 857 921
320500 857 919
321000 857 919
321500 857 918
322000 857 921
322500 857 921
323000 857 916
323500 857 920
324000 857 920
324500 857 920
325000 857 921
325500 857 920
326000 857 916
326500 857 919
327000 857 920
327500 857 920
328000 857 919
328500 857 919
329000 857 920
329500 857 919
330000 857 921
330500 857 921
331000 857 920
331500 857 918
332000 857 921
332500 857 920
333000 857 920
333500 857 920
334000 857 923
334500 857 922
335000 857 921
335500 857 920
336000 857 920
336500 857 917
337000 857 920
337500 857 922
338000 857 919
338500 857 920
339000 857 922
339500 857 919
340000 857 920
340500 857 920
341000 857 919
341500 857 921
342000 857 919
342500 857 919
343000 857 916
343500 857 919
344000 857 922
344500 857 921
345000 857 919
345500 857 920
346000 857 922
346500 857 920
347000 857 919
347500 857 920
348000 857 919
348500 857 920
349000 857 920
349500 857 920
350000 857 920
350500 857 918
351000 857 920
351500 857 919
352000 857 920
352500 857 920
353000 857 918
353500 857 919
354000 857 921
354500 857 920
355000 857 920
355500 857 919
356000 857 918
356500 857 919
357000 857 920
357500 857 918
358000 857 919
358500 857 920
359000 857 919
359500 857 919
360000 857 923
360500 857 917
361000 857 920
361500 857 920
362000 857 919
362500 857 920
363000 857 918
363500 857 920
364000 857 918
364500 857 919
365000 857 918
365500 857 920
366000 857 920
366500 857 921
367000 857 918
367500 857 921
368000 857 919
368500 857 922
369000 857 922
369500 857 918
370000 857 918
370500 857 919
371000 857 918
371500 857 918
372000 857 919
372500 857 921
373000 857 919
373500 857 917
374000 857 917
374500 857 919
375000 857 919
375500 857 921
376000 857 920
376500 857 919
377000 857 919
377500 857 918
378000 857 921
378500 857 921
379000 857 921
379500 857 919
380000 857 920
380500 857 919
381000 857 919
381500 857 919
382000 857 921
382500 857 920
383000 857 921
383500 857 919
384000 857 917
384500 857 919
385000 857 921
385500 857 920
386000 857 919
386500 857 919
387000 857 922
387500 857 921
388000 857 920
388500 857 922
389000 857 921
389500 857 918
390000 857 919
390500 857 919
391000 857 918
391500 857 922
392000 857 919
392500 857 918
393000 857 920
393500 857 921
394000 857 919
394500 857 920
395000 857 919
395500 857 918
396000 857 920
396500 857 918
397000 857 921
397500 857 920
398000 857 919
398500 857 920
399000 857 922
399500 857 920
400000 857 917
400500 857 920
401000 857 920
401500 857 920
402000 857 920
402500 857 918
403000 857 918
403500 857 918
404000 857 921
404500 857 919
405000 857 922
405500 857 920
406000 857 918
406500 857 920
407000 857 919
407500 857 920
408000 857 921
408500 857 916
409000 857 918
409500 857 920
410000 857 921
410500 857 921
411000 857 917
411500 857 919
412000 857 916
412500 857 917
413000 857 922
413500 857 918
414000 857 917
414500 857 920
415000 857 920
415500 857 919
416000 857 919
416500 857 916
417000 857 920
417500 857 922
418000 857 921
418500 857 923
419000 857 920
419500 857 919
420000 857 920
420500 857 919
421000 857 917
421500 857 918
e
